#Parameters = {C=5e-15; L=3e-08; a=4000; eps_eff=6; r_i=90; r_o=182; t=0.1}
#"Frequency / GHz"	"Z1,1 [Real/Imaginary Part] [Re]"	"Z1,1 [Real/Imaginary Part] [Im]"
#-------------------------------------------------------------------------------------
1.0000000000000	-1159.2036098821	-2172.0337437716
1.4989999532700	-582.74455098390	-1656.5556613425
1.9980000257492	-339.50874931892	-1308.3745798131
2.4969999790192	-217.92716501355	-1072.9768405089
2.9960000514984	-149.29428918626	-906.39947887666
3.4949998855591	-107.01428762186	-783.27673323301
3.9939999580383	-79.228567397923	-688.92551543673
4.4930000305176	-60.043963729283	-614.46826146887
4.9920001029968	-46.275463662151	-554.28372874472
5.4910001754761	-36.084909177097	-504.66093355168
5.9899997711182	-28.351007238376	-463.06100117888
6.4889998435974	-22.360153482236	-427.69163095876
6.9879999160767	-17.640514097826	-397.25360821482
7.4869999885559	-13.870232817119	-370.78318542828
7.9860000610352	-10.823058713584	-347.55066885605
8.4849996566772	-8.3371921066727	-326.99372203713
8.9840002059937	-6.2937768042098	-308.67239900059
9.4829998016357	-4.6044622863113	-292.23739722529
9.9820003509521	-3.2014316884776	-277.40781559651
10.480999946594	-2.0332246464049	-263.95552937045
10.979999542236	-1.0592016224029	-251.69308253674
11.479000091553	-0.24747231668041	-240.46521324497
11.977999687195	0.42771915935108	-230.14205660714
12.477000236511	0.98698687564824	-220.61425485363
12.975999832153	1.4472938644211	-211.78906685586
13.475000381470	1.8225779929544	-203.58726936458
13.973999977112	2.1244730450837	-195.94093838862
14.472999572754	2.3627884255888	-188.79124580267
14.972000122070	2.5458707616919	-182.08722016975
15.470999717712	2.6807925007357	-175.78440136530
15.970000267029	2.7737467749251	-169.84385582107
16.468999862671	2.8300275238482	-164.23130833551
16.968000411987	2.8544013543580	-158.91652099876
17.466999053955	2.8510057148653	-153.87282661215
17.965999603271	2.8235403285603	-149.07641538159
18.465000152588	2.7753572272499	-144.50612037589
18.964000701904	2.7094147473833	-140.14307401210
19.462999343872	2.6284503324238	-135.97043506534
19.961999893188	2.5349103921938	-131.97299840882
20.461000442505	2.4310898456566	-128.13722480880
20.959999084473	2.3189713898156	-124.45089215873
21.458999633789	2.2005061723685	-120.90299133762
21.958000183105	2.0773442781704	-117.48361859833
22.457000732422	1.9510795356425	-114.18383451451
22.955999374390	1.8231425596925	-110.99550136925
23.454999923706	1.6948030573870	-107.91138077875
23.954000473022	1.5672444803664	-104.92480827144
24.452999114990	1.4414923614354	-102.02977181520
24.951999664307	1.3184830408450	-99.220859435981
25.451000213623	1.1990620126430	-96.493112369140
25.950000762939	1.0839263894111	-93.841996483917
26.448999404907	0.97368154373369	-91.263401310769
26.947999954224	0.86886484736779	-88.753662206767
27.447000503540	0.76988978875270	-86.309205892916
27.945999145508	0.67711409401827	-83.927090846279
28.444999694824	0.59078556498984	-81.604221420181
28.944000244141	0.51111591349085	-79.338048108789
29.443000793457	0.43820910712906	-77.126103165118
29.941999435425	0.37212731846369	-74.966083374435
30.440999984741	0.31286666210555	-72.855876499065
30.940000534058	0.26037990648727	-70.793490856908
31.438999176025	0.21457295441153	-68.777049208887
31.937999725342	0.17529789774112	-66.804839073857
32.437000274658	0.14238462245356	-64.875161472242
32.936000823975	0.11562493338102	-62.986509342690
33.435001373291	0.094795557777018	-61.137360600200
33.933998107910	0.079635425382213	-59.326322550434
34.432998657227	0.069886370745013	-57.552053568672
34.931999206543	0.065261278029575	-55.813204055150
35.430999755859	0.065471864234866	-54.108579035250
35.930000305176	0.070224372082202	-52.436968684918
36.429000854492	0.079217293784493	-50.797222515701
36.928001403809	0.092156200151819	-49.188200323921
37.426998138428	0.10874347451260	-47.608841092167
37.925998687744	0.12869001782246	-46.058109283365
38.424999237061	0.15171360933416	-44.534974104667
38.923999786377	0.17753579687417	-43.038409331967
39.423000335693	0.20588429477297	-41.567520527755
39.922000885010	0.23650664510717	-40.121346701573
40.421001434326	0.26915764503915	-38.698971775785
40.919998168945	0.30360389020063	-37.299539335086
41.418998718262	0.33961819698360	-35.922172192645
41.917999267578	0.37699490518081	-34.566051280007
42.416999816895	0.41553822449204	-33.230326448314
42.916000366211	0.45506622001146	-31.914256663155
43.415000915527	0.49540766029116	-30.617046351843
43.914001464844	0.53639966435252	-29.337936052037
44.412998199463	0.57790573895406	-28.076217434421
44.911998748779	0.61979400011841	-26.831166005074
45.410999298096	0.66194439348874	-25.602108555503
45.909999847412	0.70425419501804	-24.388348142593
46.409000396729	0.74662334966190	-23.189256069053
46.908000946045	0.78897683259478	-22.004192345647
47.407001495361	0.83123137715600	-20.832514751092
47.905998229980	0.87333883879671	-19.673640906583
48.404998779297	0.91524554051398	-18.526993780745
48.903999328613	0.95691243755198	-17.391996540924
49.402999877930	0.99831182934206	-16.268087270152
49.902000427246	1.0394246402919	-15.154739624688
50.401000976563	1.0802353053616	-14.051422403403
50.900001525879	1.1207563951157	-12.957643506685
51.398998260498	1.1609844346413	-11.872895216712
51.897998809814	1.2009417336318	-10.796697250044
52.396999359131	1.2406577565815	-9.7285980964179
52.895999908447	1.2801565732683	-8.6681273405041
53.395000457764	1.3194858447243	-7.6148648827795
53.894001007080	1.3586976605287	-6.5683719523923
54.393001556396	1.3978437873176	-5.5282441188142
54.891998291016	1.4369876817833	-4.4940704947102
55.390998840332	1.4762005212644	-3.4654646258421
55.889999389648	1.5155629617823	-2.4420556229526
56.388999938965	1.5551545349544	-1.4234795698431
56.888000488281	1.5950705236709	-0.40937190185400
57.387001037598	1.6354037261766	0.60060224133999
57.886001586914	1.6762567463862	1.6067650549351
58.384998321533	1.7177380072811	2.6094477148736
58.883998870850	1.7599624835977	3.6089492764443
59.382999420166	1.8030480732965	4.6055700028707
59.881999969482	1.8471181403813	5.5995851464879
60.381000518799	1.8923016413213	6.5912888319335
60.880001068115	1.9387344188643	7.5809198569103
61.379001617432	1.9865450674600	8.5687418987964
61.877998352051	2.0358863689613	9.5549902382194
62.376998901367	2.0868925799724	10.539883430487
62.875999450684	2.1397137011880	11.523659679366
63.375000000000	2.1945062632890	12.506509693422
63.874000549316	2.2514126914931	13.488622713430
64.373001098633	2.3105884158768	14.470203249995
64.872001647949	2.3721913588730	15.451396932264
65.371002197266	2.4363773040567	16.432390208221
65.870002746582	2.5032981093985	17.413312835305
66.369003295898	2.5731103399725	18.394306564051
66.867996215820	2.6459732409513	19.375516454753
67.366996765137	2.7220296094899	20.357049663606
67.865997314453	2.8014313999892	21.339005323308
68.364997863770	2.8843324300655	22.321491486068
68.863998413086	2.9708677475174	23.304611620089
69.362998962402	3.0611798416001	24.288431884297
69.861999511719	3.1554005194815	25.273023452138
70.361000061035	3.2536602466990	26.258454161595
70.860000610352	3.3560832038252	27.244794684779
71.359001159668	3.4627803636312	28.232085198943
71.858001708984	3.5738716195542	29.220404461095
72.357002258301	3.6894505175221	30.209766083379
72.856002807617	3.8096154501148	31.200228695572
73.355003356934	3.9344565310618	32.191820009758
73.853996276855	4.0640521603351	33.184599842981
74.352996826172	4.1984779217317	34.178606096048
74.851997375488	4.3377991947210	35.173889057842
75.350997924805	4.4820792895210	36.170500071917
75.849998474121	4.6313666826538	37.168474692731
76.348999023438	4.7857125012559	38.167866664975
76.847999572754	4.9451641372620	39.168774822846
77.347000122070	5.1097630479909	40.171250081470
77.846000671387	5.2795501619921	41.175369282509
78.345001220703	5.4545571851185	42.181245447482
78.844001770020	5.6348265064993	43.188951547970
79.343002319336	5.8204070622225	44.198622232668
79.842002868652	6.0113338763117	45.210388982824
80.341003417969	6.2076613258869	46.224348701476
80.839996337891	6.4094536232360	47.240686805737
81.338996887207	6.6167682940729	48.259550382250
81.837997436523	6.8296942342488	49.281097558746
82.336997985840	7.0483134284453	50.305505926022
82.835998535156	7.2727334073561	51.332994272068
83.334999084473	7.5030844764725	52.363714974802
83.833999633789	7.7394970191492	53.397902982928
84.333000183105	7.9821324595534	54.435739777534
84.832000732422	8.2311785722403	55.477451673889
85.331001281738	8.4868247946666	56.523249337536
85.830001831055	8.7493142483986	57.573339607785
86.329002380371	9.0188777915026	58.627937713905
86.828002929688	9.2957971405343	59.687252016038
87.327003479004	9.5803573037785	60.751460665347
87.825996398926	9.8728925955145	61.820770965109
88.324996948242	10.173732651719	62.895329334314
88.823997497559	10.483268960877	63.975344134313
89.322998046875	10.801880873836	65.060921356330
89.821998596191	11.129974146702	66.152185721407
90.320999145508	11.467985013458	67.249262634277
90.819999694824	11.816375293227	68.352213154485
91.319000244141	12.175608865780	69.461109294026
91.818000793457	12.546162857108	70.575979606285
92.317001342773	12.928553551402	71.696798349163
92.816001892090	13.323272158924	72.823544312587
93.315002441406	13.730854403379	73.956165657260
93.814002990723	14.151812129286	75.094561353690
94.313003540039	14.586689244062	76.238587630754
94.811996459961	15.035998923605	77.388117830848
95.310997009277	15.500249712047	78.542936157506
95.809997558594	15.980000701175	79.702819801786
96.308998107910	16.475738104428	80.867513281272
96.807998657227	16.987975577267	82.036753055632
97.306999206543	17.517195202255	83.210159143169
97.805999755859	18.063876941390	84.387441016505
98.305000305176	18.628467997237	85.568196170822
98.804000854492	19.211413107274	86.752052996969
99.303001403809	19.813138213970	87.938570566455
99.802001953125	20.434011399975	89.127323362736
100.30100250244	21.074416291446	90.317868785494
100.80000305176	21.734708581831	91.509730052103
101.29900360107	22.415197816765	92.702421608539
101.79799652100	23.116207194109	93.895502873228
102.29699707031	23.837997990184	95.088434619965
102.79599761963	24.580825894850	96.280755391741
103.29499816895	25.344951179167	97.471981017865
103.79399871826	26.130597804639	98.661623356859
104.29299926758	26.937962100909	99.849186622295
104.79199981689	27.767251894631	101.03420591487
105.29100036621	28.618657673593	102.21622036254
105.79000091553	29.492362467027	103.39477936001
106.28900146484	30.388589331037	104.56939462674
106.78800201416	31.307483345563	105.73963711421
107.28700256348	32.249269151613	106.90507787600
107.78600311279	33.214174732285	108.06523237916
108.28500366211	34.202407269022	109.21970154631
108.78399658203	35.214220571243	110.36797336406
109.28299713135	36.249870716920	111.50965508489
109.78199768066	37.309647766293	112.64423288167
110.28099822998	38.393858648918	113.77119401834
110.77999877930	39.502836997938	114.89000366951
111.27899932861	40.636944351115	116.00016918699
111.77799987793	41.796536098002	117.10101834041
112.27700042725	42.981996873904	118.19192588299
112.77600097656	44.193777762311	119.27218582282
113.27500152588	45.432229889637	120.34106337219
113.77400207520	46.697856466035	121.39767910689
114.27300262451	47.990999650213	122.44114378517
114.77200317383	49.312111857821	123.47047349064
115.27100372314	50.661557023601	124.48464370139
115.76999664307	52.039712473623	125.48243802524
116.26899719238	53.446870413609	126.46262239050
116.76799774170	54.883291990733	127.42392827500
117.26699829102	56.349176688483	128.36484584448
117.76599884033	57.844639151066	129.28394654060
118.26499938965	59.369680090585	130.17959639963
118.76399993896	60.924265364697	131.05011977009
119.26300048828	62.508126892516	131.89378736257
119.76200103760	64.120990614932	132.70882535692
120.26100158691	65.762332655879	133.49336127455
120.76000213623	67.431522649839	134.24547077959
121.25900268555	69.127793264098	134.96329518492
121.75800323486	70.850135432826	135.64490705771
122.25700378418	72.597426360824	136.28845480665
122.75599670410	74.368302320335	136.89202189458
123.25499725342	76.161268815128	137.45385430038
123.75399780273	77.974626056733	137.97218626126
124.25299835205	79.806526228973	138.44538388109
124.75199890137	81.654857814354	138.87195753775
125.25099945068	83.517466885252	139.25050789645
125.75000000000	85.391982904397	139.57990753427
126.24900054932	87.275900515169	139.85908117937
126.74800109863	89.166638287228	140.08719910846
127.24700164795	91.061497858100	140.26364767247
127.74600219727	92.957737349657	140.38806838543
128.24499511719	94.852540537138	140.46027536191
128.74400329590	96.743108435494	140.48038291315
129.24299621582	98.626626165825	140.44864369044
129.74200439453	100.50034512499	140.36572215730
130.24099731445	102.36154395330	140.23227576830
130.74000549316	104.20764304957	140.04942480669
131.23899841309	106.03615485777	139.81829543423
131.73800659180	107.84469149864	139.54034916272
132.23699951172	109.63110830106	139.21715212883
132.73599243164	111.39333911171	138.85032662174
133.23500061035	113.12957470864	138.44184256149
133.73399353027	114.83816764252	137.99361106721
134.23300170898	116.51768878947	137.50762133430
134.73199462891	118.16689282399	136.98598877256
135.23100280762	119.78476061775	136.43076117392
135.72999572754	121.37043323285	135.84399854713
136.22900390625	122.92326768009	135.22786363566
136.72799682617	124.44281338860	134.58431741172
137.22700500488	125.92872654258	133.91532858152
137.72599792480	127.38086401921	133.22277663858
138.22500610352	128.79918443371	132.50843285894
138.72399902344	130.18374222597	131.77401168618
139.22300720215	131.53472394834	131.02114945697
139.72200012207	132.85235905220	130.25120104345
140.22099304199	134.13693005916	129.46554088636
140.72000122070	135.38880340911	128.66551759002
141.21899414063	136.60823017182	127.85213344355
141.71800231934	137.79557718478	127.02650317883
142.21699523926	138.95120189608	126.18957301563
142.71600341797	140.07535974501	125.34218762791
143.21499633789	141.16832973161	124.48517184155
143.71400451660	142.23030518761	123.61920830386
144.21299743652	143.26143969223	122.74509098188
144.71200561523	144.26183484040	121.86342548240
145.21099853516	145.23156934517	120.97499595165
145.71000671387	146.17058467212	120.08037267030
146.20899963379	147.07889043937	119.18030220722
146.70799255371	147.95631257996	118.27548762626
147.20700073242	148.80277111411	117.36673262053
147.70599365234	149.61808992389	116.45486597470
148.20500183105	150.40205655242	115.54067551865
148.70399475098	151.15457360174	114.62526398027
149.20300292969	151.87542041789	113.70956378511
149.70199584961	152.56445233465	112.79466450430
150.20100402832	153.22155676313	111.88172846730
150.69999694824	153.84670436615	110.97203444824
151.19900512695	154.43989896414	110.06681755545
151.69799804688	155.00123800406	109.16753439788
152.19700622559	155.53089709044	108.27552463354
152.69599914551	156.02912316634	107.39220325152
153.19500732422	156.49633711363	106.51914341524
153.69400024414	156.93301501309	105.65776098356
154.19299316406	157.33977380718	104.80956241189
154.69200134277	157.71733414810	103.97600712753
155.19099426270	158.06658744238	103.15861106510
155.69000244141	158.38848299745	102.35874295248
156.18899536133	158.68407926956	101.57769931461
156.68800354004	158.95462687752	100.81687759727
157.18699645996	159.20144866369	100.07745565748
157.68600463867	159.42588157195	99.360472752849
158.18499755859	159.62944354174	98.666978968647
158.68400573730	159.81370778247	97.997884950109
159.18299865723	159.98027583869	97.353939427978
159.68200683594	160.13083963490	96.735799777066
160.18099975586	160.26709674924	96.143976598234
160.67999267578	160.39082659812	95.578893929043
161.17900085449	160.50371042985	95.040750524842
161.67799377441	160.60751001932	94.529661220233
162.17700195313	160.70399744894	94.045677703126
162.67599487305	160.79480204714	93.588587938620
163.17500305176	160.88164759555	93.158175593466
163.67399597168	160.96611419680	92.754054101106
164.17300415039	161.04972130357	92.375681492586
164.67199707031	161.13399463461	92.022517688490
165.17100524902	161.22030170480	91.693836367906
165.66999816895	161.30995305770	91.388894588546
166.16900634766	161.40421879187	91.106834729900
166.66799926758	161.50413978474	90.846692362882
167.16700744629	161.61081576185	90.607562763235
167.66600036621	161.72511120703	90.388404148129
168.16499328613	161.84783885673	90.188127407834
168.66400146484	161.97975912727	90.005730181649
169.16299438477	162.12142468812	89.840053970655
169.66200256348	162.27335564337	89.690055800969
170.16099548340	162.43590429270	89.554632504055
170.66000366211	162.60936674427	89.432689184050
171.15899658203	162.79401054145	89.323290190262
171.65800476074	162.98980989219	89.225297252728
172.15699768066	163.19686221200	89.137805058146
172.65600585938	163.41512159751	89.059958918956
173.15499877930	163.64437653355	88.990796901119
173.65400695801	163.88451261581	88.929662317231
174.15299987793	164.13521020533	88.875739841628
174.65199279785	164.39618542847	88.828400676231
175.15100097656	164.66711751726	88.787140803045
175.64999389648	164.94757445540	88.751382557467
176.14900207520	165.23726351127	88.720815706556
176.64799499512	165.53567747522	88.695022960916
177.14700317383	165.84252383930	88.673873020097
177.64599609375	166.15734062465	88.657128243853
178.14500427246	166.47981279803	88.644724077854
178.64399719238	166.80955421958	88.636668177438
179.14300537109	167.14630954426	88.633022165509
179.64199829102	167.48975175626	88.633828333942
180.14100646973	167.83977560094	88.639374147786
180.63999938965	168.19618100166	88.649813059445
181.13900756836	168.55879826805	88.665460277766
181.63800048828	168.92772569412	88.686503222800
182.13699340820	169.30312639291	88.713355642842
182.63600158691	169.68484022571	88.746342389265
183.13499450684	170.07333501425	88.785771112229
183.63400268555	170.46875333361	88.832007462690
184.13299560547	170.87150810251	88.885340181385
184.63200378418	171.28207844112	88.946049248662
185.13099670410	171.70075970152	89.014471410024
185.63000488281	172.12834272175	89.090733292172
186.12899780273	172.56535858220	89.175000166064
186.62800598145	173.01250015501	89.267479879173
187.12699890137	173.47048514182	89.368170457022
187.62600708008	173.94009240153	89.477069868287
188.12500000000	174.42212401607	89.594066253861
188.62399291992	174.91740140467	89.718991473663
189.12300109863	175.42678441831	89.851600762616
189.62199401855	175.95109730846	89.991547989845
190.12100219727	176.49128147542	90.138479204883
190.61999511719	177.04808391152	90.291795313552
191.11900329590	177.62237241910	90.450984811389
191.61799621582	178.21497347074	90.615381930593
192.11700439453	178.82663433183	90.784201546750
192.61599731445	179.45812863521	90.956686188922
193.11500549316	180.11001028331	91.131835684472
193.61399841309	180.78300856095	91.308776836862
194.11300659180	181.47759783254	91.486420140926
194.61199951172	182.19430042637	91.663718726272
195.11099243164	182.93346485721	91.839523735578
195.61000061035	183.69544841575	92.012653879440
196.10899353027	184.48049224559	92.181971286483
196.60800170898	185.28869604045	92.346181075862
197.10699462891	186.12010004079	92.504012550186
197.60600280762	186.97471246562	92.654300236122
198.10499572754	187.85231862062	92.795733662099
198.60400390625	188.75263706320	92.927019547729
199.10299682617	189.67549942035	93.047090693733
199.60200500488	190.62028421272	93.154620007219
200.10099792480	191.58662444519	93.248581639924
200.60000610352	192.57381034324	93.327791965939
201.09899902344	193.58121630792	93.391265300176
201.59800720215	194.60803787916	93.437968421741
202.09700012207	195.65356363244	93.467126613616
202.59599304199	196.71688086725	93.477884398906
203.09500122070	197.79697797509	93.469432740310
203.59399414063	198.89307889180	93.441267221688
204.09300231934	200.00413434665	93.392827975512
204.59199523926	201.12908868127	93.323573803288
205.09100341797	202.26706035872	93.233237955335
205.58999633789	203.41702312182	93.121555463338
206.08900451660	204.57805127834	92.988377708083
206.58799743652	205.74916297730	92.833596493032
207.08700561523	206.92953341306	92.657238070430
207.58599853516	208.11828892402	92.459375256506
208.08500671387	209.31476344052	92.240244885669
208.58399963379	210.51820318119	91.999979204699
209.08299255371	211.72799093672	91.738831173076
209.58200073242	212.94361520760	91.457151671217
210.08099365234	214.16463923272	91.155212739514
210.58000183105	215.39070836972	90.833347934069
211.07899475098	216.62157689466	90.491924127619
211.57800292969	217.85707715883	90.131229839819
212.07699584961	219.09720706011	89.751594562080
212.57600402832	220.34183076791	89.353150192166
213.07499694824	221.59110379581	88.936138871812
213.57400512695	222.84519835060	88.500721980721
214.07299804688	224.10427529829	88.046843529761
214.57200622559	225.36866480017	87.574560590588
215.07099914551	226.63858862912	87.083665681247
215.57000732422	227.91435462127	86.573914587509
216.06900024414	229.19637306120	86.045001280961
216.56799316406	230.48495981740	85.496480585004
217.06700134277	231.78026030066	84.927682035391
217.56599426270	233.08266419711	84.338002535217
218.06500244141	234.39239558488	83.726683893877
218.56399536133	235.70953717720	83.092756883677
219.06300354004	237.03421440661	82.435325733242
219.56199645996	238.36632969162	81.753292795305
220.06100463867	239.70572823063	81.045476588178
220.55999755859	241.05211495963	80.310635320648
221.05900573730	242.40511042928	79.547578268959
221.55799865723	243.76417533523	78.754968629425
222.05700683594	245.12857206256	77.931484449183
222.55599975586	246.49748637572	77.075826362861
223.05499267578	247.86976146114	76.186617132902
223.55400085449	249.24427908172	75.262633797478
224.05299377441	250.61971773249	74.302672387315
224.55200195313	251.99451988807	73.305608492042
225.05099487305	253.36693296890	72.270319910045
225.55000305176	254.73530452531	71.196007505302
226.04899597168	256.09751650261	70.081789542351
226.54800415039	257.45146964709	68.927039864012
227.04699707031	258.79516939632	67.731380374115
227.54600524902	260.12607008210	66.494423675448
228.04499816895	261.44211991837	65.216231821022
228.54400634766	262.74068534083	63.896823052253
229.04299926758	264.01948550908	62.536611274822
229.54200744629	265.27599838827	61.136143624708
230.04100036621	266.50783106536	59.696190154992
230.53999328613	267.71277094894	58.217826590788
231.03900146484	268.88859063962	56.702298346644
231.53799438477	270.03300743836	55.150977628674
232.03700256348	271.14403919858	53.565517480076
232.53599548340	272.21979910791	51.947723272088
233.03500366211	273.25868899228	50.299607462165
233.53399658203	274.25918761108	48.623251455744
234.03300476074	275.21990056125	46.920876973291
234.53199768066	276.13972321011	45.194774029381
235.03100585938	277.01789615731	43.447359714533
235.52999877930	277.85377668806	41.681050784201
236.02900695801	278.64690567687	39.898259258824
236.52799987793	279.39714006407	38.101394572251
237.02699279785	280.10446054527	36.292813682203
237.52600097656	280.76923534157	34.474824589438
238.02499389648	281.39175986235	32.649607374518
238.52400207520	281.97284253412	30.819273534270
239.02299499512	282.51321175270	28.985757453546
239.52200317383	283.01363510984	27.150837113580
240.02099609375	283.47543744451	25.316205427638
240.52000427246	283.89957643374	23.483287761972
241.01899719238	284.28721607887	21.653372397005
241.51800537109	284.63978699267	19.827598913957
242.01699829102	284.95844574259	18.006884369567
242.51600646973	285.24452801864	16.191986990906
243.01499938965	285.49933733440	14.383505896016
243.51400756836	285.72400271568	12.581863007574
244.01300048828	285.91960178090	10.787339562410
244.51199340820	286.08735435238	9.0001040067542
245.01100158691	286.22821285967	7.2201919981092
245.50999450684	286.34292201111	5.4475413271576
246.00900268555	286.43221588472	3.6820202163239
246.50799560547	286.49701710934	1.9234417152437
247.00700378418	286.53742203071	0.17156930934592
247.50599670410	286.55418379002	-1.5738417985815
248.00500488281	286.54709238942	-3.3130321110903
248.50399780273	286.51673079142	-5.0462295224753
249.00300598145	286.46272197642	-6.7736041317265
249.50199890137	286.38521689185	-8.4952854488477
250.00100708008	286.28395362999	-10.211320033915
250.50000000000	286.15866728590	-11.921667126811
250.99899291992	286.00896032327	-13.626185653645
251.49800109863	285.83451050704	-15.324634608846
251.99699401855	285.63480910243	-17.016637853962
252.49600219727	285.40963558339	-18.701735851112
252.99499511719	285.15852767201	-20.379329017240
253.49400329590	284.88092467978	-22.048670277925
253.99299621582	284.57670392199	-23.708956254926
254.49200439453	284.24558819119	-25.359237707021
254.99099731445	283.88721624001	-26.998448302476
255.49000549316	283.50161183874	-28.625470730852
255.98899841309	283.08878682866	-30.239100428791
256.48800659180	282.64887832350	-31.838060868528
256.98699951172	282.18220923582	-33.421058267590
257.48599243164	281.68916022668	-34.986751056129
257.98498535156	281.17029783011	-36.533794285951
258.48400878906	280.62636777785	-38.060868789798
258.98300170898	280.05816108347	-39.566668348996
259.48199462891	279.46676741852	-41.049966286349
259.98098754883	278.85317865316	-42.509559997636
260.48001098633	278.21873439226	-43.944370784106
260.97900390625	277.56484471186	-45.353441773806
261.47799682617	276.89299691544	-46.735892264911
261.97698974609	276.20472837088	-48.090993319275
262.47601318359	275.50157262639	-49.418097864937
262.97500610352	274.78546411129	-50.716841362323
263.47399902344	274.05805758262	-51.986905769936
263.97299194336	273.32108532837	-53.228156013610
264.47198486328	272.57635494007	-54.440620461378
264.97100830078	271.82554329331	-55.624478654002
265.47000122070	271.07050972036	-56.780109289802
265.96899414063	270.31285501339	-57.907982496433
266.46798706055	269.55415676618	-59.008741191275
266.96701049805	268.79603535988	-60.083186481374
267.46600341797	268.03978987159	-61.132162158823
267.96499633789	267.28686613405	-62.156726429076
268.46398925781	266.53833466336	-63.157931397620
268.96301269531	265.79552225934	-64.137082747612
269.46200561523	265.05917057552	-65.095331422388
269.96099853516	264.33015927723	-66.034034797630
270.45999145508	263.60912982750	-66.954530549197
270.95901489258	262.89676751418	-67.858259829872
271.45800781250	262.19334820233	-68.746580288896
271.95700073242	261.49905527080	-69.620815883071
272.45599365234	260.81412363355	-70.482381568339
272.95498657227	260.13847302072	-71.332565920649
273.45401000977	259.47204073600	-72.172684176118
273.95300292969	258.81458284367	-73.003938331800
274.45199584961	258.16555649807	-73.827393422633
274.95098876953	257.52479874830	-74.644233497698
275.45001220703	256.89154049398	-75.455327910973
275.94900512695	256.26530092735	-76.261591858286
276.44799804688	255.64528366418	-77.063731557090
276.94699096680	255.03092256927	-77.862488958843
277.44601440430	254.42132439114	-78.658308597114
277.94500732422	253.81580881157	-79.451712666995
278.44400024414	253.21355324178	-80.242972391178
278.94299316406	252.61381449086	-81.032322850073
279.44198608398	252.01584968990	-81.819868949145
279.94100952148	251.41886214088	-82.605569713678
280.44000244141	250.82225854352	-83.389381561489
280.93899536133	250.22533804506	-84.171101833110
281.43798828125	249.62767274260	-84.950530511909
281.93701171875	249.02857684945	-85.727233444476
282.43600463867	248.42792138058	-86.500987195153
282.93499755859	247.82507159776	-87.271196213539
283.43399047852	247.21999569973	-88.037514590757
283.93301391602	246.61250683882	-88.799431174083
284.43200683594	246.00255448589	-89.556456553774
284.93099975586	245.39011202783	-90.308086597626
285.42999267578	244.77544721203	-91.053910502113
285.92898559570	244.15868318164	-91.793447831673
286.42800903320	243.54006595652	-92.526260806018
286.92700195313	242.92009149970	-93.252066397118
287.42599487305	242.29908391185	-93.970548014126
287.92498779297	241.67759019713	-94.681479394848
288.42401123047	241.05621044206	-95.384764905957
288.92300415039	240.43537390267	-96.080267429761
289.42199707031	239.81579703242	-96.768032689132
289.92098999023	239.19798914104	-97.448108489135
290.42001342773	238.58267546480	-98.120809854061
290.91900634766	237.97039798692	-98.786322537435
291.41799926758	237.36175652815	-99.445024777625
291.91699218750	236.75731277141	-100.09742351958
292.41598510742	236.15752802471	-100.74396337415
292.91500854492	235.56285426090	-101.38526379717
293.41400146484	234.97378186916	-102.02205372781
293.91299438477	234.39057915028	-102.65505530022
294.41198730469	233.81347696287	-103.28501566782
294.91101074219	233.24260093562	-103.91270212652
295.41000366211	232.67807349629	-104.53903101214
295.90899658203	232.11988648327	-105.16487915564
296.40798950195	231.56784955867	-105.79106122923
296.90701293945	231.02190690162	-106.41854050038
297.40600585938	230.48161508281	-107.04812284851
297.90499877930	229.94657217463	-107.68062186422
298.40399169922	229.41638056409	-108.31689984099
298.90301513672	228.89039580189	-108.95766529526
299.40200805664	228.36807163143	-109.60372990977
299.90100097656	227.84849959719	-110.25556259398
300.39999389648	227.33099803663	-110.91383284817
300.89898681641	226.81467407635	-111.57901970512
301.39801025391	226.29862781802	-112.25150787130
301.89700317383	225.78187002490	-112.93159803082
302.39599609375	225.26347386485	-113.61950425156
302.89498901367	224.74239903723	-114.31530865758
303.39401245117	224.21764414628	-115.01903446503
303.89300537109	223.68821092480	-115.73060905137
304.39199829102	223.15312553746	-116.44984580064
304.89099121094	222.61136923576	-117.17636869755
305.39001464844	222.06208005587	-117.90985890104
305.88900756836	221.50432032387	-118.64977158915
306.38800048828	220.93729573893	-119.39556594872
306.88699340820	220.36031944931	-120.14667003335
307.38598632813	219.77262943793	-120.90229793974
307.88500976563	219.17366100283	-121.66163123768
308.38400268555	218.56291934576	-122.42393561692
308.88299560547	217.94000348688	-123.18833428514
309.38198852539	217.30457490794	-123.95390992013
309.88101196289	216.65645826456	-124.71982578707
310.38000488281	215.99546099936	-125.48507508174
310.87899780273	215.32168431502	-126.24889750802
311.37799072266	214.63511916550	-127.01037801385
311.87701416016	213.93595592585	-127.76866265790
312.37600708008	213.22447867018	-128.52297951616
312.87500000000	212.50094896908	-129.27259915391
313.37399291992	211.76580854399	-130.01680709133
313.87298583984	211.01953443576	-130.75507993146
314.37200927734	210.26256406708	-131.48675709581
314.87100219727	209.49552611678	-132.21150240374
315.36999511719	208.71896296215	-132.92893775003
315.86898803711	207.93350063819	-133.63876904685
316.36801147461	207.13953247820	-134.34082221374
316.86700439453	206.33821826316	-135.03483339987
317.36599731445	205.52920646850	-135.72092657078
317.86499023438	204.71393391940	-136.39915862582
318.36401367188	203.89253413652	-137.06951708911
318.86300659180	203.06530902446	-137.73241251667
319.36199951172	202.23323771256	-138.38775830279
319.86099243164	201.39607162733	-139.03614241421
320.35998535156	200.55400875339	-139.67785395204
320.85900878906	199.70809861912	-140.31311593048
321.35800170898	198.85756006250	-140.94235260750
321.85699462891	198.00299322510	-141.56610380371
322.35598754883	197.14418866436	-142.18464681369
322.85501098633	196.28109111958	-142.79838024310
323.35400390625	195.41354611836	-143.40763459201
323.85299682617	194.54130821518	-144.01277721894
324.35198974609	193.66410207697	-144.61412075051
324.85101318359	192.78154792434	-145.21185568795
325.35000610352	191.89324545906	-145.80622239183
325.84899902344	190.99873670386	-146.39726078512
326.34799194336	190.09750534839	-146.98508082225
326.84698486328	189.18910122157	-147.56963767072
327.34600830078	188.27295505035	-148.15082960290
327.84500122070	187.34853964625	-148.72847023191
328.34399414063	186.41531010457	-149.30226889822
328.84298706055	185.47274864107	-149.87186364292
329.34201049805	184.52042651702	-150.43689741706
329.84100341797	183.55782599546	-150.99679682359
330.33999633789	182.58458500482	-151.55102031863
330.83898925781	181.60038380445	-152.09901060569
331.33801269531	180.60486259077	-152.63988464544
331.83700561523	179.59786826938	-153.17302971099
332.33599853516	178.57928512739	-153.69763184102
332.83499145508	177.54902507348	-154.21288202663
333.33401489258	176.50716342302	-154.71792423264
333.83300781250	175.45383907526	-155.21194810333
334.33200073242	174.38919505457	-155.69406959903
334.83099365234	173.31366554968	-156.16346515822
335.32998657227	172.22761203262	-156.61936807659
335.82901000977	171.13144970555	-157.06092824010
336.32800292969	170.02584110694	-157.48747421904
336.82699584961	168.91142659644	-157.89832958164
337.32598876953	167.78887242123	-158.29288850981
337.82501220703	166.65895981670	-158.67058649457
338.32400512695	165.52250121043	-159.03097333553
338.82299804688	164.38042478133	-159.37364058037
339.32199096680	163.23359395992	-159.69845297255
339.82101440430	162.08287023087	-160.00490653021
340.32000732422	160.92924562970	-160.29323484807
340.81900024414	159.77362879482	-160.56319348532
341.31799316406	158.61689421200	-160.81496101190
341.81698608398	157.45994533474	-161.04859697801
342.31600952148	156.30362762235	-161.26440581404
342.81500244141	155.14879180899	-161.46278545582
343.31399536133	153.99616786256	-161.64388019383
343.81298828125	152.84645787297	-161.80834805938
344.31201171875	151.70029277429	-161.95657411031
344.81100463867	150.55828446460	-162.08915408316
345.30999755859	149.42089265557	-162.20671241480
345.80899047852	148.28857980563	-162.30970635089
346.30801391602	147.16165718262	-162.39893769970
346.80700683594	146.04043729760	-162.47491745915
347.30599975586	144.92508216976	-162.53833361297
347.80499267578	143.81574805890	-162.58982158941
348.30398559570	142.71248428296	-162.62998318529
348.80300903320	141.61528394821	-162.65937681914
349.30200195313	140.52405580377	-162.67856003323
349.80099487305	139.43869477091	-162.68803905033
350.29998779297	138.35901067291	-162.68828067424
350.79901123047	137.28476835193	-162.67970595201
351.29800415039	136.21573135184	-162.66272149870
351.79699707031	135.15160235326	-162.63739903665
352.29598999023	134.09211411945	-162.60427194672
352.79501342773	133.03689798743	-162.56332744674
353.29400634766	131.98569560429	-162.51478549100
353.79299926758	130.93816977846	-162.45858143276
354.29199218750	129.89399599102	-162.39482250748
354.79098510742	128.85294176914	-162.32338981353
355.29000854492	127.81475418335	-162.24420163246
355.78900146484	126.77917917685	-162.15703779985
356.28799438477	125.74605813196	-162.06184447270
356.78698730469	124.71530156484	-161.95825737998
357.28601074219	123.68674374421	-161.84609659373
357.78500366211	122.66041869071	-161.72500587022
358.28399658203	121.63629277897	-161.59474554069
358.78298950195	120.61448516874	-161.45501010629
359.28201293945	119.59510273440	-161.30547546523
359.78100585938	118.57830873557	-161.14586148956
360.27999877930	117.56435061975	-160.97589876324
360.77899169922	116.55353958574	-160.79529927182
361.27801513672	115.54617222889	-160.60385653013
361.77700805664	114.54263748497	-160.40137690806
362.27600097656	113.54333523722	-160.18771455426
362.77499389648	112.54871998932	-159.96270748025
363.27398681641	111.55922401438	-159.72636520994
363.77301025391	110.57537456467	-159.47864749417
364.27200317383	109.59767008375	-159.21962026244
364.77099609375	108.62659376407	-158.94933085211
365.26998901367	107.66262782065	-158.66798750492
365.76901245117	106.70631101574	-158.37574660831
366.26800537109	105.75810190803	-158.07291932479
366.76699829102	104.81845446141	-157.75979041628
367.26599121094	103.88781634603	-157.43670563346
367.76501464844	102.96657106057	-157.10403876178
368.26400756836	102.05506367175	-156.76233195144
368.76300048828	101.15365278633	-156.41195118684
369.26199340820	100.26260030013	-156.05348085769
369.76098632813	99.382082669853	-155.68743571324
370.26000976563	98.512319157460	-155.31426734108
370.75900268555	97.653404008836	-154.93471438053
371.25799560547	96.805434783340	-154.54914434417
371.75698852539	95.968403962813	-154.15818076789
372.25601196289	95.142274920162	-153.76253527198
372.75500488281	94.326972734763	-153.36249952993
373.25399780273	93.522328879130	-152.95874547568
373.75299072266	92.728208447794	-152.55174363827
374.25201416016	91.944343016706	-152.14196661324
374.75100708008	91.170496602233	-151.72979590064
375.25000000000	90.406360009351	-151.31574709950
375.74899291992	89.651591916442	-150.90011279320
376.24798583984	88.905867459176	-150.48320003195
376.74700927734	88.168803367999	-150.06532375195
377.24600219727	87.440011671300	-149.64663715360
377.74499511719	86.719117129808	-149.22738428118
378.24398803711	86.005684374391	-148.80774421000
378.74301147461	85.299339895596	-148.38772306688
379.24200439453	84.599675795110	-147.96741579783
379.74099731445	83.906357839697	-147.54675123844
380.23999023438	83.219000961692	-147.12579377077
380.73901367188	82.537263164646	-146.70439573140
381.23800659180	81.860824835767	-146.28241298108
381.73699951172	81.189446748362	-145.85980357304
382.23599243164	80.522846855858	-145.43624548033
382.73498535156	79.860791396355	-145.01170189514
383.23400878906	79.203171614961	-144.58578856972
383.73300170898	78.549785487112	-144.15841277098
384.23199462891	77.900591330868	-143.72921325758
384.73098754883	77.255490144404	-143.29807603978
385.23001098633	76.614460906707	-142.86463760369
385.72900390625	75.977571554792	-142.42873122983
386.22799682617	75.344888724403	-141.99011123858
386.72698974609	74.716454581072	-141.54856012458
387.22601318359	74.092425792666	-141.10388404353
387.72500610352	73.472990820951	-140.65594504745
388.22399902344	72.858281624366	-140.20452250855
388.72299194336	72.248572332759	-139.74963259983
389.22198486328	71.644040777959	-139.29109799406
389.72100830078	71.044967171379	-138.82892840876
390.22000122070	70.451587058300	-138.36309184136
390.71899414063	69.864160861559	-137.89360574112
391.21798706055	69.282952714090	-137.42053237505
391.71701049805	68.708225598528	-136.94393679139
392.21600341797	68.140212039483	-136.46401968598
392.71499633789	67.579155581270	-135.98096185701
393.21398925781	67.025256368126	-135.49489756316
393.71301269531	66.478778168950	-135.00604644098
394.21200561523	65.939810066790	-134.51469405816
394.71099853516	65.408545081257	-134.02113468003
395.20999145508	64.885132420573	-133.52563071291
395.70901489258	64.369604874960	-133.02847641160
396.20800781250	63.862060558928	-132.53004131476
396.70700073242	63.362509762015	-132.03061634663
397.20599365234	62.870936703626	-131.53057025047
397.70498657227	62.387307968876	-131.03023952909
398.20401000977	61.911546709228	-130.52987186280
398.70300292969	61.443540436406	-130.02987791911
399.20199584961	60.983153274752	-129.53052809276
399.70098876953	60.530203514553	-129.03211088556
400.20001220703	60.084530418538	-128.53495945110
400.69900512695	59.645851721437	-128.03920489512
401.19799804688	59.213988303220	-127.54517541863
401.69699096680	58.788602230355	-127.05309539455
402.19601440430	58.369490668837	-126.56301691278
402.69500732422	57.956304211350	-126.07521539450
403.19400024414	57.548759156311	-125.58970207614
403.69299316406	57.146543429731	-125.10661257172
404.19198608398	56.749365729190	-124.62599855564
404.69100952148	56.356918429730	-124.14785753800
405.19000244141	55.968860193847	-123.67214816022
405.68899536133	55.584934124375	-123.19885748118
406.18798828125	55.204851132637	-122.72791929489
406.68701171875	54.828329340839	-122.25922209270
407.18600463867	54.455167328140	-121.79263765728
407.68499755859	54.085098197093	-121.32799964803
408.18399047852	53.717901764739	-120.86513733547
408.68301391602	53.353452556584	-120.40389859568
409.18200683594	52.991587776072	-119.94405415388
409.68099975586	52.632182896311	-119.48540166553
410.17999267578	52.275125095906	-119.02768671290
410.67898559570	51.920372287724	-118.57074651152
411.17800903320	51.567902366008	-118.11429443180
411.67700195313	51.217697027949	-117.65816917213
412.17599487305	50.869782841276	-117.20210587690
412.67498779297	50.524239071987	-116.74591308433
413.17401123047	50.181120788031	-116.28940201989
413.67300415039	49.840524446785	-115.83242450214
414.17199707031	49.502621851122	-115.37482074792
414.67098999023	49.167515296512	-114.91644029112
415.17001342773	48.835378799733	-114.45713476928
415.66900634766	48.506394683535	-113.99684448362
416.16799926758	48.180743954928	-113.53556655084
416.66699218750	47.858637854893	-113.07318219356
417.16598510742	47.540256819075	-112.60973295938
417.66500854492	47.225793021830	-112.14522168812
418.16400146484	46.915477331587	-111.67969665772
418.66299438477	46.609446248645	-111.21325705758
419.16198730469	46.307923330267	-110.74598552745
419.66101074219	46.011039457066	-110.27801364074
420.16000366211	45.718986407951	-109.80945165663
420.65899658203	45.431883853224	-109.34051026990
421.15798950195	45.149827394438	-108.87135225753
421.65701293945	44.872935776504	-108.40221271939
422.15600585938	44.601272580123	-107.93323711238
422.65499877930	44.334879721497	-107.46471015536
423.15399169922	44.073798413967	-106.99680921949
423.65301513672	43.817993569398	-106.52981646798
424.15200805664	43.567476028749	-106.06393818049
424.65100097656	43.322158169385	-105.59939673488
425.14999389648	43.081999182326	-105.13643624828
425.64898681641	42.846847182131	-104.67525553020
426.14801025391	42.616605998760	-104.21611166312
426.64700317383	42.391140950209	-103.75912134018
427.14599609375	42.170274481567	-103.30450714105
427.64498901367	41.953784001232	-102.85243397621
428.14401245117	41.741505049745	-102.40301153650
428.64300537109	41.533258816811	-101.95642319704
429.14199829102	41.328744284096	-101.51268866422
429.64099121094	41.127781472230	-101.07191783753
430.14001464844	40.930125317357	-100.63415579220
430.63900756836	40.735527935363	-100.19943555058
431.13800048828	40.543729945253	-99.767756044813
431.63699340820	40.354544580107	-99.339107653618
432.13598632813	40.167690537899	-98.913397546702
432.63500976563	39.982976677457	-98.490555239785
433.13400268555	39.800171494372	-98.070540865138
433.63299560547	39.619101224264	-97.653200606061
434.13198852539	39.439559836279	-97.238434792954
434.63101196289	39.261395770212	-96.826042778950
435.13000488281	39.084464971972	-96.415892149924
435.62899780273	38.908629421179	-96.007808919662
436.12799072266	38.733796907875	-95.601581872176
436.62701416016	38.559902901656	-95.197048006280
437.12600708008	38.386857937380	-94.793976706667
437.62500000000	38.214669577187	-94.392185198939
438.12399291992	38.043315129746	-93.991473373682
438.62298583984	37.872810342555	-93.591638866049
439.12200927734	37.703206601412	-93.192501110134
439.62100219727	37.534551227188	-92.793898028062
440.11999511719	37.366950572707	-92.395597341461
440.61898803711	37.200479431438	-91.997504413218
441.11801147461	37.035287559959	-91.599487325088
441.61700439453	36.871491943981	-91.201390961194
442.11599731445	36.709257331988	-90.803140550105
442.61499023438	36.548725028621	-90.404641953948
443.11401367188	36.390076255922	-90.005831492440
443.61300659180	36.233475182298	-89.606690672551
444.11199951172	36.079134678065	-89.207228827754
444.61099243164	35.927154332336	-88.807385066018
445.10998535156	35.777787252186	-88.407270564999
445.60900878906	35.631165194999	-88.006928669296
446.10800170898	35.487425357033	-87.606386191682
446.60699462891	35.346776842309	-87.205845982687
447.10598754883	35.209304448303	-86.805341359962
447.60501098633	35.075141397022	-86.405004255045
448.10400390625	34.944400200209	-86.005021230867
448.60299682617	34.817191800758	-85.605610474676
449.10198974609	34.693549883670	-85.206856795057
449.60101318359	34.573499053362	-84.808952145889
450.10000610352	34.457107936765	-84.412120205386
450.59899902344	34.344386997746	-84.016555921117
451.09799194336	34.235273239626	-83.622427428166
451.59698486328	34.129775108874	-83.229976753666
452.09600830078	34.027786754831	-82.839340681718
452.59500122070	33.929216051939	-82.450698029769
453.09399414063	33.834001383036	-82.064263862252
453.59298706055	33.741994867571	-81.680188960279
454.09201049805	33.653080206232	-81.298661411638
454.59100341797	33.567011612623	-80.919668257461
455.08999633789	33.483737123361	-80.543513660301
455.58898925781	33.402999815208	-80.170199934792
456.08801269531	33.324632555803	-79.799823976044
456.58700561523	33.248433840652	-79.432468421153
457.08599853516	33.174189581136	-79.068154570740
457.58499145508	33.101641093121	-78.706846069718
458.08401489258	33.030625304338	-78.348587156165
458.58300781250	32.960951545660	-77.993401949105
459.08200073242	32.892344264777	-77.641122115823
459.58099365234	32.824682475057	-77.291771624674
460.07998657227	32.757697762000	-76.945191905646
460.57901000977	32.691286418237	-76.601351878049
461.07800292969	32.625209729260	-76.260021766900
461.57699584961	32.559394652285	-75.921138991140
462.07598876953	32.493642891430	-75.584485669088
462.57501220703	32.427867834921	-75.249919142089
463.07400512695	32.361980356731	-74.917274954329
463.57299804688	32.295904268524	-74.586303085526
464.07199096680	32.229593016256	-74.256851797083
464.57101440430	32.163006553673	-73.928706202083
465.07000732422	32.096161506768	-73.601660603109
465.56900024414	32.029065003414	-73.275520990050
466.06799316406	31.961758222065	-72.950103508291
466.56698608398	31.894320629985	-72.625215037330
467.06600952148	31.826822063923	-72.300680011639
467.56500244141	31.759358709266	-71.976339180660
468.06399536133	31.692086633450	-71.652037153890
468.56298828125	31.625105131766	-71.327657958870
469.06201171875	31.558591993392	-71.003071344658
469.56100463867	31.492704627306	-70.678190962259
470.05999755859	31.427619246508	-70.352947074645
470.55899047852	31.363509252741	-70.027281966789
471.05801391602	31.300564202941	-69.701181265579
471.55700683594	31.238974639214	-69.374661132177
472.05599975586	31.178926841325	-69.047689416609
472.55499267578	31.120600330983	-68.720340690819
473.05398559570	31.064167012860	-68.392695560434
473.55300903320	31.009788939947	-68.064786778554
474.05200195313	30.957634476880	-67.736769470975
474.55099487305	30.907851528249	-67.408758678515
475.04998779297	30.860542330074	-67.080875468832
475.54901123047	30.815828001381	-66.753298852157
476.04800415039	30.773811975144	-66.426208252300
476.54699707031	30.734548146971	-66.099753967763
477.04598999023	30.698067914422	-65.774122724737
477.54501342773	30.664446257140	-65.449563221415
478.04400634766	30.633644881494	-65.126199971408
478.54299926758	30.605671359277	-64.804287579062
479.04199218750	30.580463297913	-64.484000904090
479.54098510742	30.557964376710	-64.165544257466
480.04000854492	30.538084678749	-63.849089141351
480.53900146484	30.520720227551	-63.534803455832
481.03799438477	30.505734527285	-63.222880764317
481.53698730469	30.492999130811	-62.913466844331
482.03601074219	30.482334232140	-62.606683412172
482.53500366211	30.473578323149	-62.302675800724
483.03399658203	30.466504672395	-62.001488035908
483.53298950195	30.460936497818	-61.703239758024
484.03201293945	30.456653160224	-61.407986670085
484.53100585938	30.453452340540	-61.115744765784
485.02999877930	30.451093183349	-60.826539512428
485.52899169922	30.449358714205	-60.540336962736
486.02801513672	30.448038180191	-60.257097538211
486.52700805664	30.446901534775	-59.976775657437
487.02600097656	30.445738029467	-59.699261723213
487.52499389648	30.444364001399	-59.424454628352
488.02398681641	30.442577323016	-59.152215952817
488.52301025391	30.440221678540	-58.882418714085
489.02200317383	30.437135933837	-58.614867670355
489.52099609375	30.433185250606	-58.349381169433
490.01998901367	30.428256798100	-58.085759239527
490.51901245117	30.422264998032	-57.823782902199
491.01800537109	30.415138936538	-57.563251739993
491.51699829102	30.406832700263	-57.303905980047
492.01599121094	30.397341287065	-57.045529694876
492.51501464844	30.386683467496	-56.787900272284
493.01400756836	30.374882072475	-56.530785743595
493.51300048828	30.362013694628	-56.273948025972
494.01199340820	30.348174683008	-56.017201301092
494.51098632813	30.333457632213	-55.760313319008
495.01000976563	30.318021692614	-55.503114413474
495.50900268555	30.302020522502	-55.245433271591
496.00799560547	30.285619583378	-54.987094849727
496.50698852539	30.269029591246	-54.728021681447
497.00601196289	30.252434713635	-54.468062648874
497.50500488281	30.236092409519	-54.207170872817
498.00399780273	30.220195523822	-53.945280925365
498.50299072266	30.204988394990	-53.682357336908
499.00201416016	30.190696519433	-53.418411614253
499.50100708008	30.177572020918	-53.153478560160
500.00000000000	30.165839462721	-52.887627913627
