1,0,180,.0685977,.0005336,0,296.16
2,13,180,.068576,.000647,0,296.16
3,13,135,.0685006,.000428,0,296.16
4,13,90,.0689339,.0007409,0,296.16
5,13,45,.068802,.000553,0,296.16
6,13,0,.0690535,.0006805,0,296.16
7,13,315,.0689179,.0006059,0,296.16
8,13,270,.0684633,.0005312,0,296.16
9,13,225,.0682908,.0004345,0,296.16
10,26,180,.0676266,.0008831,0,296.16
11,26,156,.0679482,.0007053,0,296.16
12,26,135,.0685049,.0003576,0,296.16
13,26,111,.0691074,.0004919,0,296.16
14,26,90,.069505,.0006776,0,296.16
15,26,66,.0699008,.0004747,0,296.16
16,26,45,.0703391,.0006304,0,296.16
17,26,21,.0700721,.0004406,0,296.16
18,26,0,.0701693,.0004438,0,296.16
19,26,336,.070024,.0006101,0,296.16
20,26,315,.069616,.0004123,0,296.16
21,26,291,.0690923,.0006455,0,296.16
22,26,270,.0693577,.0004648,0,296.16
23,26,246,.0683535,.0003617,0,296.16
24,26,225,.0684618,.0005648,0,296.16
25,26,201,.0684055,.0002806,0,296.16
26,40,180,.0679342,.0004223,0,296.16
27,40,165,.0685129,.0003182,0,296.16
28,40,149,.0679509,.0002986,0,296.16
29,40,135,.0688285,.0003322,0,296.16
30,40,120,.0691909,.0002277,0,296.16
31,40,104,.0691687,.0002625,0,296.16
32,40,90,.070324,.0002612,0,296.16
33,40,75,.0703477,.000543,0,296.16
34,40,59,.0704575,.0001351,0,296.16
35,40,45,.0713767,.000359,0,296.16
36,40,30,.0729153,.0001491,0,296.16
37,40,14,.0734019,.0004724,0,296.16
38,40,0,.0739857,.0002177,0,296.16
39,40,345,.0733175,.0003003,0,296.16
40,40,329,.0718151,.0002764,0,296.16
41,40,315,.0709861,.000421,0,296.16
42,40,300,.0702514,.0001308,0,296.16
43,40,284,.0695243,.0001502,0,296.16
44,40,270,.0692225,.0002529,0,296.16
45,40,255,.0689491,.0003891,0,296.16
46,40,239,.0681974,.00018,0,296.16
47,40,225,.068404,.0001516,0,296.16
48,40,210,.0679659,.0002279,0,296.16
49,40,194,.0676223,.0001343,0,296.16
