#Parameters = {C=5e-15; L=3e-08; a=4000; eps_eff=6; r_i=90; r_o=182; t=0.1}
#"Frequency / GHz"	"Z1,1 [Real/Imaginary Part] [Re]"	"Z1,1 [Real/Imaginary Part] [Im]"
#-------------------------------------------------------------------------------------
1.0000000000000	-757.90494127353	-242.23341091694
2.4990000724792	-509.64659795157	-408.96612686012
3.9979999065399	-314.69698227299	-407.58195297292
5.4970002174377	-199.68925340007	-360.31182999336
6.9959998130798	-133.00305442013	-310.93504297962
8.4949998855591	-92.530739174193	-268.79286167629
9.9940004348755	-66.613397327857	-234.31984473229
11.493000030518	-49.189735747162	-206.18537952891
12.991999626160	-36.981112088502	-182.99630411609
14.491000175476	-28.124541032862	-163.62711928550
15.989999771118	-21.509718434409	-147.22529677798
17.489000320435	-16.446534778370	-133.15437111715
18.988000869751	-12.489724942447	-120.93770910944
20.486999511719	-9.3425433877625	-110.21477825712
21.986000061035	-6.8015291178110	-100.70956219245
23.485000610352	-4.7237368232066	-92.207885597897
24.983999252319	-3.0064545529778	-84.541461390932
26.482999801636	-1.5744971939734	-77.576412213014
27.982000350952	-0.37183493144546	-71.204981863150
29.481000900269	0.64397007734621	-65.339450340055
30.979999542236	1.5054509170039	-59.907767061886
32.479000091553	2.2379321812003	-54.850079904343
33.978000640869	2.8613323149688	-50.116277089862
35.477001190186	3.3915096858026	-45.664063836409
36.976001739502	3.8412075105716	-41.457387713723
38.474998474121	4.2207776836081	-37.465301094059
39.973999023438	4.5386883390781	-33.661051506272
41.472999572754	4.8019612797184	-30.021326374536
42.972000122070	5.0164482924402	-26.525701190370
44.471000671387	5.1870773548063	-23.156056759375
45.970001220703	5.3180485917912	-19.896285287968
47.469001770020	5.4129742131487	-16.731926852675
48.967998504639	5.4749992820584	-13.649883162314
50.466999053955	5.5068957978584	-10.638223018273
51.965999603271	5.5111694726008	-7.6859643456077
53.465000152588	5.4900992673894	-4.7829022582575
54.964000701904	5.4458217742185	-1.9194837167338
56.463001251221	5.3803897754574	0.91330308687453
57.962001800537	5.2958263873829	3.7240612120513
59.460998535156	5.1941788890946	6.5211045113570
60.959999084473	5.0775874507857	9.3124861985582
62.458999633789	4.9483356968219	12.106100696266
63.958000183105	4.8089235709745	14.909785289694
65.457000732422	4.6621414050996	17.731323984539
66.956001281738	4.5111655377405	20.578513006504
68.455001831055	4.3596402230537	23.459253171475
69.954002380371	4.2118071254328	26.381477086507
71.453002929688	4.0726194672099	29.353271565737
72.952003479004	3.9478948583329	32.382758366130
74.450996398926	3.8445012960502	35.478165655564
75.949996948242	3.7705176038213	38.647675220864
77.448997497559	3.7354743248633	41.899322270371
78.947998046875	3.7505677287842	45.240852199119
80.446998596191	3.8289042795840	48.679420226042
81.945999145508	3.9857384947406	52.221284220388
83.444999694824	4.2386637245171	55.871276110203
84.944000244141	4.6078013128002	59.632287324026
86.443000793457	5.1158154671431	63.504419940303
87.942001342773	5.7878037535758	67.484170094799
89.441001892090	6.6508837989449	71.563281915541
90.940002441406	7.7335310718407	75.727664559051
92.439002990723	9.0642687994477	79.956325304155
93.938003540039	10.670060943549	84.220217007085
95.436996459961	12.573895117512	88.481867415829
96.935997009277	14.791974521444	92.695473829929
98.434997558594	17.330609571251	96.807919400819
99.933998107910	20.183083718735	100.76142028515
101.43299865723	23.327187191240	104.49713807743
102.93199920654	26.724139512754	107.96034426072
104.43099975586	30.319294674372	111.10594504051
105.93000030518	34.045261811299	113.90411638926
107.42900085449	37.826967844574	116.34443924394
108.92800140381	41.588451725880	118.43814257301
110.42700195313	45.259998881835	120.21733246002
111.92600250244	48.784452363474	121.73186170146
113.42500305176	52.121818483557	123.04433326638
114.92400360107	55.251640427490	124.22356927670
116.42299652100	58.172893306303	125.33891279203
117.92199707031	60.902118423038	126.45474364590
119.42099761963	63.470579037073	127.62691637447
120.91999816895	65.920593496486	128.90009281655
122.41899871826	68.302246474705	130.30669800723
123.91799926758	70.670415042525	131.86652819363
125.41699981689	73.082323540264	133.58693938850
126.91600036621	75.595415552931	135.46314312427
128.41499328613	78.266066977503	137.47876911130
129.91400146484	81.147531299339	139.60567058570
131.41299438477	84.288894031888	141.80434980068
132.91200256348	87.732709445606	144.02370421313
134.41099548340	91.513073446654	146.20141919411
135.91000366211	95.651934337502	148.26413581935
137.40899658203	100.15638123365	150.12937365594
138.90800476074	105.01502491404	151.70785948750
140.40699768066	110.19387500447	152.90782555665
141.90600585938	115.63420983935	153.64064636122
143.40499877930	121.25176365800	153.82867986274
144.90400695801	126.93799132057	153.41313163411
146.40299987793	132.56632434969	152.36305157621
147.90199279785	137.99821143574	150.68124973477
149.40100097656	143.09703125271	148.40858137340
150.89999389648	147.73825241744	145.62267443812
152.39900207520	151.82168926477	142.43270043782
153.89799499512	155.28016617530	138.96988367893
155.39700317383	158.08382784132	135.37588992917
156.89599609375	160.24010408913	131.79048515911
158.39500427246	161.78928068253	128.34122031568
159.89399719238	162.79741207575	125.13576688033
161.39300537109	163.34795869469	122.25765838295
162.89199829102	163.53356559954	119.76542898506
164.39100646973	163.44896635792	117.69375535639
165.88999938965	163.18571068948	116.05673742809
167.38900756836	162.82865251888	114.85154842037
168.88800048828	162.45367352038	114.06186750522
170.38699340820	162.12713680633	113.66186291967
171.88600158691	161.90568394567	113.61857468600
173.38499450684	161.83692282959	113.89436185305
174.88400268555	161.95992116350	114.44847520757
176.38299560547	162.30634074222	115.23811880185
177.88200378418	162.90067665392	116.21926858481
179.38099670410	163.76111780378	117.34712896163
180.88000488281	164.89959885540	118.57645809354
182.37899780273	166.32197405687	119.86182974224
183.87800598145	168.02787860896	121.15818390193
185.37699890137	170.01058855750	122.42123105278
186.87600708008	172.25673799177	123.60831597931
188.37500000000	174.74617858840	124.67942185913
189.87399291992	177.45213658283	125.59838210853
191.37300109863	180.34135747618	126.33437629819
192.87199401855	183.37511179380	126.86344927466
194.37100219727	186.51031185591	127.16986913843
195.86999511719	189.70144331439	127.24749931738
197.36900329590	192.90264997124	127.10054755583
198.86799621582	196.07024788054	126.74344800050
200.36700439453	199.16540366010	126.20071349548
201.86599731445	202.15637992129	125.50520174551
203.36500549316	205.02070803733	124.69649156518
204.86399841309	207.74653346418	123.81832041306
206.36300659180	210.33307814816	122.91568017204
207.86199951172	212.79062979797	122.03216310415
209.36099243164	215.13987400815	121.20770669132
210.86000061035	217.41018842036	120.47608945787
212.35899353027	219.63816072476	119.86363849416
213.85800170898	221.86570056602	119.38810069072
215.35699462891	224.13796524235	119.05788705047
216.85600280762	226.50172867866	118.87207371852
218.35499572754	229.00372503636	118.82051723073
219.85400390625	231.68908954054	118.88380499093
221.35299682617	234.60011296724	119.03390705813
222.85200500488	237.77499715836	119.23445723292
224.35099792480	241.24680624285	119.44140591175
225.85000610352	245.04178873910	119.60297318567
227.34899902344	249.17855478857	119.66092769135
228.84800720215	253.66592891237	119.55075790751
230.34700012207	258.50194506474	119.20336544125
231.84599304199	263.67145534087	118.54617633360
233.34500122070	269.14527372071	117.50597758362
234.84399414063	274.87792501603	116.01103846741
236.34300231934	280.80761498555	113.99546684459
237.84199523926	286.85597484855	111.40321564910
239.34100341797	292.92950091882	108.19254737724
240.83999633789	298.92255358815	104.34106058391
242.33900451660	304.72172474880	99.849456902983
243.83799743652	310.21177658460	94.744342287344
245.33700561523	315.28316613287	89.079399965655
246.83599853516	319.83912262854	82.933671419678
248.33500671387	323.80321296390	76.408071338172
249.83399963379	327.12442465011	69.618817628423
251.33299255371	329.78105804692	62.690103374719
252.83200073242	331.78114745861	55.745558422614
254.33099365234	333.16051868450	48.900219285602
255.83000183105	333.97875821808	42.253944133863
257.32901000977	334.31347000782	35.886533478589
258.82800292969	334.25351075669	29.855034961268
260.32699584961	333.89291369010	24.193207374067
261.82598876953	333.32489958093	18.912598746473
263.32501220703	332.63742409585	14.004946054164
264.82400512695	331.90878374497	9.4452273772981
266.32299804688	331.20633821001	5.1952132457623
267.82199096680	330.58449077248	1.2068100861849
269.32101440430	330.08421986837	-2.5747195739292
270.82000732422	329.73288926830	-6.2078738230277
272.31900024414	329.54500960385	-9.7523791917013
273.81799316406	329.52227218905	-13.266937401167
275.31698608398	329.65527877518	-16.807296898297
276.81600952148	329.92386745774	-20.424442739574
278.31500244141	330.29804867989	-24.162905652108
279.81399536133	330.74064525568	-28.059444961865
281.31298828125	331.20736152100	-32.141494634249
282.81201171875	331.64957771673	-36.426195783204
284.31100463867	332.01634836318	-40.919545912806
285.80999755859	332.25663710021	-45.615984215312
287.30899047852	332.32193674741	-50.498525122334
288.80801391602	332.16909155947	-55.539587078390
290.30700683594	331.76241321839	-60.702345022134
291.80599975586	331.07546902332	-65.942608495995
293.30499267578	330.09389708013	-71.211946913650
294.80398559570	328.81432598569	-76.459878077040
296.30300903320	327.24552617794	-81.637403261881
297.80200195313	325.40771570855	-86.700032475362
299.30099487305	323.32972253559	-91.609642887312
300.79998779297	321.04816837987	-96.337260924288
302.29901123047	318.60400149633	-100.86367213596
303.79800415039	316.04028911654	-105.18029837920
305.29699707031	313.39936539816	-109.28882174752
306.79598999023	310.72066576366	-113.20055978868
308.29501342773	308.03869166270	-116.93508192366
309.79400634766	305.38134841584	-120.51865296642
311.29299926758	302.76925992830	-123.98272145631
312.79199218750	300.21444810124	-127.36155645049
314.29098510742	297.72069710197	-130.69105732790
315.79000854492	295.28325414855	-134.00652424840
317.28900146484	292.88923830094	-137.34121108127
318.78799438477	290.51825189331	-140.72465311650
320.28698730469	288.14326235730	-144.18129720790
321.78601074219	285.73165195715	-147.72906794649
323.28500366211	283.24652095052	-151.37848930481
324.78399658203	280.64822973365	-155.13132832769
326.28298950195	277.89646760613	-158.98073660402
327.78201293945	274.95176235828	-162.91007186965
329.28100585938	271.77785711860	-166.89364627095
330.77999877930	268.34406185625	-170.89754888221
332.27899169922	264.62649875293	-174.88008406594
333.77801513672	260.61073263920	-178.79447588738
335.27700805664	256.29232430184	-182.59021273688
336.77600097656	251.67788921095	-186.21607177764
338.27499389648	246.78503329149	-189.62287311497
339.77398681641	241.64138694102	-192.76535342848
341.27301025391	236.28354895685	-195.60525446369
342.77200317383	230.75489861758	-198.11290835157
344.27099609375	225.10333672685	-200.26831499952
345.76998901367	219.37866475999	-202.06140546269
347.26901245117	213.63035809727	-203.49266059928
348.76800537109	207.90507328920	-204.57135041760
350.26699829102	202.24512335528	-205.31492086622
351.76599121094	196.68689817367	-205.74726550793
353.26501464844	191.26015165118	-205.89706474687
354.76400756836	185.98758689288	-205.79545579982
356.26300048828	180.88495214173	-205.47550043461
357.76199340820	175.96138286078	-204.96959472421
359.26098632813	171.21992462993	-204.30905297322
360.76000976563	166.65865049448	-203.52277941844
362.25900268555	162.27108408591	-202.63665237908
363.75799560547	158.04756571478	-201.67297369315
365.25698852539	153.97590038992	-200.65028220833
366.75601196289	150.04231323857	-199.58329940827
368.25500488281	146.23230329382	-198.48277374692
369.75399780273	142.53131687873	-197.35590919116
371.25299072266	138.92541113782	-196.20638969455
372.75201416016	135.40178471177	-195.03531558516
374.25100708008	131.94927448420	-193.84096429493
375.75000000000	128.55878797210	-192.61966598011
377.24899291992	125.22332319957	-191.36638177612
378.74798583984	121.93823388451	-190.07513857117
380.24700927734	118.70124748261	-188.73946584371
381.74600219727	115.51224871185	-187.35341245166
383.24499511719	112.37326273040	-185.91120993578
384.74398803711	109.28795488891	-184.40842942573
386.24301147461	106.26142480198	-182.84201359018
387.74200439453	103.29973430755	-181.21023813523
389.24099731445	100.40947071425	-179.51326692506
390.73999023438	97.597441759322	-177.75288460586
392.23901367188	94.870129034785	-175.93242256292
393.73800659180	92.233499316302	-174.05682128363
395.23699951172	89.692543589206	-172.13225307199
396.73599243164	87.251218830003	-170.16565316294
398.23498535156	84.912208732838	-168.16493853945
399.73400878906	82.676935508980	-166.13830668858
401.23300170898	80.545428764362	-164.09408397116
402.73199462891	78.516503259667	-162.04042484850
404.23098754883	76.587753485286	-159.98518069030
405.73001098633	74.755709844387	-157.93561178061
407.22900390625	73.016070344042	-155.89825289154
408.72799682617	71.363752399948	-153.87875595573
410.22698974609	69.793162696328	-151.88198505157
411.72601318359	68.298273681664	-149.91171572300
413.22500610352	66.872977040922	-147.97080736392
414.72399902344	65.510992864284	-146.06120149098
416.22299194336	64.206259944874	-144.18385169917
417.72198486328	62.952981873295	-142.33892245166
419.22100830078	61.745660771207	-140.52584341069
420.72000122070	60.579352813903	-138.74327585403
422.21899414063	59.449606949688	-136.98943294721
423.71798706055	58.352630741231	-135.26207696489
425.21701049805	57.285274466475	-133.55857039428
426.71600341797	56.245033219273	-131.87615277696
428.21499633789	55.230097899069	-130.21195214363
429.71398925781	54.239274765477	-128.56316827903
431.21301269531	53.271993510165	-126.92708530629
432.71200561523	52.328184963027	-125.30134133482
434.21099853516	51.408294346131	-123.68376522635
435.70999145508	50.513058121598	-122.07265641228
437.20901489258	49.643584893899	-120.46661981997
438.70800781250	48.801115705516	-118.86480712411
440.20700073242	47.986996308067	-117.26679005311
441.70599365234	47.202612997048	-115.67254893391
443.20498657227	46.449256271095	-114.08251287338
444.70401000977	45.728011882187	-112.49745045410
446.20300292969	45.039888394243	-110.91844874617
447.70199584961	44.385537518449	-109.34684274735
449.20098876953	43.765373233857	-107.78414164828
450.70001220703	43.179500562897	-106.23203418549
452.19900512695	42.627701733508	-104.69224013237
453.69799804688	42.109462405860	-103.16652754636
455.19699096680	41.623990493077	-101.65648350040
456.69601440430	41.170211434601	-100.16377724264
458.19500732422	40.746838870819	-98.689810396520
459.69400024414	40.352375914737	-97.235822540226
461.19299316406	39.985146402004	-95.802897150063
462.69198608398	39.643358780299	-94.391818835239
464.19100952148	39.325179271892	-93.003224399079
465.69000244141	39.028666023436	-91.637428340488
467.18899536133	38.751958269977	-90.294578309241
468.68798828125	38.493171703932	-88.974564312721
470.18701171875	38.250508710049	-87.677007199711
471.68600463867	38.022293646430	-86.401436281777
473.18499755859	37.806968908268	-85.147116586546
474.68399047852	37.603134876090	-83.913196985073
476.18301391602	37.409562351199	-82.698724532309
477.68200683594	37.225235890852	-81.502623010905
479.18099975586	37.049252503429	-80.323721795245
480.67999267578	36.880963624595	-79.160885963717
482.17898559570	36.719935729547	-78.012986708629
483.67800903320	36.565912876053	-76.878943944863
485.17700195313	36.418693168637	-75.757603953449
486.67599487305	36.278392752559	-74.648077689379
488.17498779297	36.145180883391	-73.549458831849
489.67401123047	36.019376361043	-72.461066046853
491.17300415039	35.901320383219	-71.382208712014
492.67199707031	35.791472052471	-70.312489019936
494.17098999023	35.690260347286	-69.251513031784
495.67001342773	35.598245120644	-68.199193802831
497.16900634766	35.515878725412	-67.155457953236
498.66799926758	35.443568298223	-66.120390653278
500.16699218750	35.381748611221	-65.094271993620
501.66598510742	35.330677045834	-64.077357485840
503.16500854492	35.290564907561	-63.070043740415
504.66400146484	35.261600781403	-62.072880027643
506.16299438477	35.243734903773	-61.086322395377
507.66198730469	35.236892541055	-60.110956528553
509.16101074219	35.240868298519	-59.147336892798
510.66000366211	35.255379015273	-58.196063205013
512.15899658203	35.279988272004	-57.257645527280
513.65802001953	35.314173869873	-56.332550575111
515.15698242188	35.357364753664	-55.421281198307
516.65600585938	35.408843638357	-54.524136355868
518.15502929688	35.467940928656	-53.641493581206
519.65399169922	35.533779813623	-52.773472518885
521.15301513672	35.605624140147	-51.920287020634
522.65197753906	35.682568050303	-51.081891694011
524.15100097656	35.763775876236	-50.258239132773
525.65002441406	35.848407140487	-49.449127556514
527.14898681641	35.935633446916	-48.654332119516
528.64801025391	36.024715181535	-47.873500608693
530.14697265625	36.114882390826	-47.106184002381
531.64599609375	36.205478285271	-46.351908997839
533.14501953125	36.295886338338	-45.610081914311
534.64398193359	36.385624358336	-44.880150879594
536.14300537109	36.474200184328	-44.161424022178
537.64202880859	36.561319045501	-43.453296637456
539.14099121094	36.646641516098	-42.755057022324
540.64001464844	36.730023738452	-42.066088878541
542.13897705078	36.811360862521	-41.385761504115
543.63800048828	36.890593122025	-40.713458183777
545.13702392578	36.967756794635	-40.048644644091
546.63598632813	37.042928066232	-39.390817360354
548.13500976563	37.116228561920	-38.739540761429
549.63397216797	37.187796526488	-38.094423048079
551.13299560547	37.257792293621	-37.455167245875
552.63201904297	37.326377084118	-36.821512732095
554.13098144531	37.393698013372	-36.193284375949
555.63000488281	37.459902625813	-35.570362722732
557.12902832031	37.525060890576	-34.952652550980
558.62799072266	37.589232779243	-34.340114560429
560.12701416016	37.652423895638	-33.732749906174
561.62597656250	37.714589194616	-33.130564806330
563.12500000000	37.775600098178	-32.533565286472
564.62402343750	37.835298230952	-31.941752270983
566.12298583984	37.893464585375	-31.355115429480
567.62200927734	37.949818305409	-30.773609902445
569.12097167969	38.004037249598	-30.197142024014
570.61999511719	38.055767111320	-29.625559078221
572.11901855469	38.104620144179	-29.058660140713
573.61798095703	38.150203440347	-28.496164323264
575.11700439453	38.192109250446	-27.937708789503
576.61602783203	38.229956632754	-27.382876339160
578.11499023438	38.263370608599	-26.831155429991
579.61401367188	38.292036479777	-26.281977076629
581.11297607422	38.315687215990	-25.734697652659
582.61199951172	38.334106665456	-25.188602122703
584.11102294922	38.347173522147	-24.642949130966
585.60998535156	38.354844288933	-24.096945943107
587.10900878906	38.357171230102	-23.549780374018
588.60797119141	38.354292203915	-23.000628389443
590.10699462891	38.346459910391	-22.448677530975
591.60601806641	38.334004499828	-21.893120262381
593.10498046875	38.317367907725	-21.333205748167
594.60400390625	38.297064257315	-20.768213830905
596.10302734375	38.273704261642	-20.197499873852
597.60198974609	38.247951714125	-19.620483082531
599.10101318359	38.220536406293	-19.036665760603
600.59997558594	38.192223044152	-18.445637412402
602.09899902344	38.163826210521	-17.847082493832
603.59802246094	38.136156928479	-17.240773948571
605.09698486328	38.110041933780	-16.626579550571
606.59600830078	38.086292315770	-16.004461377896
608.09497070313	38.065695085295	-15.374455449601
609.59399414063	38.049016813549	-14.736688731799
611.09301757813	38.036968730467	-14.091356609901
612.59197998047	38.030223532597	-13.438707260683
614.09100341797	38.029393911476	-12.779055294870
615.59002685547	38.035030414596	-12.112744251627
617.08898925781	38.047625425334	-11.440158235072
618.58801269531	38.067605724354	-10.761695883801
620.08697509766	38.095344619593	-10.077775395901
621.58599853516	38.131141239525	-9.3888051966604
623.08502197266	38.175258924635	-8.6951984790457
624.58398437500	38.227887702765	-7.9973409274084
626.08300781250	38.289191857182	-7.2956069489847
627.58197021484	38.359292615904	-6.5903434322369
629.08099365234	38.438277388880	-5.8818615510570
630.58001708984	38.526216446752	-5.1704422899584
632.07897949219	38.623159771876	-4.4563323836813
633.57800292969	38.729157085244	-3.7397415532151
635.07702636719	38.844253036257	-3.0208476948067
636.57598876953	38.968505947036	-2.2997955750031
638.07501220703	39.101984741420	-1.5767033104390
639.57397460938	39.244782359702	-0.85166974815753
641.07299804688	39.397015191886	-0.12476495240346
642.57202148438	39.558830571900	0.60393293920801
644.07098388672	39.730408826897	1.3343702488495
645.57000732422	39.911965106680	2.0664756333421
647.06896972656	40.103745375007	2.8001726171304
648.56799316406	40.306036603449	3.5353653614597
650.06701660156	40.519147981385	4.2719310387027
651.56597900391	40.743423913904	5.0097147524764
653.06500244141	40.979231935630	5.7485223850367
654.56402587891	41.226951158339	6.4881129232568
656.06298828125	41.486981895488	7.2281993231784
657.56201171875	41.759716915115	7.9684335984088
659.06097412109	42.045558557680	8.7084177189619
660.55999755859	42.344883059452	9.4476908185609
662.05902099609	42.658057244028	10.185739434044
663.55798339844	42.985409949484	10.921986438974
665.05700683594	43.327226865792	11.655796751867
666.55603027344	43.683754138016	12.386486723990
668.05499267578	44.055177969290	13.113336883951
669.55401611328	44.441625780880	13.835575658319
671.05297851563	44.843143969964	14.552405256683
672.55200195313	45.259712436271	15.263003303495
674.05102539063	45.691217906882	15.966530765387
675.54998779297	46.137479298361	16.662156383560
677.04901123047	46.598221555587	17.349049055087
678.54797363281	47.073082203843	18.026404167453
680.04699707031	47.561621445175	18.693444283568
681.54602050781	48.063318148358	19.349443246743
683.04498291016	48.577593236508	19.993724396162
684.54400634766	49.103781167101	20.625680833464
686.04302978516	49.641183823642	21.244776669042
687.54199218750	50.189038293588	21.850560416217
689.04101562500	50.746594400148	22.442661831786
690.53997802734	51.313039690853	23.020805170723
692.03900146484	51.887585583170	23.584793516737
693.53802490234	52.469460892974	24.134533691124
695.03698730469	53.057911069937	24.669997449550
696.53601074219	53.652214456702	25.191231684468
698.03497314453	54.251719342775	25.698357808146
699.53399658203	54.855835772660	26.191537402815
701.03302001953	55.464009923074	26.670969604242
702.53198242188	56.075788229792	27.136875292494
704.03100585938	56.690778634890	27.589479011296
705.53002929688	57.308650925604	28.029004298974
707.02899169922	57.929136391654	28.455629207649
708.52801513672	58.552012998588	28.869513513961
710.02697753906	59.177117381584	29.270751754368
711.52600097656	59.804284157758	29.659388695080
713.02502441406	60.433362546207	30.035385801882
714.52398681641	61.064192222064	30.398657049040
716.02301025391	61.696570459387	30.749038474013
717.52197265625	62.330270580378	31.086303694206
719.02099609375	62.964965995123	31.410188420307
720.52001953125	63.600271040473	31.720381293437
722.01898193359	64.235682964377	32.016553657713
723.51800537109	64.870595086612	32.298365190264
725.01702880859	65.504298533465	32.565528168910
726.51599121094	66.135950507147	32.817769291992
728.01501464844	66.764602682287	33.054919340057
729.51397705078	67.389197091704	33.276883531762
731.01300048828	68.008588987432	33.483720742695
732.51202392578	68.621548042731	33.675606390050
734.01098632813	69.226797669445	33.852893271274
735.51000976563	69.823043681647	34.016131621205
737.00897216797	70.408984923839	34.166046498745
738.50799560547	70.983362233771	34.303555039767
740.00701904297	71.544997138613	34.429786402055
741.50598144531	72.092813040322	34.546064014643
743.00500488281	72.625866256733	34.653851439986
744.50402832031	73.143386548913	34.754791318245
746.00299072266	73.644795423848	34.850641632838
747.50201416016	74.129750154476	34.943273771976
749.00097656250	74.598103955762	35.034592318938
750.50000000000	75.049976391356	35.126544608658
751.99902343750	75.485717069265	35.221079917618
753.49798583984	75.905911975390	35.320052233929
754.99700927734	76.311378425019	35.425285198846
756.49597167969	76.703123925845	35.538450502944
757.99499511719	77.082356341069	35.661085114352
759.49401855469	77.450441803058	35.794566518600
760.99298095703	77.808844820286	35.940075282308
762.49200439453	78.159165440925	36.098599010107
763.99102783203	78.503039295321	36.270920901996
765.48999023438	78.842136818108	36.457626657983
766.98901367188	79.178138196091	36.659112223642
768.48797607422	79.512678889361	36.875557537224
769.98699951172	79.847349628989	37.107016149517
771.48602294922	80.183661300358	37.353347092506
772.98498535156	80.523022085838	37.614300247106
774.48400878906	80.866766413205	37.889519603914
775.98297119141	81.216074279051	38.178555017507
777.48199462891	81.572026674823	38.480914837450
778.98101806641	81.935573516795	38.796050307718
780.47998046875	82.307580289401	39.123423768095
781.97900390625	82.688788758376	39.462503192192
783.47802734375	83.079851027806	39.812777283282
784.97698974609	83.481343577965	40.173792578258
786.47601318359	83.893814827012	40.545151858971
787.97497558594	84.317733502793	40.926516373753
789.47399902344	84.753578824019	41.317626171131
790.97302246094	85.201840306057	41.718281009117
792.47198486328	85.663024123903	42.128353915966
793.97100830078	86.137691670101	42.547791071019
795.46997070313	86.626454131765	42.976539579983
796.96899414063	87.130022391673	43.414641375118
798.46801757813	87.649196740251	43.862106991043
799.96697998047	88.184870371567	44.318971731278
801.46600341797	88.738034070600	44.785200199357
802.96502685547	89.309813741840	45.260761458194
804.46398925781	89.901428921185	45.745522730363
805.96301269531	90.514189573235	46.239248702066
807.46197509766	91.149509351748	46.741633056643
808.96099853516	91.808862350142	47.252185263970
810.46002197266	92.493804158228	47.770313314745
811.95898437500	93.205879105664	48.295222980000
813.45800781250	93.946721433071	48.825989975954
814.95697021484	94.717901591719	49.361473373611
816.45599365234	95.520973775492	49.900360762297
817.95501708984	96.357449740563	50.441185750212
819.45397949219	97.228754936180	50.982270434783
820.95300292969	98.136204438352	51.521798057816
822.45202636719	99.081017940467	52.057788581033
823.95098876953	100.06423256123	52.588116697551
825.45001220703	101.08674971134	53.110548019806
826.94897460938	102.14929477447	53.622743174047
828.44799804688	103.25239300617	54.122275174654
829.94702148438	104.39642431173	54.606726662911
831.44598388672	105.58153647563	55.073591683705
832.94500732422	106.80771805537	55.520395594044
834.44396972656	108.07475775903	55.944671696841
835.94299316406	109.38232007179	56.344033852139
837.44201660156	110.72988995630	56.716127966088
838.94097900391	112.11685321257	57.058715241001
840.44000244141	113.54249540698	57.369621493664
841.93902587891	115.00603918389	57.646781079067
843.43798828125	116.50665283211	57.888209840027
844.93701171875	118.04350094413	58.092000115042
846.43597412109	119.61575090481	58.256316401893
847.93499755859	121.22262639011	58.379362808463
849.43402099609	122.86338908464	58.459347763047
850.93298339844	124.53734701959	58.494472808911
852.43200683594	126.24388394188	58.482805862158
853.93103027344	127.98240112780	58.422361478314
855.42999267578	129.75239410010	58.310982824871
856.92901611328	131.55327338181	58.146308520162
858.42797851563	133.38446591126	57.925774452984
859.92700195313	135.24530739852	57.646534398201
861.42602539063	137.13490230544	57.305422370989
862.92498779297	139.05216987475	56.899033508307
864.42401123047	140.99573437408	56.423676205594
865.92297363281	142.96378160963	55.875357442989
867.42199707031	144.95402491415	55.249854504830
868.92102050781	146.96365776054	54.542824586649
870.41998291016	148.98918349886	53.749797231364
871.91900634766	151.02643219672	52.866291539312
873.41802978516	153.07050297983	51.887997007356
874.91699218750	155.11561803499	50.810769904875
876.41601562500	157.15535305057	49.630953379345
877.91497802734	159.18241999082	48.345359463743
879.41400146484	161.18878166159	46.951506230346
880.91302490234	163.16578931334	45.447758018312
882.41198730469	165.10433199149	43.833501957764
883.91101074219	166.99487021803	42.109221810188
885.40997314453	168.82758535894	40.276544560703
886.90899658203	170.59274061498	38.338431993722
888.40802001953	172.28080706619	36.299133067229
889.90698242188	173.88263753837	34.164158560320
891.40600585938	175.38980073455	31.940238223146
892.90502929688	176.79464071975	29.635197159696
894.40399169922	178.09066919713	27.257826442529
895.90301513672	179.27244338413	24.817643743707
897.40197753906	180.33593401867	22.324750580514
898.90100097656	181.27847400636	19.789540458102
900.40002441406	182.09877875525	17.222482638645
901.89898681641	182.79693738543	14.633869254881
903.39801025391	183.37416746785	12.033590372080
904.89697265625	183.83305522434	9.4309825533984
906.39599609375	184.17702732324	6.8346196405361
907.89501953125	184.41044652001	4.2522178532159
909.39398193359	184.53810861527	1.6905442915651
910.89300537109	184.56545315101	-0.84460250667604
912.39202880859	184.49795713997	-3.3483990467004
913.89099121094	184.34132234232	-5.8169503971052
915.39001464844	184.10108482084	-8.2472149144799
916.88897705078	183.78263214786	-10.636922574146
918.38800048828	183.39097797085	-12.984438547615
919.88702392578	182.93074853271	-15.288658787566
921.38598632813	182.40622049481	-17.548878739263
922.88500976563	181.82124024315	-19.764687533525
924.38397216797	181.17929050111	-21.935846084646
925.88299560547	180.48340306408	-24.062187594788
927.38201904297	179.73639863546	-26.143568509698
928.88098144531	178.94090390406	-28.179814649259
930.38000488281	178.09925249519	-30.170634851368
931.87902832031	177.21380806200	-32.115690643717
933.37799072266	176.28686105728	-34.014535811180
934.87701416016	175.32080475948	-35.866721391298
936.37597656250	174.31803301195	-37.671724849699
937.87500000000	173.28111560091	-39.429124050897
939.37402343750	172.21282350870	-41.138599018685
940.87298583984	171.11594215953	-42.799973595212
942.37200927734	169.99344530637	-44.413318456170
943.87097167969	168.84833932952	-45.978961354472
945.36999511719	167.68371486278	-47.497611410143
946.86901855469	166.50258883667	-48.970279307129
948.36798095703	165.30786922037	-50.398362835915
949.86700439453	164.10229546324	-51.783634860708
951.36602783203	162.88834721789	-53.128171674017
952.86499023438	161.66811105475	-54.434549404113
954.36401367188	160.44342624368	-55.705283219208
955.86297607422	159.21562180857	-56.943343629393
957.36199951172	157.98545354594	-58.151871731784
958.86102294922	156.75320669678	-59.333886016584
960.35998535156	155.51874801996	-60.492419288128
961.85900878906	154.28124288821	-61.630398772034
963.35797119141	153.03940657165	-62.750617945861
964.85699462891	151.79155740199	-63.855343298018
966.35601806641	150.53551849037	-64.946597416437
967.85498046875	149.26880295461	-66.025970026702
969.35400390625	147.98859232885	-67.094385962895
970.85302734375	146.69193320148	-68.152298869597
972.35198974609	145.37583282563	-69.199578041058
973.85101318359	144.03725109208	-70.235381707927
975.34997558594	142.67333887219	-71.258383823716
976.84899902344	141.28149412459	-72.266655819051
978.34802246094	139.85940394310	-73.257697807307
979.84698486328	138.40523529970	-74.228563839353
981.34600830078	136.91765328151	-75.176019018646
982.84497070313	135.39585487679	-76.096459494975
984.34399414063	133.83969705429	-76.986222147163
985.84301757813	132.24958086574	-77.841441333355
987.34197998047	130.62657945056	-78.658458654700
988.84100341797	128.97233637646	-79.433706963066
990.34002685547	127.28899909509	-80.163878709264
991.83898925781	125.57925390726	-80.846039844955
993.33801269531	123.84613535067	-81.477684304730
994.83697509766	122.09294649975	-82.056768570019
996.33599853516	120.32327443565	-82.581770268043
997.83502197266	118.54074281966	-83.051644196057
999.33398437500	116.74906004777	-83.465893696447
1000.8330078125	114.95177216148	-83.824489794570
1002.3319702148	113.15233862532	-84.127838194221
1003.8309936523	111.35396242047	-84.376726123336
1005.3300170898	109.55963280119	-84.572293949669
1006.8289794922	107.77196643187	-84.715889955805
1008.3280029297	105.99329369174	-84.809076533594
1009.8270263672	104.22563068794	-84.853488273662
1011.3259887695	102.47069359600	-84.850896586776
1012.8250122070	100.72982956496	-84.802930163189
1014.3239746094	99.004221998782	-84.711241943524
1015.8229980469	97.294755026797	-84.577373433305
1017.3220214844	95.602203785685	-84.402715596376
1018.8209838867	93.927182708807	-84.188524121394
1020.3200073242	92.270220202582	-83.935864661533
1021.8189697266	90.631823119628	-83.645743348895
1023.3179931641	89.012488407454	-83.318901659060
1024.8170166016	87.412781701638	-82.956080767095
1026.3160400391	85.833327068497	-82.557880295822
1027.8149414063	84.274829810748	-82.124817585273
1029.3139648438	82.738116468296	-81.657458990147
1030.8129882813	81.224079405993	-81.156333717370
1032.3120117188	79.733773917860	-80.622070724125
1033.8110351563	78.268263416346	-80.055302454521
1035.3100585938	76.828758132188	-79.456850098261
1036.8089599609	75.416415508339	-78.827605078766
1038.3079833984	74.032502758544	-78.168662777992
1039.8070068359	72.678208100529	-77.481243004774
1041.3060302734	71.354694828592	-76.766674842832
1042.8050537109	70.063026088259	-76.026513842719
1044.3039550781	68.804162827370	-75.262417224579
1045.8029785156	67.578930770117	-74.476163391061
1047.3020019531	66.388014634532	-73.669633094142
1048.8010253906	65.231894170384	-72.844766191452
1050.3000488281	64.110891542425	-72.003559858745
1051.7989501953	63.025118449619	-71.148048877930
1053.2979736328	61.974513809603	-70.280255939428
1054.7969970703	60.958814588724	-69.402145679311
1056.2960205078	59.977588985157	-68.515602420200
1057.7950439453	59.030213659754	-67.622470950156
1059.2939453125	58.115960754838	-66.724461679162
1060.7929687500	57.233926164224	-65.823172888169
1062.2919921875	56.383108447610	-64.920036202507
1063.7910156250	55.562427820917	-64.016360166705
1065.2900390625	54.770726422697	-63.113308590540
1066.7889404297	54.006797743277	-62.211856331432
1068.2879638672	53.269444257090	-61.312839288692
1069.7869873047	52.557420994931	-60.416932510470
1071.2860107422	51.869549021939	-59.524682844124
1072.7850341797	51.204646845492	-58.636458022060
1074.2840576172	50.561629122765	-57.752573012558
1075.7829589844	49.939442172056	-56.873149373348
1077.2819824219	49.337115107137	-55.998280955847
1078.7810058594	48.753796188828	-55.127958088001
1080.2800292969	48.188686998539	-54.262107243564
1081.7790527344	47.641102044352	-53.400622041715
1083.2779541016	47.110448670428	-52.543345895647
1084.7769775391	46.596196728539	-51.690143470684
1086.2760009766	46.097955279761	-50.840864093483
1087.7750244141	45.615370480474	-49.995375337656
1089.2740478516	45.148156387170	-49.153581295512
1090.7729492188	44.696089968649	-48.315395548187
1092.2719726563	44.259015565978	-47.480830644265
1093.7709960938	43.836780233865	-46.649883248100
1095.2700195313	43.429259529995	-45.822645702666
1096.7690429688	43.036337985647	-44.999245705799
1098.2679443359	42.657914468114	-44.179859825453
1099.7669677734	42.293840224179	-43.364701808366
1101.2659912109	41.943972842085	-42.554034064901
1102.7650146484	41.608125411051	-41.748159556271
1104.2640380859	41.286076257331	-40.947392512450
1105.7629394531	40.977549362241	-40.152054627781
1107.2619628906	40.682247110485	-39.362494309063
1108.7609863281	40.399794634625	-38.579040935367
1110.2600097656	40.129791341640	-37.802002529971
1111.7590332031	39.871786144867	-37.031691994540
1113.2580566406	39.625275429903	-36.268360362424
1114.7569580078	39.389745337883	-35.512234814071
1116.2559814453	39.164622564878	-34.763489865199
1117.7550048828	38.949321797586	-34.022245047951
1119.2540283203	38.743249334810	-33.288566753252
1120.7530517578	38.545810212319	-32.562469458325
1122.2519531250	38.356399604686	-31.843886597182
1123.7509765625	38.174433791442	-31.132703774114
1125.2500000000	37.999346620767	-30.428746798975
1126.7490234375	37.830615808509	-29.731780805871
1128.2480468750	37.667739220105	-29.041521557436
1129.7469482422	37.510290641870	-28.357641398215
1131.2459716797	37.357864479909	-27.679763950454
1132.7449951172	37.210141696670	-27.007502177608
1134.2440185547	37.066858407001	-26.340436313864
1135.7430419922	36.927817841227	-25.678140399600
1137.2419433594	36.792875970348	-25.020185888122
1138.7409667969	36.661984174124	-24.366154603151
1140.2399902344	36.535109461665	-23.715642238247
1141.7390136719	36.412321182258	-23.068289711314
1143.2380371094	36.293711518332	-22.423749424443
1144.7370605469	36.179432136436	-21.781737222710
1146.2359619141	36.069668039088	-21.142013402839
1147.7349853516	35.964637251479	-20.504390104237
1149.2340087891	35.864561889665	-19.868729267975
1150.7330322266	35.769679895470	-19.234959283555
1152.2320556641	35.680237594887	-18.603064782787
1153.7309570313	35.596463439418	-17.973084505666
1155.2299804688	35.518564878459	-17.345102707260
1156.7290039063	35.446732322254	-16.719261699726
1158.2280273438	35.381099722549	-16.095731499645
1159.7270507813	35.321799594631	-15.474734347022
1161.2259521484	35.268883354391	-14.856498181293
1162.7249755859	35.222375201812	-14.241283629974
1164.2239990234	35.182246018810	-13.629356482993
1165.7230224609	35.148410244870	-13.020975625665
1167.2220458984	35.120743200569	-12.416400749535
1168.7209472656	35.099066610825	-11.815876994097
1170.2199707031	35.083161784132	-11.219614033820
1171.7189941406	35.072774988129	-10.627794471990
1173.2180175781	35.067618662311	-10.040566846512
1174.7170410156	35.067375428671	-9.4580268399078
1176.2159423828	35.071725694844	-8.8802306380587
1177.7149658203	35.080333158045	-8.3071859819549
1179.2139892578	35.092862084403	-7.7388422612017
1180.7130126953	35.108992697559	-7.1751040750361
1182.2120361328	35.128415719086	-6.6158286739268
1183.7110595703	35.150859610527	-6.0608249092230
1185.2099609375	35.176084473492	-5.5098706137879
1186.7089843750	35.203887968863	-4.9626975117173
1188.2080078125	35.234123821766	-4.4190241333128
1189.7070312500	35.266691430660	-3.8785520924250
1191.2060546875	35.301545877872	-3.3409671850375
1192.7049560547	35.338700887029	-2.8059697016003
1194.2039794922	35.378223299597	-2.2732669944142
1195.7030029297	35.420229963368	-1.7425800047340
1197.2020263672	35.464886833485	-1.2136742794664
1198.7010498047	35.512406973053	-0.68634543985223
1200.1999511719	35.563034419287	-0.16044482039482
1201.6989746094	35.617038424575	0.36413240858852
1203.1979980469	35.674709659079	0.88742963094611
1204.6970214844	35.736342960061	1.4094264998036
1206.1960449219	35.802234594700	1.9300545746475
1207.6949462891	35.872665170706	2.4491720087171
1209.1939697266	35.947887035204	2.9665892814930
1210.6929931641	36.028125997940	3.4820534413072
1212.1920166016	36.113558964731	3.9952729434359
1213.6910400391	36.204314601288	4.5059109048691
1215.1899414063	36.300466286888	5.0136063246074
1216.6889648438	36.402018276667	5.5179705978502
1218.1879882813	36.508915960191	6.0186097490304
1219.6870117188	36.621021685499	6.5151231452597
1221.1860351563	36.738148360184	7.0071343967252
1222.6850585938	36.860026605349	7.4942878656170
1224.1839599609	36.986335866734	7.9762628850470
1225.6829833984	37.116694704082	8.4527835241518
1227.1820068359	37.250673087569	8.9236425697594
1228.6810302734	37.387805296655	9.3886871424185
1230.1800537109	37.527598097610	9.8478376376535
1231.6789550781	37.669548363471	10.301100881620
1233.1779785156	37.813150443913	10.748556588890
1234.6770019531	37.957900636896	11.190358707112
1236.1760253906	38.103343298239	11.626751860776
1237.6750488281	38.249052113654	12.058040030714
1239.1739501953	38.394660932693	12.484601603442
1240.6729736328	38.539857744495	12.906864116743
1242.1719970703	38.684409786679	13.325295624746
1243.6710205078	38.828185213021	13.740407996475
1245.1700439453	38.971108465337	14.152708750789
1246.6689453125	39.113209484415	14.562713343819
1248.1679687500	39.254605482205	14.970923646280
1249.6669921875	39.395502473044	15.377807530981
1251.1660156250	39.536170748159	15.783778398216
1252.6650390625	39.676952551730	16.189195196401
1254.1639404297	39.818251254908	16.594343555878
1255.6629638672	39.960511458492	16.999426667306
1257.1619873047	40.104201489894	17.404558483246
1258.6610107422	40.249803864277	17.809767246855
1260.1600341797	40.397798326172	18.214980475632
1261.6590576172	40.548630719454	18.620032860341
1263.1579589844	40.702721673762	19.024679667517
1264.6569824219	40.860428126991	19.428599837469
1266.1560058594	41.022041841352	19.831392153371
1267.6550292969	41.187784746727	20.232612863051
1269.1540527344	41.357763479960	20.631771357588
1270.6529541016	41.532019979167	21.028356573447
1272.1519775391	41.710473081892	21.421854169345
1273.6510009766	41.892951987088	21.811760597527
1275.1500244141	42.079188208518	22.197597675169
1276.6490478516	42.268806194804	22.578950300665
1278.1479492188	42.461380370496	22.955457552847
1279.6469726563	42.656381485852	23.326848868364
1281.1459960938	42.853244312267	23.692946264528
1282.6450195313	43.051364958706	24.053671628366
1284.1440429688	43.250125748820	24.409072910580
1285.6429443359	43.448904831675	24.759301596591
1287.1419677734	43.647117990799	25.104623462434
1288.6409912109	43.844214037388	25.445419263240
1290.1400146484	44.039725297020	25.782158222232
1291.6390380859	44.233268538488	26.115410290758
1293.1379394531	44.424559460764	26.445806472322
1294.6369628906	44.613424253529	26.774028822760
1296.1359863281	44.799840518512	27.100794182752
1297.6350097656	44.983886425095	27.426810531799
1299.1340332031	45.165789084998	27.752779735254
1300.6330566406	45.345898349742	28.079345950726
1302.1319580078	45.524669413088	28.407089243928
1303.6309814453	45.702670076659	28.736502987399
1305.1300048828	45.880556236543	29.067970589486
1306.6290283203	46.059047572492	29.401751766365
1308.1280517578	46.238907008267	29.737977682623
1309.6269531250	46.420910844918	30.076620589955
1311.1259765625	46.605831434376	30.417533511616
1312.6250000000	46.794398128710	30.760408690692
1314.1240234375	46.987294782623	31.104820145861
1315.6230468750	47.185101907211	31.450186351319
1317.1219482422	47.388318251320	31.795869815663
1318.6209716797	47.597281886470	32.141087316241
1320.1199951172	47.812220491730	32.485053529820
1321.6190185547	48.033191218534	32.826887106047
1323.1180419922	48.260098541240	33.165736268681
1324.6169433594	48.492693722542	33.500760298210
1326.1159667969	48.730538427660	33.831140341364
1327.6149902344	48.973075213413	34.156175471980
1329.1140136719	49.219601677397	34.475254187028
1330.6130371094	49.469301893334	34.787887168035
1332.1120605469	49.721254461117	35.093752984591
1333.6109619141	49.974499139630	35.392702991163
1335.1099853516	50.228031041645	35.684754143052
1336.6090087891	50.480847174957	35.970128025368
1338.1080322266	50.731998139472	36.249232821390
1339.6070556641	50.980591673580	36.522647279377
1341.1059570313	51.225867096042	36.791126076241
1342.6049804688	51.467197425095	37.055565539208
1344.1040039063	51.704104595196	37.316968859601
1345.6030273438	51.936323950606	37.576446466488
1347.1020507813	52.163786748438	37.835131319903
1348.6009521484	52.386658790595	38.094181253759
1350.0999755859	52.605269419752	38.354709993850
1351.5989990234	52.820196243521	38.617780690148
1353.0980224609	53.032185975011	38.884322179771
1354.5970458984	53.242155928809	39.155138199562
1356.0959472656	53.451178061685	39.430862736704
1357.5949707031	53.660413113093	39.711918005559
1359.0939941406	53.871081605148	39.998519000967
1360.5930175781	54.084462203752	40.290657889538
1362.0920410156	54.301804298421	40.588104604245
1363.5909423828	54.524303940055	40.890394595559
1365.0899658203	54.753073138484	41.196866096118
1366.5889892578	54.989095019349	41.506654820377
1368.0880126953	55.233156458982	41.818719986894
1369.5870361328	55.485890790614	42.131903248941
1371.0860595703	55.747706765192	42.444941046201
1372.5849609375	56.018755286891	42.756489024021
1374.0839843750	56.298945716664	43.065208723644
1375.5830078125	56.587959504057	43.369786218586
1377.0820312500	56.885230058032	43.668969883373
1378.5810546875	57.189948127809	43.961648425056
1380.0799560547	57.501104472711	44.246857742944
1381.5789794922	57.817534931035	44.523835673234
1383.0780029297	58.137912637979	44.792065984284
1384.5770263672	58.460839457957	45.051284052611
1386.0760498047	58.784854562323	45.301501190606
1387.5749511719	59.108545949426	45.543031719227
1389.0739746094	59.430540234079	45.776452409301
1390.5729980469	59.749613508383	46.002621319429
1392.0720214844	60.064712685942	46.222637648073
1393.5710449219	60.375020059423	46.437811479912
1395.0699462891	60.679976398797	46.649593242903
1396.5689697266	60.979341877981	46.859569244455
1398.0679931641	61.273119754920	47.069351926556
1399.5670166016	61.561752634332	47.280555150042
1401.0660400391	61.845859228870	47.494700128678
1402.5649414063	62.126514728010	47.713186620293
1404.0639648438	62.404984548093	47.937220368208
1405.5629882813	62.682765940718	48.167749906245
1407.0620117188	62.961566035341	48.405437362969
1408.5610351563	63.243233670129	48.650632104766
1410.0600585938	63.529592475891	48.903319116519
1411.5589599609	63.822713816298	49.163160827917
1413.0579833984	64.124292226771	49.429424196411
1414.5570068359	64.436161884383	49.701054150771
1416.0560302734	64.759820020595	49.976682060527
1417.5550537109	65.096596022484	50.254632862317
1419.0539550781	65.447468829428	50.532986309422
1420.5529785156	65.813157339668	50.809649925105
1422.0520019531	66.193908875122	51.082375498368
1423.5510253906	66.589641178294	51.348887149504
1425.0500488281	66.999804255660	51.606887650236
1426.5489501953	67.423479808706	51.854181726474
1428.0479736328	67.859291424387	52.088735954560
1429.5469970703	68.305581305053	52.308774089599
1431.0460205078	68.760268903029	52.512810693982
1432.5450439453	69.221016860206	52.699767270267
1434.0439453125	69.685402052537	52.868982601714
1435.5429687500	70.150662300334	53.020272103184
1437.0419921875	70.614254086948	53.153949881510
1438.5410156250	71.073515506432	53.270835902164
1440.0400390625	71.526086607593	53.372239720864
1441.5389404297	71.969838493045	53.459961090425
1443.0379638672	72.402978999072	53.536114054550
1444.5369873047	72.824194347132	53.603221818215
1446.0360107422	73.232635309711	53.663974306840
1447.5350341797	73.628048416284	53.721264376772
1449.0340576172	74.010698187079	53.777951126256
1450.5329589844	74.381422395225	53.836814976935
1452.0319824219	74.741606503891	53.900452026865
1453.5310058594	75.093124104258	53.971151334618
1455.0300292969	75.438253839320	54.050798672698
1456.5290527344	75.779651621628	54.140841433443
1458.0279541016	76.120230195974	54.242180751248
1459.5269775391	76.463019306001	54.355125499729
1461.0260009766	76.811085962632	54.479435335492
1462.5250244141	77.167465093892	54.614275747502
1464.0240478516	77.534982955547	54.758215820992
1465.5229492188	77.916187452755	54.909316237343
1467.0219726563	78.313240826727	55.065138635358
1468.5209960938	78.727861699434	55.222878309463
1470.0200195313	79.161215816354	55.379374141429
1471.5190429688	79.613867380077	55.531249965452
1473.0179443359	80.085738493827	55.675041586720
1474.5169677734	80.576099466308	55.807281069034
1476.0159912109	81.083529947405	55.924647231508
1477.5150146484	81.606025857601	56.024086829757
1479.0140380859	82.140921679521	56.102941038385
1480.5129394531	82.685067235448	56.159051435124
1482.0119628906	83.234893599301	56.190905231584
1483.5109863281	83.786485823539	56.197658695807
1485.0100097656	84.335824667351	56.179277507348
1486.5090332031	84.878853332375	56.136527119206
1488.0080566406	85.411691237626	56.070997934160
1489.5069580078	85.930772397188	55.985044294678
1491.0059814453	86.433038602494	55.881743543293
1492.5050048828	86.916071540446	55.764797761672
1494.0040283203	87.378217009908	55.638345330926
1495.5030517578	87.818659420472	55.506919426095
1497.0019531250	88.237525622887	55.375088460632
1498.5009765625	88.635853046197	55.247457660063
1500.0000000000	89.015585994818	55.128337211574
