#Parameters = {C=5e-15; L=3e-08; a=4000; eps_eff=6; r_i=50; r_o=52.8; t=0.1}
#"Frequency / GHz"	"Z1,1 [Real/Imaginary Part] [Re]"	"Z1,1 [Real/Imaginary Part] [Im]"
#-------------------------------------------------------------------------------------
1.0000000000000	367.68285005093	-3052.4628562982
2.4990000724792	59.067478363400	-1236.1512110593
3.9979999065399	22.730828880906	-773.50939162058
5.4970002174377	11.738837863633	-562.54402184032
6.9959998130798	7.0169969461024	-441.80777022204
8.4949998855591	4.5689835661757	-363.59286782662
9.9940004348755	3.1415279253147	-308.78138964737
11.493000030518	2.2396876040331	-268.22136729353
12.991999626160	1.6361595993411	-236.98223554082
14.491000175476	1.2146172086052	-212.17260148601
15.989999771118	0.91054008903709	-191.98501693699
17.489000320435	0.68578046247353	-175.23147628343
18.988000869751	0.51655992596231	-161.09905680831
20.486999511719	0.38750893714019	-149.01272760603
21.986000061035	0.28821039590561	-138.55433022920
23.485000610352	0.21145084546982	-129.41233044297
24.983999252319	0.15217135860705	-121.35008298275
26.482999801636	0.10653395144669	-114.18446034538
27.982000350952	0.071807347417986	-107.77156226735
29.481000900269	0.045821574887801	-101.99681815777
30.979999542236	0.026938807999050	-96.767777696369
32.479000091553	0.013865312691763	-92.009041873924
33.978000640869	0.0055554168167296	-87.658570223388
35.477001190186	0.0011788916334263	-83.664734772212
36.976001739502	5.2644819714701e-08	-79.984341500940
38.474998474121	0.0014576688012072	-76.580848006924
39.973999023438	0.0050547666437117	-73.423238059778
41.472999572754	0.010353939557213	-70.484964985679
42.972000122070	0.017008363974322	-67.743109031290
44.471000671387	0.024694285611519	-65.177903136853
45.970001220703	0.033120082483215	-62.772101024552
47.469001770020	0.042049425970920	-60.510636101841
48.967998504639	0.051262203460845	-58.380269411366
50.466999053955	0.060577766171582	-56.369307765338
51.965999603271	0.069821005739502	-54.467433000933
53.465000152588	0.078843241624201	-52.665369611561
54.964000701904	0.087526347422076	-50.954944292684
56.463001251221	0.095754133517812	-49.328810400534
57.962001800537	0.10344712313141	-47.780340356316
59.460998535156	0.11051992910976	-46.303553882568
60.959999084473	0.11691814227052	-44.893122331433
62.458999633789	0.12260156242952	-43.544097018987
63.958000183105	0.12754552849517	-42.252064523965
65.457000732422	0.13173262198139	-41.013009903720
66.956001281738	0.13517094125205	-39.823241923087
68.455001831055	0.13785709270501	-38.679401686809
69.954002380371	0.13982217067789	-37.578395903944
71.453002929688	0.14110800351069	-36.517415447119
72.952003479004	0.14175184310527	-35.493858133103
74.450996398926	0.14180444546883	-34.505351721842
75.949996948242	0.14133256852427	-33.549703850271
77.448997497559	0.14039293613281	-32.624907158104
78.947998046875	0.13905931448512	-31.729084489795
80.446998596191	0.13740912749935	-30.860504809336
81.945999145508	0.13551149632031	-30.017630010855
83.444999694824	0.13344477262912	-29.198958712591
84.944000244141	0.13128537344108	-28.403147311878
86.443000793457	0.12910845512752	-27.628975588304
87.942001342773	0.12698608873944	-26.875254379010
89.441001892090	0.12498129160772	-26.140940832841
90.940002441406	0.12316091094910	-25.425022746767
92.439002990723	0.12157775038301	-24.726579637227
93.938003540039	0.12028604516811	-24.044771215327
95.436996459961	0.11932962952803	-23.378806248438
96.935997009277	0.11874676626684	-22.727934540901
98.434997558594	0.11856351210097	-22.091477783790
99.933998107910	0.11880218775722	-21.468788505231
101.43299865723	0.11948581220286	-20.859256671631
102.93199920654	0.12061163129661	-20.262328371276
104.43099975586	0.12218371156963	-19.677464965643
105.93000030518	0.12419569878642	-19.104167573211
107.42900085449	0.12663583043972	-18.541957566652
108.92800140381	0.12948264956063	-17.990384665336
110.42700195313	0.13272554021139	-17.449021749119
111.92600250244	0.13632356821142	-16.917459912221
113.42500305176	0.14025441473561	-16.395299425164
114.92400360107	0.14448093739746	-15.882168409675
116.42299652100	0.14897843756353	-15.377698072784
117.92199707031	0.15369783482963	-14.881544127840
119.42099761963	0.15862029411528	-14.393362959807
120.91999816895	0.16370040278370	-13.912820151232
122.41899871826	0.16891035563096	-13.439601925990
123.91799926758	0.17421989413151	-12.973405365474
125.41699981689	0.17960450419767	-12.513931776973
126.91600036621	0.18503590081820	-12.060863671761
128.41499328613	0.19049542238397	-11.613936413275
129.91400146484	0.19597399866407	-11.172871906458
131.41299438477	0.20145133160922	-10.737407460912
132.91200256348	0.20693091187522	-10.307275241230
134.41099548340	0.21240810493523	-9.8822368106599
135.91000366211	0.21788039690966	-9.4620313537706
137.40899658203	0.22336765557156	-9.0464389449126
138.90800476074	0.22887095648197	-8.6352429915931
140.40699768066	0.23441384207023	-8.2282105960210
141.90600585938	0.24001591050535	-7.8251569096908
143.40499877930	0.24570208700806	-7.4258720192870
144.90400695801	0.25149175695118	-7.0301728637315
146.40299987793	0.25742144013604	-6.6378845628051
147.90199279785	0.26351679182560	-6.2488317780899
149.40100097656	0.26980937894848	-5.8628673640773
150.89999389648	0.27633401183057	-5.4798354770449
152.39900207520	0.28311816934367	-5.0995884481503
153.89799499512	0.29019752878291	-4.7220059686827
155.39700317383	0.29759664501869	-4.3469386112870
156.89599609375	0.30535042792799	-3.9742822198635
158.39500427246	0.31348069653686	-3.6039168221005
159.89399719238	0.32201441396537	-3.2357466229437
161.39300537109	0.33097513684841	-2.8696552450258
162.89199829102	0.34038008804761	-2.5055502244544
164.39100646973	0.35024417744790	-2.1433356500311
165.88999938965	0.36058694417714	-1.7829166650701
167.38900756836	0.37141364048129	-1.4242116267553
168.88800048828	0.38273813335268	-1.0671338059270
170.38699340820	0.39456138273537	-0.71158564191018
171.88600158691	0.40688970289913	-0.35750082167029
173.38499450684	0.41972324159425	-0.0047777699785290
174.88400268555	0.43306350156219	0.34664830602287
176.38299560547	0.44690912181156	0.69688322636183
177.88200378418	0.46125262440061	1.0460081128459
179.38099670410	0.47609959483989	1.3940916588188
180.88000488281	0.49143951361823	1.7412499558842
182.37899780273	0.50727120999002	2.0875558318807
183.87800598145	0.52359317623670	2.4331067833151
185.37699890137	0.54040817582131	2.7779815623647
186.87600708008	0.55771251729222	3.1222999095922
188.37500000000	0.57550770017484	3.4661284883081
189.87399291992	0.59380407537019	3.8095933845560
191.37300109863	0.61260426622948	4.1527785317941
192.87199401855	0.63192429788435	4.4957799734341
194.37100219727	0.65176959322653	4.8387056596176
195.86999511719	0.67216016168659	5.1816330271511
197.36900329590	0.69311698060816	5.5246960227315
198.86799621582	0.71466079527377	5.8679731920185
200.36700439453	0.73681723954981	6.2115722444059
201.86599731445	0.75961521625685	6.5555747836030
203.36500549316	0.78308694209728	6.9001016356335
204.86399841309	0.80726912467302	7.2452338067579
206.36300659180	0.83219642369866	7.5910700472702
207.86199951172	0.85790608726029	7.9377040037541
209.36099243164	0.88444472615283	8.2852256888657
210.86000061035	0.91185160212594	8.6337329510281
212.35899353027	0.94017588359524	8.9833011544710
213.85800170898	0.96946686268177	9.3340322039765
215.35699462891	0.99976796938890	9.6860092795851
216.85600280762	1.0311257932533	10.039307182214
218.35499572754	1.0636006073143	10.394015016461
219.85400390625	1.0972358210092	10.750233022057
221.35299682617	1.1320776502811	11.108022776749
222.85200500488	1.1681911025002	11.467470843035
224.35099792480	1.2056167210967	11.828668069020
225.85000610352	1.2444062963996	12.191691173510
227.34899902344	1.2846188143074	12.556638756492
228.84800720215	1.3263069734954	12.923584815401
230.34700012207	1.3695226667275	13.292612438002
231.84599304199	1.4143199012807	13.663828448256
233.34500122070	1.4607512202921	14.037314539964
234.84399414063	1.5088779672806	14.413168513430
236.34300231934	1.5587543211813	14.791484496640
237.84199523926	1.6104471113004	15.172376159518
239.34100341797	1.6640085166291	15.555930252185
240.83999633789	1.7195133833037	15.942267125828
242.33900451660	1.7770333288321	16.331510912501
243.83799743652	1.8366286324083	16.723755223039
245.33700561523	1.8983841276078	17.119135183703
246.83599853516	1.9623777677247	17.517780642449
248.33500671387	2.0286988558243	17.919813286604
249.83399963379	2.0974322711794	18.325368270155
251.33299255371	2.1686908142483	18.734585879874
252.83200073242	2.2425645025032	19.147620358350
254.33099365234	2.3191667186557	19.564601169849
255.83000183105	2.3986232218460	19.985691323686
257.32901000977	2.4810648493076	20.411042730436
258.82800292969	2.5666134257242	20.840815214263
260.32699584961	2.6554208844509	21.275179361773
261.82598876953	2.7476442103624	21.714287280570
263.32501220703	2.8434455730285	22.158336791097
264.82400512695	2.9430007210434	22.607473076987
266.32299804688	3.0464918196345	23.061887914457
267.82199096680	3.1541119601493	23.521772194127
269.32101440430	3.2660688978521	23.987300396878
270.82000732422	3.3825870445941	24.458657788620
272.31900024414	3.5038969173190	24.936037421809
273.81799316406	3.6302449030329	25.419638113301
275.31698608398	3.7618823155820	25.909653019319
276.81600952148	3.8991005370195	26.406305120578
278.31500244141	4.0421675839804	26.909757806982
279.81399536133	4.1914078668351	27.420268173561
281.31298828125	4.3471250083206	27.938013582061
282.81201171875	4.5096688747366	28.463216610973
284.31100463867	4.6793948296656	28.996108618380
285.80999755859	4.8566895611934	29.536908366708
287.30899047852	5.0419536429440	30.085844891096
288.80801391602	5.2355942346068	30.643130227343
290.30700683594	5.4380809617423	31.209035588402
291.80599975586	5.6498748641811	31.783769732344
293.30499267578	5.8714888492469	32.367589539461
294.80398559570	6.1034510837450	32.960736060502
296.30300903320	6.3463373815385	33.563475265943
297.80200195313	6.6007393024188	34.176028523886
299.30099487305	6.8673134798141	34.798677677048
300.79998779297	7.1467279396171	35.431658446735
302.29901123047	7.4397168174211	36.075233268893
303.79800415039	7.7470469179412	36.729652731054
305.29699707031	8.0695636084955	37.395176628543
306.79598999023	8.4081314639188	38.072033386584
308.29501342773	8.7636995898805	38.760483701923
309.79400634766	9.1372786647652	39.460747023845
311.29299926758	9.5299391958377	40.173038572866
312.79199218750	9.9428345402231	40.897561456334
314.29098510742	10.377194126587	41.634502727365
315.79000854492	10.834340964887	42.384021178798
317.28900146484	11.315676067991	43.146244119591
318.78799438477	11.822714453708	43.921251466861
320.28698730469	12.357062529714	44.709100874119
321.78601074219	12.920455177222	45.509788889426
323.28500366211	13.514727612827	46.323249500812
324.78399658203	14.141859428100	47.149333502587
326.28298950195	14.803959654898	47.987824849275
327.78201293945	15.503272380381	48.838404327700
329.28100585938	16.242209925813	49.700612036713
330.77999877930	17.023321997263	50.573900749274
332.27899169922	17.849332412676	51.457508094681
333.77801513672	18.723154387815	52.350552862544
335.27700805664	19.647850946251	53.251906264633
336.77600097656	20.626675367445	54.160218584880
338.27499389648	21.663072412638	55.073849596975
339.77398681641	22.760679142045	55.990873476610
341.27301025391	23.923283015528	56.908980358507
342.77200317383	25.154868186739	57.825488277410
344.27099609375	26.459591330754	58.737269859655
345.76998901367	27.841735708256	59.640622615112
347.26901245117	29.305673251218	60.531295607973
348.76800537109	30.855921866312	61.404430073771
350.26699829102	32.496954887801	62.254381739291
351.76599121094	34.233278906700	63.074742517004
353.26501464844	36.069252544870	63.858211606413
354.76400756836	38.009028620942	64.596503643056
356.26300048828	40.056446795894	65.280312231914
357.76199340820	42.214822802517	65.899185435923
359.26098632813	44.486891719884	66.441523141487
360.76000976563	46.874444312594	66.894463847770
362.25900268555	49.378202092392	67.243874596113
363.75799560547	51.997489017665	67.474385999499
365.25698852539	54.729976443441	67.569449207514
366.75601196289	57.571257471933	67.511432516142
368.25500488281	60.514570813669	67.281785240989
369.75399780273	63.550390243845	66.861334939036
371.25299072266	66.666116488913	66.230696663363
372.75201416016	69.845682598068	65.370648009212
374.25100708008	73.069379048609	64.262835034025
375.75000000000	76.313603967653	62.890385962982
377.24899291992	79.550887381781	61.238770031478
378.74798583984	82.750055337397	59.296680812906
380.24700927734	85.876540933089	57.056910507590
381.74600219727	88.893008068520	54.517309792915
383.24499511719	91.760232229760	51.681546378922
384.74398803711	94.438157016312	48.559792056922
386.24301147461	96.887209972070	45.169136384709
387.74200439453	99.069768312522	41.533630510496
389.24099731445	100.95169066721	37.684085641057
390.73999023438	102.50370713643	33.657353148199
392.23901367188	103.70283556977	29.495333739812
393.73800659180	104.53327239611	25.243591714756
395.23699951172	104.98716223077	20.949784324118
396.73599243164	105.06479121243	16.661952813297
398.23498535156	104.77440536101	12.426805774009
399.73400878906	104.13160018758	8.2881538984425
401.23300170898	103.15838498529	4.2855870305037
402.73199462891	101.88200689147	0.45344535275589
404.23098754883	100.33358041082	-3.1798477076826
405.73001098633	98.546756029524	-6.5921011140672
407.22900390625	96.556330815653	-9.7673353639646
408.72799682617	94.397156069464	-12.695499943714
410.22698974609	92.103053334599	-15.371965980599
411.72601318359	89.706043597658	-17.796880410861
413.22500610352	87.235744979398	-19.974433621032
414.72399902344	84.719030494500	-21.912109893516
416.22299194336	82.179725375775	-23.619959889248
417.72198486328	79.638645375550	-25.109907384998
419.22100830078	77.113609440064	-26.395167688346
420.72000122070	74.619570311128	-27.489712629467
422.21899414063	72.168831826482	-28.407810154001
423.71798706055	69.771295865763	-29.163728436326
425.21701049805	67.434732804251	-29.771418239057
426.71600341797	65.165009344715	-30.244332638643
428.21499633789	62.966362616710	-30.595277744298
429.71398925781	60.841629213434	-30.836301795370
431.21301269531	58.792488277482	-30.978656800857
432.71200561523	56.819630020684	-31.032777727027
434.21099853516	54.922941634676	-31.008261233943
435.70999145508	53.101666401919	-30.913891509168
437.20901489258	51.354538788422	-30.757688939838
438.70800781250	49.679885654145	-30.546931796100
440.20700073242	48.075735882097	-30.288186854820
441.70599365234	46.539888044211	-29.987399575634
443.20498657227	45.069998268470	-29.649895919367
444.70401000977	43.663613725001	-29.280479953910
446.20300292969	42.318217792223	-28.883422539640
447.70199584961	41.031296348093	-28.462550791546
449.20098876953	39.800319832290	-28.021278004573
450.70001220703	38.622829204813	-27.562660023786
452.19900512695	37.496385418867	-27.089389289352
453.69799804688	36.418593580810	-26.603840324239
455.19699096680	35.387195668247	-26.108168996261
456.69601440430	34.399975672442	-25.604241652389
458.19500732422	33.454807495075	-25.093728148122
459.69400024414	32.549646665744	-24.578067524470
461.19299316406	31.682550299644	-24.058564255305
462.69198608398	30.851658671392	-23.536345364319
464.19100952148	30.055211595400	-23.012409770390
465.69000244141	29.291524766088	-22.487625996028
467.18899536133	28.558996614070	-21.962746484082
468.68798828125	27.856109741025	-21.438431231218
470.18701171875	27.181438285616	-20.915252255092
471.68600463867	26.533610059777	-20.393712950255
473.18499755859	25.911344239341	-19.874237509514
474.68399047852	25.313418766832	-19.357187561161
476.18301391602	24.738676993007	-18.842877463052
477.68200683594	24.186030337354	-18.331565971325
479.18099975586	23.654447006565	-17.823486067087
480.67999267578	23.142943820708	-17.318814183951
482.17898559570	22.650609821710	-16.817706813092
483.67800903320	22.176558919117	-16.320274928049
485.17700195313	21.719973740715	-15.826620333876
486.67599487305	21.280058737287	-15.336812032588
488.17498779297	20.856084584023	-14.850909581432
489.67401123047	20.447348394277	-14.368945117649
491.17300415039	20.053182550910	-13.890931571721
492.67199707031	19.672961696280	-13.416876983882
494.17098999023	19.306082990170	-12.946772304300
495.67001342773	18.951985003030	-12.480604801918
497.16900634766	18.610134276157	-12.018337635284
498.66799926758	18.280018732697	-11.559935710452
500.16699218750	17.961160634738	-11.105355618028
501.66598510742	17.653090052192	-10.654547981923
503.16500854492	17.355386891860	-10.207451568327
504.66400146484	17.067630555153	-9.7640110733105
506.16299438477	16.789430772392	-9.3241548159775
507.66198730469	16.520417690354	-8.8878115212407
509.16101074219	16.260227832398	-8.4549120557180
510.66000366211	16.008536784996	-8.0253822292328
512.15899658203	15.765019572872	-7.5991232629598
513.65802001953	15.529373766076	-7.1760812485023
515.15698242188	15.301311940272	-6.7561552502368
516.65600585938	15.080562758465	-6.3392672522497
518.15502929688	14.866860021074	-5.9253244240147
519.65399169922	14.659964140473	-5.5142496898112
521.15301513672	14.459635054097	-5.1059414392728
522.65197753906	14.265658183505	-4.7003243130623
524.15100097656	14.077811362801	-4.2973001797226
525.65002441406	13.895904925107	-3.8967923281393
527.14898681641	13.719747424201	-3.4986981640442
528.64801025391	13.549155688742	-3.1029424597551
530.14697265625	13.383960015316	-2.7094275355632
531.64599609375	13.224001807454	-2.3180697686593
533.14501953125	13.069118250509	-1.9287803253707
534.64398193359	12.919181593712	-1.5414733925056
536.14300537109	12.774046169012	-1.1560698056342
537.64202880859	12.633577565432	-0.77247635555080
539.14099121094	12.497657829963	-0.39061366460348
540.64001464844	12.366171724583	-0.010395073785995
542.13897705078	12.239010784581	0.36825618033726
543.63800048828	12.116064131599	0.74541477885278
545.13702392578	11.997240676578	1.1211709618630
546.63598632813	11.882443933635	1.4955997533998
548.13500976563	11.771587674035	1.8687789019981
549.63397216797	11.664589499624	2.2407760859932
551.13299560547	11.561372752350	2.6116841559790
552.63201904297	11.461858939663	2.9815637481008
554.13098144531	11.365982788737	3.3504876754483
555.63000488281	11.273675149734	3.7185428186282
557.12902832031	11.184875045182	4.0857831354725
558.62799072266	11.099528147897	4.4522988672475
560.12701416016	11.017577970119	4.8181571738342
561.62597656250	10.938973666655	5.1834168190207
563.12500000000	10.863666963868	5.5481592229987
564.62402343750	10.791616434997	5.9124588616007
566.12298583984	10.722776015906	6.2763746685983
567.62200927734	10.657114300395	6.6399896296482
569.12097167969	10.594592929789	7.0033606317340
570.61999511719	10.535184521735	7.3665717874826
572.11901855469	10.478856738324	7.7296837215553
573.61798095703	10.425583256036	8.0927737763795
575.11700439453	10.375352868581	8.4559086422412
576.61602783203	10.328134065655	8.8191650918605
578.11499023438	10.283923355900	9.1826056547073
579.61401367188	10.242697734972	9.5463070500366
581.11297607422	10.204454907668	9.9103412559463
582.61199951172	10.169189762439	10.274784192625
584.11102294922	10.136903269470	10.639696953994
585.60998535156	10.107588106119	11.005160109353
587.10900878906	10.081258373486	11.371255443394
588.60797119141	10.057918328542	11.738037604517
590.10699462891	10.037575832989	12.105591594571
591.60601806641	10.020250934310	12.473992443798
593.10498046875	10.005963157607	12.843308377652
594.60400390625	9.9947354100642	13.213614624893
596.10302734375	9.9865914429066	13.584982546693
597.60198974609	9.9815608139721	13.957495701864
599.10101318359	9.9796885567381	14.331230035124
600.59997558594	9.9809936172149	14.706232533247
602.09899902344	9.9855273339636	15.082610570831
603.59802246094	9.9933275494230	15.460418169021
605.09698486328	10.004456696618	15.839741439475
606.59600830078	10.018948422892	16.220634084797
608.09497070313	10.036872469623	16.603202783011
609.59399414063	10.058287863249	16.987487404423
611.09301757813	10.083262434162	17.373591475506
612.59197998047	10.111851086479	17.761578469498
614.09100341797	10.144139883710	18.151517603802
615.59002685547	10.180200609355	18.543490034073
617.08898925781	10.220112261162	18.937560206170
618.58801269531	10.263965806565	19.333811866150
620.08697509766	10.311852038339	19.732330148162
621.58599853516	10.363868215105	20.133180603433
623.08502197266	10.420109511205	20.536437776729
624.58398437500	10.480690078241	20.942175502050
626.08300781250	10.545716589227	21.350466220205
627.58197021484	10.615311903301	21.761415635061
629.08099365234	10.689604366783	22.175073328014
630.58001708984	10.768717423204	22.591518067231
632.07897949219	10.852787257303	23.010838073606
633.57800292969	10.941969355130	23.433099847602
635.07702636719	11.036407146178	23.858393755483
636.57598876953	11.136264666249	24.286788024493
638.07501220703	11.241709123000	24.718360175564
639.57397460938	11.352922655621	25.153186714305
641.07299804688	11.470092900592	25.591344232191
642.57202148438	11.593410509468	26.032913757458
644.07098388672	11.723084342736	26.477945661071
645.57000732422	11.859340795373	26.926550623892
647.06896972656	12.002398821160	27.378763890720
648.56799316406	12.152508330015	27.834691363031
650.06701660156	12.309913783411	28.294360140582
651.56597900391	12.474881088796	28.757844256228
653.06500244141	12.647696978753	29.225223787178
654.56402587891	12.828653849127	29.696529530479
656.06298828125	13.018053793108	30.171824611548
657.56201171875	13.216230687370	30.651159136963
659.06097412109	13.423518267586	31.134564487489
660.55999755859	13.640272091741	31.622068955864
662.05902099609	13.866866585313	32.113707079423
663.55798339844	14.103704660413	32.609500590395
665.05700683594	14.351178865447	33.109437899456
666.55603027344	14.609741796501	33.613553241061
668.05499267578	14.879822052433	34.121778640593
669.55401611328	15.161912001527	34.634124586446
671.05297851563	15.456501527888	35.150544861570
672.55200195313	15.764108795974	35.670969508942
674.05102539063	16.085264780950	36.195331802241
675.54998779297	16.420548749395	36.723527429742
677.04901123047	16.770552635721	37.255460714045
678.54797363281	17.135886934168	37.790966250312
680.04699707031	17.517199360982	38.329892520664
681.54602050781	17.915163095933	38.872045549747
683.04498291016	18.330473888073	39.417176786953
684.54400634766	18.763863235576	39.965051495088
686.04302978516	19.216091284824	40.515366225941
687.54199218750	19.687949168844	41.067775085342
689.04101562500	20.180260419536	41.621902838985
690.53997802734	20.693859357567	42.177301027643
692.03900146484	21.229633633650	42.733486463029
693.53802490234	21.788491708796	43.289918176684
695.03698730469	22.371360540038	43.845970613626
696.53601074219	22.979220569843	44.400966729446
698.03497314453	23.613050666963	44.954151678626
699.53399658203	24.273873859131	45.504673613841
701.03302001953	24.962734054481	46.051610634864
702.53198242188	25.680659516923	46.593919587107
704.03100585938	26.428738088747	47.130459943342
705.53002929688	27.208049084292	47.659992400764
707.02899169922	28.019667944332	48.181128391574
708.52801513672	28.864661626104	48.692369109640
710.02697753906	29.744106262616	49.192068764835
711.52600097656	30.659044331825	49.678412472307
713.02502441406	31.610452944398	50.149439297468
714.52398681641	32.599323870924	50.603039086941
716.02301025391	33.626526262848	51.036879613889
717.52197265625	34.692879294269	51.448480073587
719.02099609375	35.799097104930	51.835130917216
720.52001953125	36.945766755443	52.193950990894
722.01898193359	38.133295192307	52.521832885587
723.51800537109	39.361979191013	52.815470391424
725.01702880859	40.631849262094	53.071352584968
726.51599121094	41.942721338924	53.285726493341
728.01501464844	43.294123961104	53.454682325611
729.51397705078	44.685307745609	53.574111085560
731.01300048828	46.115113442606	53.639720809258
732.51202392578	47.582022124149	53.647059049894
734.01098632813	49.084079707250	53.591600317852
735.51000976563	50.618846529277	53.468674311404
737.00897216797	52.183356557891	53.273596221730
738.50799560547	53.774100130382	53.001704008560
740.00701904297	55.386973035188	52.648382939584
741.50598144531	57.017255068378	52.209217539429
743.00500488281	58.659608762059	51.679966131451
744.50402832031	60.308004851839	51.056722179804
746.00299072266	61.955824064114	50.335992770212
747.50201416016	63.595803336737	49.514796013279
749.00097656250	65.220062343177	48.590759690069
750.50000000000	66.820228937101	47.562235407567
751.99902343750	68.387418875384	46.428402910890
753.49798583984	69.912413114963	45.189364250407
754.99700927734	71.385692487022	43.846207577560
756.49597167969	72.797623009830	42.401115086743
757.99499511719	74.138561224187	40.857384726661
759.49401855469	75.399044171184	39.219473675263
760.99298095703	76.569949940105	37.493001284542
762.49200439453	77.642624654123	35.684695835437
763.99102783203	78.609157935943	33.802394994217
765.48999023438	79.462420747750	31.854881850459
766.98901367188	80.196305342294	29.851841997778
768.48797607422	80.805820343792	27.803674495051
769.98699951172	81.287175981421	25.721340114979
771.48602294922	81.637887827645	23.616181843661
772.98498535156	81.856817606619	21.499737113503
774.48400878906	81.944151723896	19.383533363658
775.98297119141	81.901418197572	17.278906320846
777.48199462891	81.731359240076	15.196795936367
778.98101806641	81.437935527825	13.147614619216
780.47998046875	81.026144736608	11.141075674672
781.97900390625	80.501906107844	9.1860736492972
783.47802734375	79.871934446907	7.2906009903523
784.97698974609	79.143570624889	5.4616722062462
786.47601318359	78.324623907039	3.7052878718037
787.97497558594	77.423247023111	2.0264212200534
789.47399902344	76.447737208625	0.42902638631310
790.97302246094	75.406460661065	-1.0839270048722
792.47198486328	74.307688332728	-2.5104057410375
793.97100830078	73.159518877552	-3.8492529258975
795.46997070313	71.969763957471	-5.1001110394723
796.96899414063	70.745891908978	-6.2633430581468
798.46801757813	69.494965843370	-7.3399534753860
799.96697998047	68.223596407438	-8.3314961275795
801.46600341797	66.937925909295	-9.2400002614359
802.96502685547	65.643593107516	-10.067881124124
804.46398925781	64.345746921420	-10.817870916850
805.96301269531	63.049038914678	-11.492951202008
807.46197509766	61.757635590587	-12.096279443598
808.96099853516	60.475245842665	-12.631143591619
810.46002197266	59.205124685416	-13.100904275165
811.95898437500	57.950116536590	-13.508958384804
813.45800781250	56.712676151369	-13.858693614027
814.95697021484	55.494886779921	-14.153462237669
816.45599365234	54.298503795255	-14.396554877762
817.95501708984	53.124982917720	-14.591175254841
819.45397949219	51.975500348523	-14.740435803010
820.95300292969	50.850972659898	-14.847322346890
822.45202636719	49.752118630372	-14.914708561271
823.95098876953	48.679433491585	-14.945336961339
825.45001220703	47.633247702271	-14.941818717346
826.94897460938	46.613735548521	-14.906624945939
828.44799804688	45.620944715977	-14.842101766965
829.94702148438	44.654799119623	-14.750454581490
831.44598388672	43.715113318591	-14.633760149442
832.94500732422	42.801631173191	-14.493972962137
834.44396972656	41.914014822135	-14.332914743471
835.94299316406	41.051871423863	-14.152302996288
837.44201660156	40.214748118027	-13.953725039599
838.94097900391	39.402158120732	-13.738672799491
840.44000244141	38.613577070091	-13.508524527428
841.93902587891	37.848464834558	-13.264578931116
843.43798828125	37.106253134827	-13.008024224186
844.93701171875	36.386359497571	-12.739968762523
846.43597412109	35.688199447797	-12.461445357008
847.93499755859	35.011173358175	-12.173393409826
849.43402099609	34.354702751104	-11.876705930010
850.93298339844	33.718180871638	-11.572186036140
852.43200683594	33.101027625443	-11.260587180299
853.93103027344	32.502665609706	-10.942600331278
855.42999267578	31.922519647220	-10.618855319847
856.92901611328	31.360029748742	-10.289945442465
858.42797851563	30.814651804901	-9.9564151219765
859.92700195313	30.285845942415	-9.6187468462846
861.42602539063	29.773089801318	-9.2774078681371
862.92498779297	29.275879970776	-8.9328062022225
864.42401123047	28.793711646306	-8.5853348642639
865.92297363281	28.326116814879	-8.2353488142051
867.42199707031	27.872618862284	-7.8831527560269
868.92102050781	27.432777225657	-7.5290517182451
870.41998291016	27.006153038953	-7.1733182887543
871.91900634766	26.592322773722	-6.8161901038698
873.41802978516	26.190876511112	-6.4578975768888
874.91699218750	25.801432877548	-6.0986381740503
876.41601562500	25.423604220628	-5.7386021051390
877.91497802734	25.057028870896	-5.3779582355795
879.41400146484	24.701352123371	-5.0168609225530
880.91302490234	24.356238852396	-4.6554423912187
882.41198730469	24.021358583731	-4.2938322962320
883.91101074219	23.696398867320	-3.9321430054036
885.40997314453	23.381053140690	-3.5704679809575
886.90899658203	23.075038620168	-3.2089088447109
888.40802001953	22.778067269311	-2.8475373884945
889.90698242188	22.489874001911	-2.4864332623022
891.40600585938	22.210195454864	-2.1256421556335
892.90502929688	21.938783801414	-1.7652449725434
894.40399169922	21.675396386930	-1.4052629166599
895.90301513672	21.419806893580	-1.0457512659758
897.40197753906	21.171792577167	-0.68673790428237
898.90100097656	20.931137060529	-0.32826331477592
900.40002441406	20.697636724827	0.029667358233326
901.89898681641	20.471100651574	0.38702870645934
903.39801025391	20.251330157000	0.74379882682878
904.89697265625	20.038153047298	1.0999880232519
906.39599609375	19.831392925488	1.4555832361011
907.89501953125	19.630883395113	1.8105777118819
909.39398193359	19.436463701073	2.1649842381605
910.89300537109	19.247984000877	2.5188045425956
912.39202880859	19.065293893616	2.8720498402042
913.89099121094	18.888257628376	3.2247390744460
915.39001464844	18.716741266118	3.5768781077885
916.88897705078	18.550619551953	3.9284908209978
918.38800048828	18.389771701794	4.2795977518630
919.88702392578	18.234074715698	4.6302133548173
921.38598632813	18.083428791361	4.9803654719256
922.88500976563	17.937724035668	5.3300859687525
924.38397216797	17.796862694266	5.6794017019844
925.88299560547	17.660751826342	6.0283287368932
927.38201904297	17.529299721650	6.3769079925403
928.88098144531	17.402427327993	6.7251754926086
930.38000488281	17.280051818603	7.0731482093978
931.87902832031	17.162095247968	7.4208642646961
933.37799072266	17.048494700919	7.7683637208589
934.87701416016	16.939180005097	8.1156704785714
936.37597656250	16.834089601368	8.4628257309187
937.87500000000	16.733167144477	8.8098706195592
939.37402343750	16.636355539104	9.1568271787281
940.87298583984	16.543604694708	9.5037373960063
942.37200927734	16.454874599356	9.8506399213440
943.87097167969	16.370112382118	10.197580817809
945.36999511719	16.289278435704	10.544574715988
946.86901855469	16.212341503002	10.891670575368
948.36798095703	16.139273614438	11.238908061680
949.86700439453	16.070030710951	11.586321123578
951.36602783203	16.004599383889	11.933954359473
952.86499023438	15.942945807331	12.281834944817
954.36401367188	15.885048061303	12.630004844253
955.86297607422	15.830898638437	12.978509594923
957.36199951172	15.780477752607	13.327389191008
958.86102294922	15.733766110290	13.676675412601
960.35998535156	15.690764765999	14.026410697350
961.85900878906	15.651468364514	14.376638499366
963.35797119141	15.615861123409	14.727389038265
964.85699462891	15.583957253386	15.078729373636
966.35601806641	15.555751921842	15.430665994414
967.85498046875	15.531249264293	15.783257927610
969.35400390625	15.510471617154	16.136565495428
970.85302734375	15.493410879179	16.490592554155
972.35198974609	15.480096803614	16.845410621456
973.85101318359	15.470549402296	17.201048457611
975.34997558594	15.464791723954	17.557568274035
976.84899902344	15.462843703544	17.914990126473
978.34802246094	15.464736701716	18.273374220791
979.84698486328	15.470505304047	18.632748133317
981.34600830078	15.480183976398	18.993168724197
982.84497070313	15.493819884832	19.354667088144
984.34399414063	15.511454498937	19.717304004105
985.84301757813	15.533142175698	20.081117692917
987.34197998047	15.558922675728	20.446126148413
988.84100341797	15.588870273872	20.812406566751
990.34002685547	15.623038332809	21.179970651016
991.83898925781	15.661490635345	21.548881896491
993.33801269531	15.704298234134	21.919165201436
994.83697509766	15.751535273745	22.290859250500
996.33599853516	15.803287898169	22.664018652820
997.83502197266	15.859626747608	23.038657856151
999.33398437500	15.920650772237	23.414826686009
1000.8330078125	15.986447206312	23.792539985193
1002.3319702148	16.057119869924	24.171846814615
1003.8309936523	16.132764621588	24.552786315010
1005.3300170898	16.213493675854	24.935366174371
1006.8289794922	16.299417405505	25.319638755298
1008.3280029297	16.390655701905	25.705601954006
1009.8270263672	16.487331554188	26.093294771050
1011.3259887695	16.589577509518	26.482747275617
1012.8250122070	16.697513905656	26.873943781176
1014.3239746094	16.811299826671	27.266920767213
1015.8229980469	16.931073357212	27.661711549827
1017.3220214844	17.056976974551	28.058290453490
1018.8209838867	17.189184148098	28.456690842768
1020.3200073242	17.327857115107	28.856914514212
1021.8189697266	17.473160891452	29.258929380525
1023.3179931641	17.625280892653	29.662776512104
1024.8170166016	17.784399986813	30.068414118292
1026.3160400391	17.950714811673	30.475862310633
1027.8149414063	18.124422114245	30.885066198686
1029.3139648438	18.305746928155	31.296050186260
1030.8129882813	18.494891413697	31.708733196343
1032.3120117188	18.692078607083	32.123104827986
1033.8110351563	18.897557526756	32.539128810401
1035.3100585938	19.111571401146	32.956756020270
1036.8089599609	19.334371852987	33.375929610734
1038.3079833984	19.566213788510	33.796565873876
1039.8070068359	19.807388268300	34.218617390315
1041.3060302734	20.058166471360	34.641966098543
1042.8050537109	20.318855561512	35.066564476589
1044.3039550781	20.589748606263	35.492249215097
1045.8029785156	20.871156272339	35.918919808083
1047.3020019531	21.163422528784	36.346449405949
1048.8010253906	21.466871579297	36.774672749263
1050.3000488281	21.781866757619	37.203453684027
1051.7989501953	22.108754535365	37.632571792056
1053.2979736328	22.447901510276	38.061825390271
1054.7969970703	22.799689051686	38.490989483340
1056.2960205078	23.164516629005	38.919833043070
1057.7950439453	23.542772128181	39.348073825096
1059.2939453125	23.934890069606	39.775425452577
1060.7929687500	24.341249620430	40.201524677498
1062.2919921875	24.762315150172	40.626091332168
1063.7910156250	25.198491646593	41.048674369201
1065.2900390625	25.650229308593	41.468880513325
1066.7889404297	26.117962733469	41.886249081785
1068.2879638672	26.602166987352	42.300330349790
1069.7869873047	27.103276907617	42.710548021838
1071.2860107422	27.621741430589	43.116380053513
1072.7850341797	28.158016264915	43.517173335428
1074.2840576172	28.712543876338	43.912296173961
1075.7829589844	29.285766788071	44.301027381665
1077.2819824219	29.878121551485	44.682619722547
1078.7810058594	30.490024479747	45.056251318567
1080.2800292969	31.121881343975	45.421082745287
1081.7790527344	31.774074798514	45.776152190460
1083.2779541016	32.446976971035	46.120507309507
1084.7769775391	33.140909815478	46.453097850956
1086.2760009766	33.856186550882	46.772817645483
1087.7750244141	34.593060133154	47.078478571131
1089.2740478516	35.351741004817	47.368843755557
1090.7729492188	36.132421375521	47.642616623792
1092.2719726563	36.935184112711	47.898418073169
1093.7709960938	37.760096426378	48.134813199704
1095.2700195313	38.607088835618	48.350258297985
1096.7690429688	39.476073792029	48.543209177473
1098.2679443359	40.366827920250	48.711979701372
1099.7669677734	41.279044532411	48.854893366580
1101.2659912109	42.212305451177	48.970185080795
1102.7650146484	43.166050015683	49.056015926026
1104.2640380859	44.139600599875	49.110528259647
1105.7629394531	45.132136901729	49.131830889226
1107.2619628906	46.142674233274	49.117981443028
1108.7609863281	47.170058095084	49.067011539999
1110.2600097656	48.212978106584	48.976984339554
1111.7590332031	49.269896754247	48.845926596514
1113.2580566406	50.339131790750	48.671931176274
1114.7569580078	51.418760467951	48.453100859532
1116.2559814453	52.506658306746	48.187604988447
1117.7550048828	53.600505948518	47.873731962493
1119.2540283203	54.697755918065	47.509856985039
1120.7530517578	55.795636826137	47.094462150169
1122.2519531250	56.891204102443	46.626252070533
1123.7509765625	57.981236630588	46.104054726979
1125.2500000000	59.062404385877	45.526967749702
1126.7490234375	60.131150301709	44.894297595808
1128.2480468750	61.183776625897	44.205642373937
1129.7469482422	62.216427826440	43.460885705095
1131.2459716797	63.225158342739	42.660244104510
1132.7449951172	64.205940524973	41.804267601385
1134.2440185547	65.154703206121	40.893874951297
1135.7430419922	66.067372889925	39.930360232183
1137.2419433594	66.939899943436	38.915398187028
1138.7409667969	67.768328609559	37.851057013324
1140.2399902344	68.548832106175	36.739789888879
1141.7390136719	69.277756927762	35.584444417463
1143.2380371094	69.951645923579	34.388202779661
1144.7370605469	70.567332269308	33.154612899134
1146.2359619141	71.121941225276	31.887533872703
1147.7349853516	71.612945162437	30.591110397204
1149.2340087891	72.038197708191	29.269722781984
1150.7330322266	72.395937440620	27.927965142257
1152.2320556641	72.684861163604	26.570571012240
1153.7309570313	72.904085418083	25.202375514640
1155.2299804688	73.053176680527	23.828269594290
1156.7290039063	73.132170593387	22.453149148764
1158.2280273438	73.141532669758	21.081846826342
1159.7270507813	73.082170268380	19.719082517120
1161.2259521484	72.955401530488	18.369444696466
1162.7249755859	72.762936539631	17.037326396470
1164.2239990234	72.506823649403	15.726870374217
1165.7230224609	72.189459251059	14.441976485039
1167.2220458984	71.813504649638	13.186237944715
1168.7209472656	71.381872317190	11.962931055279
1170.2199707031	70.897678079142	10.775015840450
1171.7189941406	70.364200332083	9.6250967412320
1173.2180175781	69.784837634053	8.5154449919776
1174.7170410156	69.163067178053	7.4479828476923
1176.2159423828	68.502410077714	6.4242934608172
1177.7149658203	67.806401482835	5.4456344546829
1179.2139892578	67.078547709231	4.5129473529081
1180.7130126953	66.322299108252	3.6268731520056
1182.2120361328	65.541037937847	2.7877741161993
1183.7110595703	64.738039543032	1.9957519469848
1185.2099609375	63.916460465335	1.2506696663438
1186.7089843750	63.079328433723	0.55217417270842
1188.2080078125	62.229525738494	-0.10028198851802
1189.7070312500	61.369774126850	-0.70741809654886
1191.2060546875	60.502641232538	-1.2701036919834
1192.7049560547	59.630527752022	-1.7893376780743
1194.2039794922	58.755670018106	-2.2662281277362
1195.7030029297	57.880138032391	-2.7019743145314
1197.2020263672	57.005840554211	-3.0978486752746
1198.7010498047	56.134525827865	-3.4551809369877
1200.1999511719	55.267787855763	-3.7753436193851
1201.6989746094	54.407071452031	-4.0597383443437
1203.1979980469	53.553679672442	-4.3097837019833
1204.6970214844	52.708776860239	-4.5269052962406
1206.1960449219	51.873400956315	-4.7125269493640
1207.6949462891	51.048469646274	-4.8680607413955
1209.1939697266	50.234784711800	-4.9949004041537
1210.6929931641	49.433042035535	-5.0944177390017
1212.1920166016	48.643841806570	-5.1679544309786
1213.6910400391	47.867686660144	-5.2168188846060
1215.1899414063	47.105000466662	-5.2422837519291
1216.6889648438	46.356127366163	-5.2455815176401
1218.1879882813	45.621338146713	-5.2279040234509
1219.6870117188	44.900845212783	-5.1904007310451
1221.1860351563	44.194794513745	-5.1341734641429
1222.6850585938	43.503284954111	-5.0602837733866
1224.1839599609	42.826362328801	-4.9697505946037
1225.6829833984	42.164031043162	-4.8635397858511
1227.1820068359	41.516258826738	-4.7425787206456
1228.6810302734	40.882978349094	-4.6077491732206
1230.1800537109	40.264089434181	-4.4598912431300
1231.6789550781	39.659469478634	-4.2998016978648
1233.1779785156	39.068968822382	-4.1282309313918
1234.6770019531	38.492416522955	-3.9458978319953
1236.1760253906	37.929629534618	-3.7534813467226
1237.6750488281	37.380410811296	-3.5516175838270
1239.1739501953	36.844543301979	-3.3409133983489
1240.6729736328	36.321807129689	-3.1219330742688
1242.1719970703	35.811973402675	-2.8952128379891
1243.6710205078	35.314802142692	-2.6612549836757
1245.1700439453	34.830057487887	-2.4205375715503
1246.6689453125	34.357493350365	-2.1735024919064
1248.1679687500	33.896864864026	-1.9205653299852
1249.6669921875	33.447923684689	-1.6621241824852
1251.1660156250	33.010425217561	-1.3985343515714
1252.6650390625	32.584127568444	-1.1301469046149
1254.1639404297	32.168786049922	-0.85728573019927
1255.6629638672	31.764164737421	-0.58024636541289
1257.1619873047	31.370023371758	-0.29931040900661
1258.6610107422	30.986130906660	-0.014741664037651
1260.1600341797	30.612261630702	0.27321233094084
1261.6590576172	30.248190462482	0.56432392504455
1263.1579589844	29.893697111684	0.85837513788346
1264.6569824219	29.548572671467	1.1551668142180
1266.1560058594	29.212600648211	1.4545138202925
1267.6550292969	28.885587517473	1.7562361859301
1269.1540527344	28.567327334727	2.0601751389175
1270.6529541016	28.257630273648	2.3661782039370
1272.1519775391	27.956307833683	2.6740983404142
1273.6510009766	27.663175861431	2.9838044656417
1275.1500244141	27.378058605393	3.2951714073096
1276.6490478516	27.100782853383	3.6080840372530
1278.1479492188	26.831181360747	3.9224368123362
1279.6469726563	26.569090987618	4.2381320704969
1281.1459960938	26.314350468051	4.5550677348510
1282.6450195313	26.066804827307	4.8731603871735
1284.1440429688	25.826311028903	5.1923361678227
1285.6429443359	25.592717312661	5.5125145580352
1287.1419677734	25.365887999364	5.8336303616457
1288.6409912109	25.145680910369	6.1556191660485
1290.1400146484	24.931970930564	6.4784304220684
1291.6390380859	24.724625215531	6.8020089073716
1293.1379394531	24.523517298019	7.1263030204833
1294.6369628906	24.328529552708	7.4512764963961
1296.1359863281	24.139550048440	7.7768872001650
1297.6350097656	23.956459908376	8.1031070340098
1299.1340332031	23.779156070785	8.4299081483789
1300.6330566406	23.607531915373	8.7572586488609
1302.1319580078	23.441494549380	9.0851482501853
1303.6309814453	23.280938565043	9.4135488303687
1305.1300048828	23.125786058577	9.7424621624795
1306.6290283203	22.975940603316	10.071862572242
1308.1280517578	22.831324397319	10.401752726205
1309.6269531250	22.691859088218	10.732127371484
1311.1259765625	22.557466578729	11.062982497916
1312.6250000000	22.428093391843	11.394327964161
1314.1240234375	22.303656895588	11.726154607270
1315.6230468750	22.184107238785	12.058467165349
1317.1219482422	22.069389760243	12.391288497615
1318.6209716797	21.959444760039	12.724620214384
1320.1199951172	21.854234725921	13.058467494086
1321.6190185547	21.753717252662	13.392847379159
1323.1180419922	21.657845359591	13.727773210968
1324.6169433594	21.566590938593	14.063251731983
1326.1159667969	21.479932774397	14.399308724623
1327.6149902344	21.397824846184	14.735940426873
1329.1140136719	21.320264768239	15.073179941805
1330.6130371094	21.247217085970	15.411030264594
1332.1120605469	21.178681945752	15.749509530258
1333.6109619141	21.114634373711	16.088627372625
1335.1099853516	21.055068039830	16.428399412836
1336.6090087891	20.999987183835	16.768838707364
1338.1080322266	20.949388817735	17.109977147797
1339.6070556641	20.903253850937	17.451798023834
1341.1059570313	20.861611850283	17.794336957226
1342.6049804688	20.824454461175	18.137596205193
1344.1040039063	20.791791136352	18.481585747049
1345.6030273438	20.763639139437	18.826331259640
1347.1020507813	20.740006674928	19.171825972089
1348.6009521484	20.720909551873	19.518094906460
1350.0999755859	20.706366574082	19.865138755911
1351.5989990234	20.696408099389	20.212985633649
1353.0980224609	20.691048086325	20.561634466475
1354.5970458984	20.690316764311	20.911097292482
1356.0959472656	20.694244827667	21.261387828787
1357.5949707031	20.702859280241	21.612518556281
1359.0939941406	20.716203338929	21.964500142835
1360.5930175781	20.734319656775	22.317351985237
1362.0920410156	20.757236690559	22.671072451966
1363.5909423828	20.785004055142	23.025685375443
1365.0899658203	20.817683518004	23.381202147700
1366.5889892578	20.855322434042	23.737630370789
1368.0880126953	20.897967854022	24.094981757039
1369.5870361328	20.945688958293	24.453262019360
1371.0860595703	20.998563023245	24.812489928499
1372.5849609375	21.056653443897	25.172675872576
1374.0839843750	21.120042257167	25.533832196214
1375.5830078125	21.188799431640	25.895945561342
1377.0820312500	21.263020674118	26.259043299290
1378.5810546875	21.342801242427	26.623118636868
1380.0799560547	21.428240437840	26.988169319174
1381.5789794922	21.519438328674	27.354197141540
1383.0780029297	21.616500974863	27.721191363997
1384.5770263672	21.719553278296	28.089154082670
1386.0760498047	21.828709382004	28.458061058261
1387.5749511719	21.944097833930	28.827908320377
1389.0739746094	22.065847955177	29.198645059613
1390.5729980469	22.194103309028	29.570280060096
1392.0720214844	22.329009345527	29.942762467628
1393.5710449219	22.470703491674	30.316037890244
1395.0699462891	22.619355402163	30.690092013856
1396.5689697266	22.775111719411	31.064857958352
1398.0679931641	22.938144101627	31.440284927574
1399.5670166016	23.108612796045	31.816291743276
1401.0660400391	23.286693084360	32.192818641129
1402.5649414063	23.472571635462	32.569781716775
1404.0639648438	23.666432051217	32.947089592304
1405.5629882813	23.868439811544	33.324646473257
1407.0620117188	24.078813524256	33.702367793795
1408.5610351563	24.297724824427	34.080082252206
1410.0600585938	24.525386016589	34.457721969442
1411.5589599609	24.761998751748	34.835143083812
1413.0579833984	25.007757290871	35.212175127256
1414.5570068359	25.262877624590	35.588667898506
1416.0560302734	25.527578621414	35.964482933220
1417.5550537109	25.802070531560	36.339413219375
1419.0539550781	26.086579247949	36.713297723531
1420.5529785156	26.381315839765	37.085910119527
1422.0520019531	26.686513573943	37.457037469380
1423.5510253906	27.002415856827	37.826472788953
1425.0500488281	27.329247138171	38.193963289295
1426.5489501953	27.667228796853	38.559221974742
1428.0479736328	28.016615591208	38.922012258505
1429.5469970703	28.377653094190	39.282040911238
1431.0460205078	28.750561217742	39.638948480715
1432.5450439453	29.135624332112	39.992468807937
1434.0439453125	29.533038513462	40.342193235416
1435.5429687500	29.943086923922	40.687791261645
1437.0419921875	30.365995835567	41.028830331044
1438.5410156250	30.802009296426	41.364885722066
1440.0400390625	31.251393881968	41.695561379635
1441.5389404297	31.714320106864	42.020278971651
1443.0379638672	32.191097477934	42.338647811956
1444.5369873047	32.681878915707	42.650031922765
1446.0360107422	33.186882785318	42.953883248620
1447.5350341797	33.706355085586	43.249646118437
1449.0340576172	34.240414712944	43.536608108090
1450.5329589844	34.789267279468	43.814154037385
1452.0319824219	35.353041793857	44.081546773687
1453.5310058594	35.931831633256	44.338021206475
1455.0300292969	36.525733767620	44.582810444635
1456.5290527344	37.134811153283	44.815086294559
1458.0279541016	37.759087449090	45.033990065946
1459.5269775391	38.398515128883	45.238599265083
1461.0260009766	39.053042900450	45.428013103938
1462.5250244141	39.722542921143	45.601232085387
1464.0240478516	40.406867977404	45.757289389184
1465.5229492188	41.105721223591	45.895097569448
1467.0219726563	41.818882855838	46.013651285845
1468.5209960938	42.545937892325	46.111833381313
1470.0200195313	43.286459991709	46.188538402218
1471.5190429688	44.039914391826	46.242658342323
1473.0179443359	44.805720423678	46.273042726991
1474.5169677734	45.583185508590	46.278573011932
1476.0159912109	46.371508159264	46.258083890167
1477.5150146484	47.169854978499	46.210487294510
1479.0140380859	47.977206045847	46.134618902655
1480.5129394531	48.792529600780	46.029423023528
1482.0119628906	49.614647161208	45.893830951715
1483.5109863281	50.442261569496	45.726815205890
1485.0100097656	51.274024513948	45.527423624941
1486.5090332031	52.108433712007	45.294731795254
1488.0080566406	52.943927689099	45.027900767641
1489.5069580078	53.778816302204	44.726185840346
1491.0059814453	54.611322662399	44.388892275086
1492.5050048828	55.439591153434	44.015489719506
1494.0040283203	56.261675045323	43.605494143837
1495.5030517578	57.075533265866	43.158581239202
1497.0019531250	57.879079064482	42.674549175568
1498.5009765625	58.670146674005	42.153331527999
1500.0000000000	59.446535874116	41.595023064327
