#Parameters = {C=5e-15; L=3e-08; a=4000; eps_eff=6; r_i=50; r_o=52.9; t=0.1}
#"Frequency / GHz"	"Z1,1 [Real/Imaginary Part] [Re]"	"Z1,1 [Real/Imaginary Part] [Im]"
#-------------------------------------------------------------------------------------
1.0000000000000	242.32256368061	-2988.8507219031
1.9989999532700	60.562235877186	-1502.4125353252
2.9979999065399	26.672213254974	-1002.5298467202
3.9969999790192	14.793104576485	-752.02951637093
4.9959998130798	9.2933141142575	-601.56622110675
5.9949998855591	6.3070645649677	-501.18210135253
6.9939999580383	4.5081007134158	-429.43326340511
7.9930000305176	3.3427730756924	-375.58838768897
8.9919996261597	2.5461152150495	-333.68256640864
9.9910001754761	1.9785328495073	-300.13563522079
10.989999771118	1.5607738930836	-272.66875587566
11.989000320435	1.2451941008772	-249.76238421994
12.987999916077	1.0017997740182	-230.36445831042
13.987000465393	0.81075537675228	-213.72338090014
14.986000061035	0.65878444803871	-199.28794228113
15.984999656677	0.53642018219754	-186.64471279487
16.983999252319	0.43696562597868	-175.47758295885
17.982999801636	0.35553344813528	-165.54064399204
18.982000350952	0.28849826224224	-156.63970223594
19.981000900269	0.23309265988447	-148.61948439204
20.979999542236	0.18717947437576	-141.35423786326
21.979000091553	0.14909590184820	-134.74112051067
22.978000640869	0.11753000669208	-128.69512756337
23.976999282837	0.091430842619661	-123.14543857984
24.975999832153	0.069951424735121	-118.03258594424
25.975000381470	0.052383944856205	-113.30620383495
26.974000930786	0.038150742566176	-108.92344468368
27.972999572754	0.026789567422759	-104.84752133701
28.972000122070	0.017894092259576	-101.04675292193
29.971000671387	0.011131764795205	-97.493666763081
30.969999313354	0.0061770912291970	-94.164366874962
31.968999862671	0.0028155926162415	-91.037915481914
32.967998504639	0.00082669036743315	-88.095880341513
33.966999053955	-2.5290254749325e-06	-85.322061315514
34.965999603271	0.00017686513541861	-82.702049843360
35.965000152588	0.0012223756730039	-80.223077916518
36.964000701904	0.0030032314952567	-77.873715031436
37.963001251221	0.0053825942103202	-75.643775677002
38.962001800537	0.0082803182738516	-73.524060609650
39.960998535156	0.011586858670997	-71.506345019826
40.959999084473	0.015229382565344	-69.583174369343
41.958999633789	0.019133036877287	-67.747755031200
42.958000183105	0.023217621059412	-65.994015747270
43.957000732422	0.027438012791489	-64.316384520182
44.956001281738	0.031715046904458	-62.709769263573
45.955001831055	0.036014833466808	-61.169540375242
46.953998565674	0.040290086234983	-59.691443311282
47.952999114990	0.044495992608626	-58.271589802708
48.951999664307	0.048600534473446	-56.906422298030
49.951000213623	0.052568662413766	-55.592568707375
50.950000762939	0.056376487821815	-54.327039124925
51.949001312256	0.060003662572257	-53.107028038362
52.948001861572	0.063421173901516	-51.929923737848
53.946998596191	0.066621284545713	-50.793292298432
54.945999145508	0.069585133065374	-49.694930027499
55.944999694824	0.072296623765394	-48.632748942708
56.944000244141	0.074765686387815	-47.604789448607
57.943000793457	0.076979846872624	-46.609276442708
58.942001342773	0.078934953608005	-45.644514325436
59.941001892090	0.080631465757783	-44.708923793397
60.939998626709	0.082081783639605	-43.801053145547
61.938999176025	0.083285896567110	-42.919523243291
62.937999725342	0.084256400702119	-42.063026452314
63.937000274658	0.084996360523097	-41.230378506551
64.935997009277	0.085527138192894	-40.420406720868
65.934997558594	0.085856175699177	-39.632128050624
66.933998107910	0.085999675895086	-38.864448614254
67.932998657227	0.085974615218210	-38.116485413494
68.931999206543	0.085793830942276	-37.387356965380
69.930999755859	0.085481993652302	-36.676186266344
70.930000305176	0.085054766469727	-35.982207489163
71.929000854492	0.084530081801539	-35.304692651126
72.928001403809	0.083931508551234	-34.642952281919
73.927001953125	0.083274067807064	-33.996285174408
74.926002502441	0.082578631194943	-33.364089241638
75.925003051758	0.081864457260040	-32.745798911307
76.924003601074	0.081149265497879	-32.140825566093
77.922996520996	0.080452698693539	-31.548651530693
78.921997070313	0.079790029992978	-30.968796405434
79.920997619629	0.079177523039824	-30.400760575893
80.919998168945	0.078633290125028	-29.844118502320
81.918998718262	0.078170394061562	-29.298437310145
82.917999267578	0.077799053501676	-28.763327338890
83.916999816895	0.077536380658523	-28.238387719448
84.916000366211	0.077386786116725	-27.723270484370
85.915000915527	0.077359395642134	-27.217625520375
86.914001464844	0.077474546110946	-26.721135921511
87.913002014160	0.077723248860209	-26.233472038980
88.912002563477	0.078118725961589	-25.754353807933
89.911003112793	0.078657036016993	-25.283481374211
90.910003662109	0.079351603678598	-24.820602667182
91.908996582031	0.080191918525033	-24.365442743558
92.907997131348	0.081185496625016	-23.917750994111
93.906997680664	0.082333197592436	-23.477316952618
94.905998229980	0.083618658426530	-23.043887043515
95.904998779297	0.085054601582088	-22.617252876499
96.903999328613	0.086621978254949	-22.197202478396
97.902999877930	0.088318946088779	-21.783530239642
98.902000427246	0.090142264678370	-21.376054807756
99.901000976563	0.092093740837718	-20.974578381527
100.90000152588	0.094149108319739	-20.578933677126
101.89900207520	0.096304791871823	-20.188930737459
102.89800262451	0.098557087696472	-19.804395649248
103.89700317383	0.10088877684106	-19.425182608394
104.89600372314	0.10330603982234	-19.051131686849
105.89499664307	0.10578756190747	-18.682074574969
106.89399719238	0.10832882710356	-18.317878230341
107.89299774170	0.11092140033189	-17.958387265064
108.89199829102	0.11355863186034	-17.603469118597
109.89099884033	0.11622668604940	-17.252979811159
110.88999938965	0.11892982015961	-16.906798939998
111.88899993896	0.12165776106560	-16.564786478030
112.88800048828	0.12439842655638	-16.226818351882
113.88700103760	0.12715381957471	-15.892784556558
114.88600158691	0.12991728519907	-15.562546057958
115.88500213623	0.13267978768374	-15.236006014315
116.88400268555	0.13545199592512	-14.913045858537
117.88300323486	0.13822211289391	-14.593554535930
118.88200378418	0.14098935640069	-14.277428842663
119.88099670410	0.14375715651768	-13.964568301174
120.87999725342	0.14652699018615	-13.654869236244
121.87899780273	0.14929830027859	-13.348234128480
122.87799835205	0.15207519748770	-13.044579641917
123.87699890137	0.15485875248496	-12.743807863520
124.87599945068	0.15765159419153	-12.445816640495
125.87500000000	0.16046262585579	-12.150551998767
126.87400054932	0.16329541354713	-11.857904304325
127.87300109863	0.16615149193354	-11.567811569178
128.87199401855	0.16904408008443	-11.280187363687
129.87100219727	0.17197472939693	-10.994964006789
130.86999511719	0.17494708258016	-10.712060703410
131.86900329590	0.17797638757922	-10.431418687057
132.86799621582	0.18106452398295	-10.152961313918
133.86700439453	0.18421931217404	-9.8766444113648
134.86599731445	0.18744177241821	-9.6023820204368
135.86500549316	0.19075375702749	-9.3301209983063
136.86399841309	0.19415074264729	-9.0598147213429
137.86300659180	0.19763818399894	-8.7914027022462
138.86199951172	0.20122872652928	-8.5248250150916
139.86099243164	0.20492937253916	-8.2600403288912
140.86000061035	0.20873809952652	-7.9969897024990
141.85899353027	0.21266717340128	-7.7356329913894
142.85800170898	0.21671868481623	-7.4759201442065
143.85699462891	0.22089626915922	-7.2177993098940
144.85600280762	0.22520777755922	-6.9612405950649
145.85499572754	0.22964956995461	-6.7061922401246
146.85400390625	0.23423144684493	-6.4526149405255
147.85299682617	0.23895141592037	-6.2004706610510
148.85200500488	0.24381407933625	-5.9497189290477
149.85099792480	0.24881885344671	-5.7003192908031
150.85000610352	0.25397260776918	-5.4522307866426
151.84899902344	0.25926796391178	-5.2054256765628
152.84800720215	0.26470476073155	-4.9598635520231
153.84700012207	0.27029337149337	-4.7155025896358
154.84599304199	0.27602168694218	-4.4723189484400
155.84500122070	0.28189420855573	-4.2302641856279
156.84399414063	0.28790839567466	-3.9893181558478
157.84300231934	0.29406395927201	-3.7494260194168
158.84199523926	0.30035821912788	-3.5105739166403
159.84100341797	0.30679018237925	-3.2727139703035
160.83999633789	0.31336040121357	-3.0358149718698
161.83900451660	0.32006720818479	-2.7998482029624
162.83799743652	0.32690550075396	-2.5647706340330
163.83700561523	0.33387898326280	-2.3305659765663
164.83599853516	0.34098142504176	-2.0971740214915
165.83500671387	0.34821849372787	-1.8645784156556
166.83399963379	0.35558605963062	-1.6327506657638
167.83299255371	0.36308212681196	-1.4016438892926
168.83200073242	0.37071181754465	-1.1712298806596
169.83099365234	0.37847397234353	-0.94147473737202
170.83000183105	0.38636813094344	-0.71235053710735
171.82899475098	0.39439525043897	-0.48381153355537
172.82800292969	0.40255948932057	-0.25583638062355
173.82699584961	0.41086783027599	-0.028397513997875
174.82600402832	0.41931299699670	0.19855616689855
175.82499694824	0.42790661748720	0.42504585291172
176.82400512695	0.43664783494635	0.65109854884571
177.82299804688	0.44554425998144	0.87674714540850
178.82200622559	0.45459806408408	1.1020304305099
179.82099914551	0.46381760453584	1.3269691564363
180.82000732422	0.47320424492825	1.5515958444618
181.81900024414	0.48277199596666	1.7759494178473
182.81799316406	0.49251924699484	2.0000441974933
183.81700134277	0.50245552382098	2.2239243679834
184.81599426270	0.51259069777063	2.4476047969020
185.81500244141	0.52292824124699	2.6711179659287
186.81399536133	0.53347795036306	2.8944897674892
187.81300354004	0.54424687448597	3.1177534403891
188.81199645996	0.55524484354129	3.3409286691743
189.81100463867	0.56647912518222	3.5640418965268
190.80999755859	0.57795357923577	3.7871195826563
191.80900573730	0.58968713964125	4.0101890807829
192.80799865723	0.60167661714599	4.2332691454928
193.80700683594	0.61393794600856	4.4563933944521
194.80599975586	0.62647572339885	4.6795700078494
195.80499267578	0.63930344983144	4.9028437924544
196.80400085449	0.65242052879283	5.1262167272085
197.80299377441	0.66584252336763	5.3497211959175
198.80200195313	0.67957794233771	5.5733913924291
199.80099487305	0.69363010094294	5.7972408053407
200.80000305176	0.70800698776859	6.0212776127724
201.79899597168	0.72272323115619	6.2455493955417
202.79800415039	0.73777944656209	6.4700679308076
203.79699707031	0.75318806436146	6.6948561071335
204.79600524902	0.76895081682035	6.9199346671337
205.79499816895	0.78508705814374	7.1453310824956
206.79400634766	0.80158589835704	7.3710645945497
207.79299926758	0.81847332983889	7.5971678087346
208.79200744629	0.83574914769779	7.8236570378900
209.79100036621	0.85341630321803	8.0505495364987
210.78999328613	0.87149189726038	8.2778806818780
211.78900146484	0.88997797602877	8.5056756530978
212.78799438477	0.90888238861416	8.7339525825766
213.78700256348	0.92821576676861	8.9627460936714
214.78599548340	0.94798434186065	9.1920702243468
215.78500366211	0.96819742751153	9.4219634183564
216.78399658203	0.98886584794708	9.6524464709087
217.78300476074	1.0099979018866	9.8835473417708
218.78199768066	1.0316075142038	10.115293289317
219.78100585938	1.0536958254022	10.347721718102
220.77999877930	1.0762769369238	10.580843450379
221.77900695801	1.0993666007558	10.814707605227
222.77799987793	1.1229690739619	11.049328910662
223.77699279785	1.1471087446370	11.284745862512
224.77600097656	1.1717889414644	11.520980950533
225.77499389648	1.1970248746005	11.758081800324
226.77400207520	1.2228270291753	11.996060882290
227.77299499512	1.2492200839077	12.234959272848
228.77200317383	1.2762146346628	12.474806488978
229.77099609375	1.3038237739939	12.715642419439
230.77000427246	1.3320727348342	12.957495489014
231.76899719238	1.3609736194199	13.200395487063
232.76800537109	1.3905443581574	13.444373187443
233.76699829102	1.4208094029158	13.689476529195
234.76600646973	1.4517879532528	13.935733272116
235.76499938965	1.4834954362363	14.183172579592
236.76400756836	1.5159641366604	14.431833478764
237.76300048828	1.5492082433884	14.681760270559
238.76199340820	1.5832579967074	14.932975958042
239.76100158691	1.6181298328308	15.185511757412
240.75999450684	1.6538566718716	15.439422750418
241.75900268555	1.6904579097005	15.694729687076
242.75799560547	1.7279739779851	15.951480542590
243.75700378418	1.7664203265582	16.209703436183
244.75599670410	1.8058279301570	16.469439943836
245.75500488281	1.8462291780444	16.730722960088
246.75399780273	1.8876523208105	16.993611805837
247.75300598145	1.9301315599251	17.258111915420
248.75199890137	1.9736969887785	17.524288196452
249.75100708008	2.0183828106784	17.792169759073
250.75000000000	2.0642251400928	18.061792261473
251.74899291992	2.1112640554895	18.333218568271
252.74800109863	2.1595254291280	18.606459438383
253.74699401855	2.2090524312464	18.881579779072
254.74600219727	2.2598797014210	19.158617534905
255.74499511719	2.3120528820544	19.437600982245
256.74398803711	2.3656075572720	19.718599270355
257.74301147461	2.4205902130063	20.001635340335
258.74200439453	2.4770432784200	20.286768772787
259.74099731445	2.5350107115457	20.574041221631
260.73999023438	2.5945394126072	20.863492128475
261.73901367188	2.6556774654346	21.155191352992
262.73800659180	2.7184801731874	21.449166233969
263.73699951172	2.7829795993107	21.745480392120
264.73599243164	2.8492503698719	22.044169096280
265.73498535156	2.9173362474542	22.345311508296
266.73400878906	2.9872997091417	22.648942180426
267.73300170898	3.0591917170892	22.955111398706
268.73199462891	3.1330786149999	23.263897545641
269.73098754883	3.2090294918220	23.575332303122
270.73001098633	3.2870998580838	23.889497385373
271.72900390625	3.3673617573879	24.206426168667
272.72799682617	3.4498911424079	24.526211126126
273.72698974609	3.5347556894189	24.848894649103
274.72601318359	3.6220354778161	25.174538312623
275.72500610352	3.7118170617435	25.503220423302
276.72399902344	3.8041711815682	25.834989065660
277.72299194336	3.8991915412127	26.169925583165
278.72198486328	3.9969746199285	26.508096549612
279.72100830078	4.0976036901544	26.849563254537
280.72000122070	4.2011878061566	27.194407579875
281.71899414063	4.3078276973156	27.542705562426
282.71798706055	4.4176290137134	27.894514374808
283.71701049805	4.5306965888825	28.249916317195
284.71600341797	4.6471587181268	28.608992445323
285.71499633789	4.7671341111932	28.971821751840
286.71398925781	4.8907444959961	29.338457975539
287.71301269531	5.0181327995119	29.709013433012
288.71200561523	5.1494282787018	30.083549614148
289.71099853516	5.2847756452317	30.462139473633
290.70999145508	5.4243339299091	30.844893231035
291.70901489258	5.5682508188314	31.231863651869
292.70800781250	5.7166955419744	31.623146460038
293.70700073242	5.8698327551473	32.018824924867
294.70599365234	6.0278521235331	32.418979245376
295.70498657227	6.1909359432183	32.823709061284
296.70401000977	6.3592818036050	33.233087055359
297.70300292969	6.5330881047102	33.647197463471
298.70199584961	6.7125679743494	34.066124203936
299.70098876953	6.8979444907201	34.489962847088
300.70001220703	7.0894487470802	34.918787730688
301.69900512695	7.2873224929988	35.352677027563
302.69799804688	7.4918270277337	35.791736057111
303.69699096680	7.7032127541085	36.236029317699
304.69601440430	7.9217678370491	36.685644944531
305.69500732422	8.1477729511757	37.140663846549
306.69400024414	8.3815304722071	37.601153484038
307.69299316406	8.6233524222602	38.067193143942
308.69198608398	8.8735805680899	38.538875956919
309.69100952148	9.1325490026430	39.016257525212
310.69000244141	9.4006187531348	39.499393805169
311.68899536133	9.6781659901227	39.988349150132
312.68798828125	9.9655899944195	40.483198457072
313.68701171875	10.263291338327	40.983987350900
314.68600463867	10.571714200791	41.490756362795
315.68499755859	10.891299045234	42.003555647243
316.68399047852	11.222518418613	42.522401460603
317.68301391602	11.565879416884	43.047340713260
318.68200683594	11.921878618399	43.578365383864
319.68099975586	12.291067713892	44.115488303830
320.67999267578	12.674011219637	44.658701107898
321.67898559570	13.071288082779	45.207985590786
322.67800903320	13.483543605714	45.763293766355
323.67700195313	13.911398711240	46.324575071836
324.67599487305	14.355544191393	46.891757500559
325.67498779297	14.816676249646	47.464743090404
326.67401123047	15.295544017487	48.043401222862
327.67300415039	15.792924879303	48.627623080351
328.67199707031	16.309613421809	49.217202514088
329.67098999023	16.846457310365	49.811941992558
330.67001342773	17.404347898867	50.411628958376
331.66900634766	17.984187016688	51.015944968920
332.66799926758	18.586940050595	51.624592465668
333.66699218750	19.213601441886	52.237215953493
334.66598510742	19.865205731997	52.853367233557
335.66500854492	20.542846786101	53.472594490695
336.66400146484	21.247617837525	54.094344596914
337.66299438477	21.980699979956	54.718030068826
338.66198730469	22.743280208911	55.342955208523
339.66101074219	23.536618070011	55.968370214971
340.66000366211	24.361981292087	56.593399751411
341.65899658203	25.220695969219	57.217130088143
342.65798950195	26.114117421712	57.838479887451
343.65701293945	27.043620298142	58.456285965945
344.65600585938	28.010630047208	59.069258448362
345.65499877930	29.016591561917	59.675951685146
346.65399169922	30.062947284158	60.274805792286
347.65301513672	31.151182870125	60.864085964210
348.65200805664	32.282753947919	61.441857596639
349.65100097656	33.459117628729	62.006080433828
350.64999389648	34.681724044815	62.554426467654
351.64898681641	35.951976919628	63.084403349660
352.64801025391	37.271227193235	63.593334278575
353.64700317383	38.640751802296	64.078248901881
354.64599609375	40.061739445176	64.535939899969
355.64498901367	41.535265328645	64.962972064698
356.64401245117	43.062268597419	65.355640830357
357.64300537109	44.643478456965	65.709914841015
358.64199829102	46.279448501226	66.021568294910
359.64099121094	47.970464854343	66.285995991008
360.64001464844	49.716555105528	66.498403157786
361.63900756836	51.517258592060	66.653592694657
362.63800048828	53.372003571571	66.746258531804
363.63699340820	55.279522592785	66.770700662202
364.63598632813	57.238230640348	66.721107755804
365.63500976563	59.245812375752	66.591333102044
366.63400268555	61.299537028936	66.375253764758
367.63299560547	63.395881396844	66.066487918312
368.63198852539	65.530608816177	65.658694337608
369.63101196289	67.698867013651	65.145575761225
370.63000488281	69.894769572655	64.520916360200
371.62899780273	72.111728223384	63.778776887921
372.62799072266	74.342227508646	62.913514079198
373.62701416016	76.577913127731	61.919992968054
374.62600708008	78.809525091213	60.793616607636
375.62500000000	81.027054263408	59.530571513492
376.62399291992	83.219450701158	58.127900275719
377.62298583984	85.375316329629	56.583678792437
378.62200927734	87.482349184220	54.897115130629
379.62100219727	89.527995863366	53.068715793285
380.61999511719	91.499146909167	51.100422996796
381.61898803711	93.382756975072	48.995618635524
382.61801147461	95.165777824047	46.759234611273
383.61700439453	96.835465840437	44.397838009950
384.61599731445	98.379600451405	41.919515917919
385.61499023438	99.786716840581	39.333901886062
386.61401367188	101.04635566593	36.652061387422
387.61300659180	102.14926308503	33.886364015056
388.61199951172	103.08760347371	31.050315485138
389.61099243164	103.85510236560	28.158335760455
390.60998535156	104.44720768431	25.225545474495
391.60900878906	104.86115036774	22.267505943266
392.60800170898	105.09602479495	19.299959246330
393.60699462891	105.15271746882	16.338529315779
394.60598754883	105.03391603673	13.398493754882
395.60501098633	104.74399647649	10.494533222205
396.60400390625	104.28888749732	7.6404956234970
397.60299682617	103.67589814997	4.8492248749079
398.60198974609	102.91355448409	2.1323924312151
399.60101318359	102.01137413965	-0.49961369158846
400.60000610352	100.97964876582	-3.0377668895306
401.59899902344	99.829259398568	-5.4744476648869
402.59799194336	98.571442920126	-7.8034431822983
403.59698486328	97.217591832410	-10.019924545395
404.59600830078	95.779096958003	-12.120391423975
405.59500122070	94.267193793407	-14.102604841184
406.59399414063	92.692777503505	-15.965477814315
407.59298706055	91.066338676000	-17.708985888259
408.59201049805	89.397847744898	-19.334047380909
409.59100341797	87.696676575204	-20.842399657555
410.58999633789	85.971576206605	-22.236499382829
411.58898925781	84.230626531339	-23.519393580861
412.58801269531	82.481204903107	-24.694615377242
413.58700561523	80.730041020733	-25.766107686040
414.58599853516	78.983146241601	-26.738073834894
415.58499145508	77.245918244391	-27.614960674199
416.58401489258	75.523083701789	-28.401325516361
417.58300781250	73.818826851698	-29.101817423840
418.58200073242	72.136732677579	-29.721091915062
419.58099365234	70.479890359338	-30.263785503081
420.57998657227	68.850889198980	-30.734441062182
421.57901000977	67.251916027389	-31.137527569801
422.57800292969	65.684724363056	-31.477360440949
423.57699584961	64.150726042004	-31.758118744865
424.57598876953	62.651005447025	-31.983825068333
425.57501220703	61.186366564561	-32.158301709364
426.57400512695	59.757347301020	-32.285215880505
427.57299804688	58.364270833748	-32.368038977233
428.57199096680	57.007266666064	-32.410068155154
429.57101440430	55.686278985419	-32.414393652133
430.57000732422	54.401124137772	-32.383949872929
431.56900024414	53.151472185179	-32.321479867743
432.56799316406	51.936897845769	-32.229558761592
433.56698608398	50.756887531384	-32.110594307460
434.56600952148	49.610855286268	-31.966839146193
435.56500244141	48.498136925547	-31.800400264559
436.56399536133	47.418041549610	-31.613227266418
437.56298828125	46.369816713207	-31.407139895827
438.56201171875	45.352707591580	-31.183840412044
439.56100463867	44.365908038978	-30.944884506536
440.55999755859	43.408611926514	-30.691736043698
441.55899047852	42.480015948005	-30.425746758521
442.55801391602	41.579297839809	-30.148165592350
443.55700683594	40.705643929181	-29.860144990001
444.55599975586	39.858223502717	-29.562746581742
445.55499267578	39.036254699868	-29.256973174710
446.55398559570	38.238934806598	-28.943712495138
447.55300903320	37.465485157153	-28.623819762165
448.55200195313	36.715138445329	-28.298057458912
449.55099487305	35.987144596446	-27.967142125283
450.54998779297	35.280772332814	-27.631727456796
451.54901123047	34.595313566509	-27.292414892702
452.54800415039	33.930065285266	-26.949753163925
453.54699707031	33.284362754080	-26.604259725030
454.54598999023	32.657540147782	-26.256390499964
455.54501342773	32.048958276984	-25.906571727915
456.54400634766	31.458012882153	-25.555195217461
457.54299926758	30.884099835184	-25.202621196131
458.54199218750	30.326642400282	-24.849171023500
459.54098510742	29.785090295998	-24.495152888554
460.54000854492	29.258890609863	-24.140821625071
461.53900146484	28.747544215470	-23.786444715379
462.53799438477	28.250523091824	-23.432224170676
463.53698730469	27.767362853837	-23.078380304705
464.53601074219	27.297590887335	-22.725096079556
465.53500366211	26.840759486097	-22.372529876720
466.53399658203	26.396435395984	-22.020849333999
467.53298950195	25.964200583555	-21.670178944545
468.53201293945	25.543643340569	-21.320632952427
469.53100585938	25.134397813542	-20.972340473273
470.52999877930	24.736068693646	-20.625385444890
471.52899169922	24.348317535931	-20.279863164427
472.52801513672	23.970786122236	-19.935847713361
473.52700805664	23.603137555250	-19.593397457105
474.52600097656	23.245072014394	-19.252596991400
475.52499389648	22.896266146898	-18.913467757697
476.52398681641	22.556426316697	-18.576080348640
477.52301025391	22.225272176616	-18.240467352305
478.52200317383	21.902525834507	-17.906642858243
479.52099609375	21.587924165580	-17.574656243235
480.51998901367	21.281221497416	-17.244530191797
481.51901245117	20.982151159363	-16.916261107149
482.51800537109	20.690499715749	-16.589877610712
483.51699829102	20.406036257730	-16.265395151275
484.51599121094	20.128534784498	-15.942804198703
485.51501464844	19.857785792908	-15.622113054654
486.51400756836	19.593597044850	-15.303330586813
487.51300048828	19.335767794709	-14.986441439431
488.51199340820	19.084107233987	-14.671442194722
489.51098632813	18.838438968953	-14.358337980977
490.51000976563	18.598585175100	-14.047111450147
491.50900268555	18.364377660469	-13.737744751055
492.50799560547	18.135652602790	-13.430223738292
493.50698852539	17.912259481723	-13.124553855954
494.50601196289	17.694051159673	-12.820695918111
495.50500488281	17.480870347697	-12.518641680852
496.50399780273	17.272583562416	-12.218382314506
497.50299072266	17.069056395332	-11.919884351044
498.50201416016	16.870154880280	-11.623125219411
499.50100708008	16.675753042423	-11.328101348241
500.50000000000	16.485735381086	-11.034775210475
501.49899291992	16.299976730630	-10.743127563894
502.49798583984	16.118364409811	-10.453139677683
503.49700927734	15.940798042551	-10.164783389941
504.49600219727	15.767152997312	-9.8780253078622
505.49499511719	15.597346053418	-9.5928571029793
506.49398803711	15.431275818547	-9.3092496924744
507.49301147461	15.268833200101	-9.0271738913092
508.49200439453	15.109939528768	-8.7465985810944
509.49099731445	14.954502371374	-8.4675027698701
510.48999023438	14.802430714494	-8.1898606274516
511.48901367188	14.653653086158	-7.9136462814418
512.48797607422	14.508076652163	-7.6388286775669
513.48699951172	14.365630247081	-7.3653767860016
514.48602294922	14.226235910656	-7.0932692257142
515.48498535156	14.089822068395	-6.8224825454579
516.48400878906	13.956324358392	-6.5529857093363
517.48297119141	13.825666837687	-6.2847439667031
518.48199462891	13.697794473600	-6.0177449082136
519.48101806641	13.572632869613	-5.7519490612783
520.47998046875	13.450129026428	-5.4873212867953
521.47900390625	13.330224458580	-5.2238572233877
522.47802734375	13.212852984061	-4.9615128883702
523.47698974609	13.097974031151	-4.7002639187308
524.47601318359	12.985522833396	-4.4400842166381
525.47497558594	12.875457122287	-4.1809400524802
526.47399902344	12.767723840574	-3.9228209587659
527.47302246094	12.662275896407	-3.6656869081526
528.47198486328	12.559066545098	-3.4095079623624
529.47100830078	12.458054221741	-3.1542660242694
530.46997070313	12.359193436307	-2.8999305477213
531.46899414063	12.262444126458	-2.6464801312447
532.46801757813	12.167773699140	-2.3938786095158
533.46697998047	12.075132773788	-2.1421150569174
534.46600341797	11.984491771241	-1.8911516902224
535.46502685547	11.895814369393	-1.6409657092396
536.46398925781	11.809059098072	-1.3915287271859
537.46301269531	11.724205821730	-1.1428236411444
538.46197509766	11.641215543452	-0.89482654783913
539.46099853516	11.560062125699	-0.64750243264633
540.46002197266	11.480710996564	-0.40083217298951
541.45898437500	11.403131208928	-0.15479100119755
542.45800781250	11.327306375696	0.090640558896801
543.45697021484	11.253201004692	0.33548813397176
544.45599365234	11.180796267521	0.57977758347786
545.45501708984	11.110063046574	0.82353524832693
546.45397949219	11.040977962026	1.0667762933042
547.45300292969	10.973520288428	1.3095333610317
548.45202636719	10.907668820975	1.5518164016032
549.45098876953	10.843402250410	1.7936590175627
550.45001220703	10.780702765284	2.0350830922749
551.44897460938	10.719546300277	2.2761168184036
552.44799804688	10.659916212535	2.5167598463675
553.44702148438	10.601795874398	2.7570524121247
554.44598388672	10.545168875256	2.9970121592518
555.44500732422	10.490018530021	3.2366675832386
556.44396972656	10.436323238897	3.4760371036325
557.44299316406	10.384078352517	3.7151332263344
558.44201660156	10.333262588663	3.9539854495975
559.44097900391	10.283865228483	4.1926136941962
560.44000244141	10.235872798484	4.4310465407521
561.43902587891	10.189270142188	4.6692979245247
562.43798828125	10.144052074619	4.9073934225439
563.43701171875	10.100202808889	5.1453464910390
564.43597412109	10.057715213460	5.3831884485284
565.43499755859	10.016573649145	5.6209389146364
566.43402099609	9.9767761386395	5.8586186127988
567.43298339844	9.9383115530091	6.0962529613087
568.43200683594	9.9011723946967	6.3338628479697
569.43103027344	9.8653455799742	6.5714571593161
570.42999267578	9.8308408298138	6.8090750463377
571.42901611328	9.7976318400573	7.0467302420181
572.42797851563	9.7657264641075	7.2844451305837
573.42700195313	9.7351179139787	7.5222408127468
574.42602539063	9.7058040395048	7.7601399212299
575.42498779297	9.6777771244586	7.9981629110376
576.42401123047	9.6510373916116	8.2363439586713
577.42297363281	9.6255801610707	8.4746883248334
578.42199707031	9.6014110888800	8.7132231699348
579.42102050781	9.5785198567502	8.9519777025525
580.41998291016	9.5569164635176	9.1909679503250
581.41900634766	9.5365958648893	9.4302240064383
582.41802978516	9.5175637837075	9.6697514335400
583.41699218750	9.4998134074429	9.9095891913357
584.41601562500	9.4833606668199	10.149750797521
585.41497802734	9.4681981102707	10.390260074295
586.41400146484	9.4543338265646	10.631143944868
587.41302490234	9.4417740071000	10.872411356286
588.41198730469	9.4305250827069	11.114109739427
589.41101074219	9.4205907338138	11.356234274295
590.40997314453	9.4119787334766	11.598826071480
591.40899658203	9.4047013315768	11.841898896661
592.40802001953	9.3987595761050	12.085484383781
593.40698242188	9.3941585955255	12.329583673680
594.40600585938	9.3909247534322	12.574245284592
595.40502929688	9.3890502802058	12.819476779429
596.40399169922	9.3885646502845	13.065307021201
597.40301513672	9.3894555980185	13.311747113535
598.40197753906	9.3917591622361	13.558831774862
599.40100097656	9.3954756515598	13.806580394681
600.40002441406	9.4006285145808	14.055027305414
601.39898681641	9.4072181718745	14.304170670320
602.39801025391	9.4152708956254	14.554043809012
603.39697265625	9.4247945170698	14.804683498101
604.39599609375	9.4358173491139	15.056094459627
605.39501953125	9.4483462468682	15.308305333949
606.39398193359	9.4624093937064	15.561344999726
607.39300537109	9.4780140218175	15.815226859639
608.39202880859	9.4951889189801	16.069978896213
609.39099121094	9.5139500212745	16.325631036351
610.39001464844	9.5343242436670	16.582201251825
611.38897705078	9.5563318937830	16.839716752702
612.38800048828	9.5799931677456	17.098189799689
613.38702392578	9.6053392419757	17.357660878123
614.38598632813	9.6323824641326	17.618142389681
615.38500976563	9.6611623590932	17.879666570532
616.38397216797	9.6917029238226	18.142250077834
617.38299560547	9.7240275094557	18.405929711685
618.38201904297	9.7581723829370	18.670721478166
619.38098144531	9.7941573996982	18.936639442982
620.38000488281	9.8320320073973	19.203739641053
621.37902832031	9.8718074964312	19.472020874890
622.37799072266	9.9135338869761	19.741511723600
623.37701416016	9.9572438257236	20.012251569026
624.37597656250	10.002972909769	20.284262532227
625.37500000000	10.050750365594	20.557564166699
626.37402343750	10.100626796328	20.832182691064
627.37298583984	10.152647173392	21.108154922004
628.37200927734	10.206838328209	21.385487096521
629.37097167969	10.263253610772	21.664230852014
630.36999511719	10.321944998064	21.944398670831
631.36901855469	10.382942578061	22.226015389626
632.36798095703	10.446316109124	22.509119193787
633.36700439453	10.512097517690	22.793718137377
634.36602783203	10.580357697964	23.079869522751
635.36499023438	10.651138758913	23.367574484251
636.36401367188	10.724494876639	23.656859689062
637.36297607422	10.800498475597	23.947767331575
638.36199951172	10.879202808777	24.240313739624
639.36102294922	10.960672519526	24.534534572901
640.35998535156	11.044968063215	24.830441959826
641.35900878906	11.132162397087	25.128068591037
642.35797119141	11.222335090635	25.427448291307
643.35699462891	11.315541932306	25.728600069586
644.35601806641	11.411855790022	26.031542356234
645.35498046875	11.511370677833	26.336304908242
646.35400390625	11.614151670103	26.642899752988
647.35302734375	11.720292824484	26.951374246026
648.35198974609	11.829881201554	27.261749900513
649.35101318359	11.943001083173	27.574029079239
650.34997558594	12.059736159664	27.888233268437
651.34899902344	12.180193260643	28.204406166236
652.34802246094	12.304469398848	28.522551209121
653.34698486328	12.432659412590	28.842685131010
654.34600830078	12.564876675112	29.164837023456
655.34497070313	12.701224693832	29.489019133503
656.34399414063	12.841812239015	29.815230275851
657.34301757813	12.986761430901	30.143510873743
658.34197998047	13.136193347476	30.473871373546
659.34100341797	13.290225680698	30.806300927788
660.34002685547	13.448992302611	31.140824870999
661.33898925781	13.612612158090	31.477446726441
662.33801269531	13.781235090366	31.816167081581
663.33697509766	13.954994862089	32.157001122294
664.33599853516	14.134039984146	32.499949256089
665.33502197266	14.318515376473	32.844985789172
666.33398437500	14.508585097342	33.192136954323
667.33300781250	14.704407484811	33.541389155133
668.33197021484	14.906138814876	33.892735371666
669.33099365234	15.113958457095	34.246149703505
670.33001708984	15.328034512399	34.601615186481
671.32897949219	15.548555666374	34.959119383072
672.32800292969	15.775715346002	35.318647954618
673.32702636719	16.009693009619	35.680155606777
674.32598876953	16.250697638599	36.043612360392
675.32501220703	16.498934089245	36.408995398430
676.32397460938	16.754612451504	36.776233530147
677.32299804688	17.017958068121	37.145304200832
678.32202148438	17.289189022324	37.516126953802
679.32098388672	17.568541266134	37.888647550310
680.32000732422	17.856275953227	38.262837733808
681.31896972656	18.152608965415	38.638542780471
682.31799316406	18.457816028269	39.015737417370
683.31701660156	18.772150890240	39.394298676609
684.31597900391	19.095902738834	39.774142553848
685.31500244141	19.429312230813	40.155117938385
686.31402587891	19.772707171575	40.537148820518
687.31298828125	20.126358677415	40.920075868052
688.31201171875	20.490576168666	41.303750495607
689.31097412109	20.865673689262	41.688014084100
690.30999755859	21.251959224692	42.072678146264
691.30902099609	21.649770479562	42.457571324214
692.30798339844	22.059432716913	42.842470316305
693.30700683594	22.481288152985	43.227152033909
694.30603027344	22.915692193155	43.611395319998
695.30499267578	23.362994523189	43.994917943100
696.30401611328	23.823561568758	44.377434512841
697.30297851563	24.297756292204	44.758665865595
698.30200195313	24.785958977296	45.138254622787
699.30102539063	25.288561851210	45.515886989985
700.29998779297	25.805929572397	45.891141028954
701.29901123047	26.338448618889	46.263629579633
702.29797363281	26.886517679552	46.632932380135
703.29699707031	27.450545895840	46.998590993966
704.29602050781	28.030910568951	47.360079685792
705.29498291016	28.628012121043	47.716902740962
706.29400634766	29.242224899846	48.068435712723
707.29302978516	29.873956643978	48.414149728463
708.29199218750	30.523591026612	48.753370225431
709.29101562500	31.191482928980	49.085415262662
710.28997802734	31.878006787242	49.409555036351
711.28900146484	32.583517586713	49.725018774748
712.28802490234	33.308352423523	50.031026326907
713.28698730469	34.052817354181	50.326673094959
714.28601074219	34.817216728296	50.611060113653
715.28497314453	35.601806966542	50.883238636570
716.28399658203	36.406838061102	51.142182965682
717.28302001953	37.232522499882	51.386849180284
718.28198242188	38.079033510490	51.616098923201
719.28100585938	38.946479398926	51.828769546027
720.28002929688	39.834941933920	52.023645258849
721.27899169922	40.744436055779	52.199413257320
722.27801513672	41.674934232957	52.354781895925
723.27697753906	42.626318798058	52.488333007295
724.27600097656	43.598424272740	52.598645618391
725.27502441406	44.590974633353	52.684224764086
726.27398681641	45.603633210474	52.743546435878
727.27301025391	46.635947520585	52.775022670414
728.27197265625	47.687395298490	52.777050990601
729.27099609375	48.757295345823	52.747986755087
730.27001953125	49.844898261016	52.686160540954
731.26898193359	50.949276941676	52.589845850142
732.26800537109	52.069431278012	52.457372417639
733.26702880859	53.204173469395	52.287019745732
734.26599121094	54.352177389220	52.077070015471
735.26501464844	55.512002382955	51.825870975777
736.26397705078	56.681986151374	51.531748074724
737.26300048828	57.860359389835	51.193108425263
738.26202392578	59.045165579054	50.808409169858
739.26098632813	60.234276990167	50.376185195743
740.26000976563	61.425412695289	49.895061420291
741.25897216797	62.616104399753	49.363783845439
742.25799560547	63.803739204958	48.781223892827
743.25701904297	64.985532443259	48.146402023685
744.25598144531	66.158573683987	47.458521356490
745.25500488281	67.319787770739	46.716957043753
746.25402832031	68.465989336782	45.921305345627
747.25299072266	69.593867260844	45.071379381517
748.25201416016	70.700029163168	44.167239079280
749.25097656250	71.781008304125	43.209207735104
750.25000000000	72.833274413013	42.197877409376
751.24902343750	73.853291849274	41.134135327777
752.24798583984	74.837524877464	40.019151838021
753.24700927734	75.782437637715	38.854399336157
754.24597167969	76.684612779318	37.641664589272
755.24499511719	77.540681830430	36.383021178903
756.24401855469	78.347418571562	35.080865132251
757.24298095703	79.101754352024	33.737842921829
758.24200439453	79.800814870341	32.356910198542
759.24102783203	80.441925285228	30.941265401597
760.23999023438	81.022693180278	29.494361806300
761.23901367188	81.540978689496	28.019851251454
762.23797607422	81.994942062079	26.521579473720
763.23699951172	82.383055930299	25.003546938193
764.23602294922	82.704133816563	23.469873144794
765.23498535156	82.957342473987	21.924774821153
766.23400878906	83.142172079234	20.372506245600
767.23297119141	83.258502743174	18.817353911408
768.23199462891	83.306544165710	17.263570814096
769.23101806641	83.286857856650	15.715359459044
770.22998046875	83.200350457431	14.176822953061
771.22900390625	83.048228624415	12.651945553971
772.22802734375	82.832031868043	11.144557721477
773.22698974609	82.553560572901	9.6583029347090
774.22601318359	82.214880722870	8.1966216159103
775.22497558594	81.818292856755	6.7627298008472
776.22399902344	81.366292476274	5.3595937773663
777.22302246094	80.861550934675	3.9899279928522
778.22198486328	80.306892206901	2.6561798641717
779.22100830078	79.705258462814	1.3605246655574
780.21997070313	79.059666568308	0.10486390396660
781.21899414063	78.373198412856	-1.1091730394985
782.21801757813	77.648976828941	-2.2802263780955
783.21697998047	76.890116524022	-3.4071967059915
784.21600341797	76.099725790812	-4.4892394895371
785.21502685547	75.280873652866	-5.5257501582139
786.21398925781	74.436566902840	-6.5163512311973
787.21301269531	73.569751741141	-7.4608856708418
788.21197509766	72.683270749759	-8.3593885017160
789.21099853516	71.779879519211	-9.2120859166146
790.21002197266	70.862213729275	-10.019363702653
791.20898437500	69.932792597295	-10.781769189111
792.20800781250	68.994009248130	-11.499977195128
793.20697021484	68.048123528834	-12.174783119182
794.20599365234	67.097276236384	-12.807090525364
795.20501708984	66.143459135928	-13.397891603126
796.20397949219	65.188533728083	-13.948250581862
797.20300292969	64.234227348211	-14.459296978260
798.20202636719	63.282147878376	-14.932213483491
799.20098876953	62.333760734741	-15.368217041683
800.20001220703	61.390421772845	-15.768559165741
801.19897460938	60.453352084774	-16.134502506338
802.19799804688	59.523674385577	-16.467331185550
803.19702148438	58.602386646708	-16.768319465880
804.19598388672	57.690394098038	-17.038750333362
805.19500732422	56.788501393244	-17.279885767179
806.19396972656	55.897416021466	-17.492979632106
807.19299316406	55.017768315097	-17.679268647054
808.19201660156	54.150090145961	-17.839956066053
809.19097900391	53.294860467838	-17.976226209462
810.19000244141	52.452469626193	-18.089234576150
811.18902587891	51.623247103700	-18.180097976559
812.18798828125	50.807464176373	-18.249907876954
813.18701171875	50.005338096845	-18.299710515805
814.18597412109	49.217035157590	-18.330530750840
815.18499755859	48.442674665413	-18.343346520724
816.18402099609	47.682332917726	-18.339098867541
817.18298339844	46.936057301640	-18.318708557216
818.18200683594	46.203835337862	-18.283029795492
819.18103027344	45.485649074672	-18.232909961326
820.17999267578	44.781446116095	-18.169146610724
821.17901611328	44.091144772648	-18.092503177408
822.17797851563	43.414646087726	-18.003713441848
823.17700195313	42.751817153465	-17.903470409741
824.17602539063	42.102532349132	-17.792443107644
825.17498779297	41.466633985987	-17.671263999822
826.17401123047	40.843955265850	-17.540538464485
827.17297363281	40.234315224993	-17.400837716334
828.17199707031	39.637525575165	-17.252710385584
829.17102050781	39.053393705023	-17.096673462792
830.16998291016	38.481714016773	-16.933220317972
831.16900634766	37.922278978417	-16.762819083173
832.16802978516	37.374875967876	-16.585916039421
833.16699218750	36.839280001317	-16.402919636987
834.16601562500	36.315283056004	-16.214243157087
835.16497802734	35.802653822198	-16.020251950299
836.16400146484	35.301180409697	-15.821314556567
837.16302490234	34.810631208350	-15.617762430138
838.16198730469	34.330793356351	-15.409916777546
839.16101074219	33.861436027002	-15.198082192160
840.15997314453	33.402349785039	-14.982550459635
841.15899658203	32.953304914722	-14.763583651704
842.15802001953	32.514087249362	-14.541437589311
843.15698242188	32.084484130111	-14.316360366709
844.15600585938	31.664281959069	-14.088573348369
845.15502929688	31.253279029247	-13.858300786732
846.15399169922	30.851256723245	-13.625739438486
847.15301513672	30.458017565278	-13.391077386839
848.15197753906	30.073364850032	-13.154506256085
849.15100097656	29.697091469509	-12.916188624670
850.15002441406	29.329011712262	-12.676284365442
851.14898681641	28.968938839534	-12.434946497705
852.14801025391	28.616679049733	-12.192316749787
853.14697265625	28.272052328774	-11.948526972290
854.14599609375	27.934881305938	-11.703708826095
855.14501953125	27.604983077285	-11.457964592035
856.14398193359	27.282199084049	-11.211424209343
857.14300537109	26.966353220614	-10.964180858351
858.14202880859	26.657281293548	-10.716323888572
859.14099121094	26.354821507241	-10.467958409756
860.14001464844	26.058824820645	-10.219155605723
861.13897705078	25.769127334992	-9.9700055371688
862.13800048828	25.485590432505	-9.7205709291248
863.13702392578	25.208062379047	-9.4709349646115
864.13598632813	24.936401002833	-9.2211433456588
865.13500976563	24.670466842518	-8.9712642189338
866.13397216797	24.410130380427	-8.7213597647411
867.13299560547	24.155259515762	-8.4714724679032
868.13201904297	23.905718291120	-8.2216377414820
869.13098144531	23.661391882204	-7.9719234520833
870.13000488281	23.422148583306	-7.7223429513227
871.12902832031	23.187881803700	-7.4729530229325
872.12799072266	22.958471128872	-7.2237793779831
873.12701416016	22.733808200981	-6.9748501394038
874.12597656250	22.513780614772	-6.7261942088368
875.12500000000	22.298287017008	-6.4778386334826
876.12402343750	22.087219368032	-6.2297991288500
877.12298583984	21.880487671824	-5.9821109028628
878.12200927734	21.677995832371	-5.7347745665876
879.12097167969	21.479640818373	-5.4878175906811
880.11999511719	21.285342904997	-5.2412527602719
881.11901855469	21.095006950809	-4.9950952533787
882.11798095703	20.908553499377	-4.7493505983982
883.11700439453	20.725896837572	-4.5040269516793
884.11602783203	20.546959420448	-4.2591423065530
885.11499023438	20.371664631872	-4.0146971602796
886.11401367188	20.199933284234	-3.7707021622406
887.11297607422	20.031696584548	-3.5271557455600
888.11199951172	19.866883461322	-3.2840628463758
889.11102294922	19.705427031846	-3.0414307214683
890.10998535156	19.547259200337	-2.7992637137746
891.10900878906	19.392313895541	-2.5575577649237
892.10797119141	19.240531668541	-2.3163126194388
893.10699462891	19.091849486730	-2.0755347336022
894.10601806641	18.946213128089	-1.8352236042253
895.10498046875	18.803564049423	-1.5953713025289
896.10400390625	18.663842640669	-1.3559831285103
897.10302734375	18.527000542323	-1.1170574382986
898.10198974609	18.392982175430	-0.87858014376676
899.10101318359	18.261739050658	-0.64056149507113
900.09997558594	18.133219870868	-0.40299396947820
901.09899902344	18.007376756717	-0.16587387403021
902.09802246094	17.884162541047	0.070803948695743
903.09698486328	17.763533425457	0.30704640287012
904.09600830078	17.645443647323	0.54284608389885
905.09497070313	17.529848994696	0.77822830389577
906.09399414063	17.416706298510	1.0131831238421
907.09301757813	17.305976762100	1.2477174640982
908.09197998047	17.197621453357	1.4818503056687
909.09100341797	17.091596056231	1.7155751571000
910.09002685547	16.987864120776	1.9489022286737
911.08898925781	16.886394274556	2.1818491532341
912.08801269531	16.787143671451	2.4144067306975
913.08697509766	16.690076888151	2.6465995279808
914.08599853516	16.595162649164	2.8784316335677
915.08502197266	16.502366399278	3.1099023646781
916.08398437500	16.411650407810	3.3410333035893
917.08300781250	16.322994141764	3.5718313112386
918.08197021484	16.236356635088	3.8023090036353
919.08099365234	16.151712548630	4.0324695485609
920.08001708984	16.069032648886	4.2623370044977
921.07897949219	15.988291067898	4.4919168873612
922.07800292969	15.909454835450	4.7212185213921
923.07702636719	15.832501871422	4.9502567915659
924.07598876953	15.757410218228	5.1790521016366
925.07501220703	15.684149980836	5.4075984985110
926.07397460938	15.612698921633	5.6359307155828
927.07299804688	15.543037326693	5.8640568791514
928.07202148438	15.475148267878	6.0919901414212
929.07098388672	15.409000817598	6.3197395812281
930.07000732422	15.344583824535	6.5473253560598
931.06896972656	15.281878381775	6.7747579010005
932.06799316406	15.220865511857	7.0020524069774
933.06701660156	15.161526799177	7.2292368286813
934.06597900391	15.103853612578	7.4563100612044
935.06500244141	15.047825165174	7.6832941233737
936.06402587891	14.993433565695	7.9102143116795
937.06298828125	14.940667348786	8.1370704601168
938.06201171875	14.889510082335	8.3638758618119
939.06097412109	14.839955141753	8.5906690507214
940.05999755859	14.791990484876	8.8174320775254
941.05902099609	14.745606514074	9.0442093461467
942.05798339844	14.700799812625	9.2709964990586
943.05700683594	14.657559100229	9.4978197343192
944.05603027344	14.615885695235	9.7246914842798
945.05499267578	14.575762498001	9.9516176112784
946.05401611328	14.537191013785	10.178615326911
947.05297851563	14.500167993835	10.405710241569
948.05200195313	14.464690988818	10.632895182012
949.05102539063	14.430753599409	10.860201553320
950.04998779297	14.398355587185	11.087636421133
951.04901123047	14.367488309626	11.315210285940
952.04797363281	14.338156835297	11.542928043178
953.04699707031	14.310364463930	11.770823675503
954.04602050781	14.284102871830	11.998891221316
955.04498291016	14.259369836943	12.227140082827
956.04400634766	14.236170597055	12.455597384839
957.04302978516	14.214508826994	12.684271678679
958.04199218750	14.194381169556	12.913164109365
959.04101562500	14.175784370541	13.142287759506
960.03997802734	14.158725928033	13.371671104778
961.03900146484	14.143207842131	13.601302379847
962.03802490234	14.129226102272	13.831198715530
963.03698730469	14.116792237946	14.061393831652
964.03601074219	14.105904767689	14.291874373677
965.03497314453	14.096559584544	14.522653291114
966.03399658203	14.088769094775	14.753761002367
967.03302001953	14.082536084260	14.985190185374
968.03198242188	14.077853617239	15.216966854593
969.03100585938	14.074740249818	15.449093264343
970.03002929688	14.073196190984	15.681595422877
971.02899169922	14.073227873367	15.914474410177
972.02801513672	14.074830887644	16.147742511928
973.02697753906	14.078027152357	16.381430143931
974.02600097656	14.082819253725	16.615539320186
975.02502441406	14.089205079648	16.850082090421
976.02398681641	14.097200842102	17.085081797288
977.02301025391	14.106817784990	17.320548172967
978.02197265625	14.118062741314	17.556500051951
979.02099609375	14.130951374159	17.792950370240
980.02001953125	14.145493371677	18.029923514954
981.01898193359	14.161694536423	18.267420923156
982.01800537109	14.179580880357	18.505480909940
983.01702880859	14.199156540307	18.744102943721
984.01599121094	14.220441685697	18.983314875470
985.01501464844	14.243450977855	19.223120061724
986.01397705078	14.268210720981	19.463549762766
987.01300048828	14.294731898311	19.704613625423
988.01202392578	14.323046990242	19.946331954407
989.01098632813	14.353158699484	20.188722370314
990.01000976563	14.385112869149	20.431810515814
991.00897216797	14.418917250472	20.675593299811
992.00799560547	14.454611074573	20.920102581570
993.00701904297	14.492204488629	21.165342207477
994.00598144531	14.531748075988	21.411348376211
995.00500488281	14.573250897289	21.658122881352
996.00402832031	14.616756805102	21.905673530974
997.00299072266	14.662295899120	22.154028457963
998.00201416016	14.709898111230	22.403190481501
999.00097656250	14.759600475052	22.653184791914
1000.0000000000	14.811438793321	22.904024334722
