#Parameters = {C=5e-15; L=3e-08; a=4000; eps_eff=6; r_i=108; r_o=500; t=0.1}
#"Frequency / GHz"	"Z1,1 [Real/Imaginary Part] [Re]"	"Z1,1 [Real/Imaginary Part] [Im]"
#-------------------------------------------------------------------------------------
1.0000000000000	-383.63382806901	-109.34238848404
2.4990000724792	-277.41416856633	-205.38821478862
3.9979999065399	-174.64197714458	-223.48520830667
5.4970002174377	-103.60215333872	-207.24631128548
6.9959998130798	-58.188245613235	-182.14174308029
8.4949998855591	-29.015045829997	-157.17013234775
9.9940004348755	-9.7454165782073	-134.73311982144
11.493000030518	3.3777240262715	-115.09649546073
12.991999626160	12.555590461182	-97.930769767943
14.491000175476	19.105908339237	-82.800073703368
15.989999771118	23.842001111690	-69.304595823908
17.489000320435	27.281828059470	-57.111276940812
18.988000869751	29.764992595007	-45.951158637455
20.486999511719	31.519905140137	-35.607995763007
21.986000061035	32.703622542364	-25.906771923992
23.485000610352	33.426086315490	-16.703645495120
24.983999252319	33.765349120839	-7.8780130219463
26.482999801636	33.777466987309	0.67376795694070
27.982000350952	33.503015778896	9.0434522797492
29.481000900269	32.971646409569	17.314982668929
30.979999542236	32.205384762754	25.568042725425
32.479000091553	31.221201033063	33.881196353077
33.978000640869	30.033309831310	42.334963407390
35.477001190186	28.655427919865	51.014911414022
36.976001739502	27.103526041924	60.014992622497
38.474998474121	25.399295538374	69.441322237956
39.973999023438	23.575192353552	79.416285029599
41.472999572754	21.681856584547	90.083167060668
42.972000122070	19.799213308909	101.61087782463
44.471000671387	18.053531366910	114.19746250607
45.970001220703	16.642972945374	128.07028475001
47.469001770020	15.875256317006	143.47693294728
48.967998504639	16.219913067900	160.65635724902
50.466999053955	18.372672965200	179.77006034960
51.965999603271	23.312390198377	200.76173623009
53.465000152588	32.289848974239	223.11275305564
54.964000701904	46.620884123542	245.50314745951
56.463001251221	67.110940490542	265.54565745065
57.962001800537	93.110261696102	280.02480214753
59.460998535156	121.77705583047	286.09319516706
60.959999084473	148.62037963400	283.03894750275
62.458999633789	169.52063879625	273.05860690847
63.958000183105	182.60429589304	260.06988790267
65.457000732422	188.41394904537	247.72321124514
66.956001281738	188.78115236359	238.29001783608
68.455001831055	185.69191379598	232.69478759045
69.954002380371	180.73270027992	231.02850483517
71.453002929688	174.99770886138	233.02280344250
72.952003479004	169.19234079747	238.33412077442
74.450996398926	163.77164340207	246.67670988810
75.949996948242	159.05790912502	257.87056625077
77.448997497559	155.32991943756	271.84804887419
78.947998046875	152.89279934671	288.64512056450
80.446998596191	152.14146928909	308.38122872902
81.945999145508	153.62614346694	331.22740122310
83.444999694824	158.12770855581	357.35062597994
84.944000244141	166.74192014375	386.81211335177
86.443000793457	180.95429295270	419.38699332742
87.942001342773	202.65213658187	454.26138865676
89.441001892090	233.94868049124	489.59404631606
90.940002441406	276.61454101571	522.03554073967
92.439002990723	330.93029797329	546.57181125957
93.938003540039	394.17030262161	557.38088766005
95.436996459961	459.81073034929	550.18097854421
96.935997009277	519.02636227978	525.11120523118
98.434997558594	564.42232656467	487.62225317157
99.933998107910	593.23180207824	446.03276823364
101.43299865723	607.45862287809	407.81227896514
102.93199920654	611.65228262473	377.45919985914
104.43099975586	610.62295241688	356.57308725947
105.93000030518	608.28697581397	344.92776826814
107.42900085449	607.49157866169	341.49427825320
108.92800140381	610.28171298594	345.04915841520
110.42700195313	618.26677274436	354.43116747174
111.92600250244	632.94149682598	368.56276936435
113.42500305176	655.94691421058	386.33132315713
114.92400360107	689.26887273934	406.34035876917
116.42299652100	735.35851152245	426.50231944944
117.92199707031	797.07041117256	443.38649006199
119.42099761963	877.16973387788	451.28475729133
120.91999816895	976.88503756538	441.14074224110
122.41899871826	1092.8114049823	400.20975124892
123.91799926758	1212.2886901511	314.71756294788
125.41699981689	1310.7033900349	178.24745895228
126.91600036621	1358.5213852653	3.3058251731348
128.41499328613	1339.7494221025	-177.39702496139
129.91400146484	1264.6287038588	-328.83158838878
131.41299438477	1160.3931699109	-433.65011237934
132.91200256348	1052.6271416385	-494.30044221917
134.41099548340	956.10985195275	-522.67697155457
135.91000366211	876.05401657296	-531.16689284952
137.40899658203	812.32809255456	-529.14889675103
138.90800476074	762.64708514064	-522.82608894866
140.40699768066	724.18949753241	-516.04478527306
141.90600585938	694.23027311981	-511.12745509438
143.40499877930	670.29169387260	-509.43720691994
144.90400695801	650.11353778652	-511.70181037042
146.40299987793	631.58395434666	-518.14615422833
147.90199279785	612.71053118199	-528.50909616651
149.40100097656	591.67432072077	-541.98754342130
150.89999389648	566.99460674424	-557.20958465701
152.39900207520	537.77518906592	-572.29699917445
153.89799499512	503.94927725728	-585.10505210494
155.39700317383	466.38444172223	-593.62523142984
156.89599609375	426.73881990540	-596.42691923403
158.39500427246	387.07347266009	-592.96524351201
159.89399719238	349.37213645077	-583.60646533803
161.39300537109	315.15698068709	-569.40569199442
162.89199829102	285.31586539894	-551.75960476639
164.39100646973	260.13441273718	-532.08343877953
165.88999938965	239.44364412473	-511.60376231612
167.38900756836	222.79694013840	-491.26859653265
168.88800048828	209.61791815676	-471.74533857462
170.38699340820	199.30320161627	-453.46024066698
171.88600158691	191.27999224021	-436.65493153817
173.38499450684	185.03384565149	-421.43686437359
174.88400268555	180.11630014739	-407.82009248834
176.38299560547	176.14192310472	-395.75523833279
177.88200378418	172.78259520054	-385.14893636160
179.38099670410	169.76061711486	-375.87560740361
180.88000488281	166.84371222661	-367.78530675806
182.37899780273	163.84286247827	-360.70777348341
183.87800598145	160.61253973183	-354.45636029928
185.37699890137	157.05170916894	-348.83442142774
186.87600708008	153.10641136410	-343.64148284523
188.37500000000	148.77058730871	-338.68297074340
189.87399291992	144.08368790012	-333.78176858327
191.37300109863	139.12494504021	-328.78914217324
192.87199401855	134.00387978108	-323.59413216930
194.37100219727	128.84656584335	-318.12964567535
195.86999511719	123.78201103238	-312.37277107840
197.36900329590	118.92872212149	-306.34150456728
198.86799621582	114.38459286207	-300.08608732685
200.36700439453	110.22014934824	-293.67928223291
201.86599731445	106.47656167456	-287.20538754155
203.36500549316	103.16655729281	-280.75097489119
204.86399841309	100.27806210609	-274.39742126469
206.36300659180	97.779074213535	-268.21523720953
207.86199951172	95.622859638298	-262.26128861885
209.36099243164	93.752970478377	-256.57687910029
210.86000061035	92.107543600873	-251.18790926088
212.35899353027	90.623177361205	-246.10505844629
213.85800170898	89.237846978504	-241.32513550432
215.35699462891	87.893753526058	-236.83201001105
216.85600280762	86.539409353493	-232.59850686209
218.35499572754	85.131716561885	-228.58807397450
219.85400390625	83.637713891833	-224.75676559538
221.35299682617	82.035724091797	-221.05587162762
222.85200500488	80.316340018310	-217.43462198128
224.35099792480	78.482315975900	-213.84317729073
225.85000610352	76.547982751962	-210.23585602256
227.34899902344	74.537664512481	-206.57362093228
228.84800720215	72.483452856027	-202.82654281857
230.34700012207	70.422034301129	-198.97522962997
231.84599304199	68.391864443769	-195.01128283104
233.34500122070	66.429953701703	-190.93678086342
234.84399414063	64.569263261346	-186.76299793067
236.34300231934	62.836718421008	-182.50849630866
237.84199523926	61.252149105328	-178.19664800995
239.34100341797	59.827787386546	-173.85351095997
240.83999633789	58.568454945512	-169.50578873801
242.33900451660	57.472436974735	-165.17874877415
243.83799743652	56.532447665292	-160.89526491141
245.33700561523	55.736783159702	-156.67475283240
246.83599853516	55.070665946105	-152.53251824522
248.33500671387	54.517215665047	-148.47986840145
249.83399963379	54.058614500756	-144.52396414004
251.33299255371	53.676884158680	-140.66811605400
252.83200073242	53.354598844570	-136.91202060967
254.33099365234	53.075563168982	-133.25228509085
255.83000183105	52.825124438857	-129.68287739898
257.32901000977	52.590641151955	-126.19557413157
258.82800292969	52.361614423025	-122.78044391091
260.32699584961	52.129991002846	-119.42638289781
261.82598876953	51.890085861959	-116.12164178591
263.32501220703	51.638625021280	-112.85425908228
264.82400512695	51.374568282351	-109.61255805738
266.32299804688	51.098964506995	-106.38551849804
267.82199096680	50.814625998586	-103.16321280533
269.32101440430	50.525834826733	-99.936973744192
270.82000732422	50.237931693884	-96.699583669165
272.31900024414	49.956938402633	-93.445445440245
273.81799316406	49.689196712302	-90.170512198710
275.31698608398	49.441000470405	-86.872158501195
276.81600952148	49.218345530329	-83.549119647452
278.31500244141	49.026653296840	-80.201248512119
279.81399536133	48.870591667029	-76.829178846659
281.31298828125	48.754091034922	-73.434243454008
282.81201171875	48.680178339974	-70.018095488458
284.31100463867	48.651076415696	-66.582521846525
285.80999755859	48.668274672943	-63.129383322566
287.30899047852	48.732550426645	-59.660202110218
288.80801391602	48.844162973971	-56.176254753224
290.30700683594	49.002909519511	-52.678414378373
291.80599975586	49.208295260762	-49.167036212130
293.30499267578	49.459588303069	-45.641989398888
294.80398559570	49.756033753839	-42.102628185644
296.30300903320	50.096854678869	-38.547766896207
297.80200195313	50.481373601773	-34.975711863844
299.30099487305	50.909158014813	-31.384288963233
300.79998779297	51.379987828007	-27.770831293493
302.29901123047	51.894031883724	-24.132281687490
303.79800415039	52.451830998264	-20.465126468617
305.29699707031	53.054419681007	-16.765515279418
306.79598999023	53.703365341066	-13.029249657010
308.29501342773	54.400820909737	-9.2518284058182
309.79400634766	55.149610280774	-5.4285024104342
311.29299926758	55.953298195027	-1.5543076915777
312.79199218750	56.816261497856	2.3758708444275
314.29098510742	57.743772288284	6.3672332293912
315.79000854492	58.742083758494	10.424981057386
317.28900146484	59.818524448559	14.554213585473
318.78799438477	60.981588833584	18.759807029256
320.28698730469	62.241025749552	23.046249993130
321.78601074219	63.607917365151	27.417457963118
323.28500366211	65.094756928761	31.876531773247
324.78399658203	66.715455585141	36.425495130593
326.28298950195	68.485373906705	41.064973602208
327.78201293945	70.421208088001	45.793807476000
329.28100585938	72.540886807404	50.608683343547
330.77999877930	74.863259895843	55.503666269726
332.27899169922	77.407702346207	60.469809515694
333.77801513672	80.193630719072	65.494785492451
335.27700805664	83.239699213262	70.562535697309
336.77600097656	86.562977747163	75.653216856646
338.27499389648	90.177939717233	80.743331708476
339.77398681641	94.095401323527	85.806080688990
341.27301025391	98.321464390234	90.812184760358
342.77200317383	102.85663578171	95.731152699407
344.27099609375	107.69542227548	100.53270814879
345.76998901367	112.82622154391	105.18876360910
347.26901245117	118.23205652910	109.67522204980
348.76800537109	123.89188677202	113.97371372747
350.26699829102	129.78248043079	118.07281032791
351.76599121094	135.88115242825	121.96878949352
353.26501464844	142.16807330832	125.66489355968
354.76400756836	148.62903956878	129.17057812372
356.26300048828	155.25733062189	132.49897653784
357.76199340820	162.05490580608	135.66412242654
359.26098632813	169.03292778166	138.67833077037
360.76000976563	176.21063487858	141.54837801559
362.25900268555	183.61402463660	144.27324298550
363.75799560547	191.27305589497	146.84136569417
365.25698852539	199.21854431099	149.22951849132
366.75601196289	207.47850792178	151.40193776634
368.25500488281	216.07416405643	153.31085879782
369.75399780273	225.01600022351	154.89804413155
371.25299072266	234.30015300437	156.09769706133
372.75201416016	243.90571228760	156.84082575527
374.25100708008	253.79269529059	157.06006116102
375.75000000000	263.90251078572	156.69623357534
377.24899291992	274.15976844067	155.70420807853
378.74798583984	284.47710375373	154.05901634847
380.24700927734	294.76146098149	151.75956678477
381.74600219727	304.92266105442	148.83071477889
383.24499511719	314.88207925984	145.32185986067
384.74398803711	324.58065670932	141.30207939259
386.24301147461	333.98555751952	136.85332556391
387.74200439453	343.09268554102	132.06030027976
389.24099731445	351.92752065493	127.00144283934
390.73999023438	360.54083660491	121.73884476631
392.23901367188	369.00344640102	116.31114414604
393.73800659180	377.39766599628	110.72783252838
395.23699951172	385.80888168758	104.96671132405
396.73599243164	394.31508019288	98.972855202865
398.23498535156	402.97956282559	92.661500984750
399.73400878906	411.84025045612	85.921004912788
401.23300170898	420.90338710607	78.619616652333
402.73199462891	430.13650054484	70.613384491112
404.23098754883	439.46229566992	61.756149141193
405.73001098633	448.75801134706	51.912521221510
407.22900390625	457.85395339785	40.971445900328
408.72799682617	466.53980139838	28.861489928694
410.22698974609	474.57581002742	15.565117161861
411.72601318359	481.70760720907	1.1296103592197
413.22500610352	487.68891543150	-14.327275915312
414.72399902344	492.30237237978	-30.619691010449
416.22299194336	495.38489600893	-47.505109267020
417.72198486328	496.84094674359	-64.703486807098
419.22100830078	496.65419664912	-81.922567893862
420.72000122070	494.88381083698	-98.883831004857
422.21899414063	491.65472676047	-115.34613235379
423.71798706055	487.13796400411	-131.12174321634
425.21701049805	481.52857391780	-146.08403540939
426.71600341797	475.02567309551	-160.16741389729
428.21499633789	467.81199906167	-173.35819173488
429.71398925781	460.04293141913	-185.68298225538
431.21301269531	451.83938245038	-197.19435624051
432.71200561523	443.28503747879	-207.95511639679
434.21099853516	434.43150487961	-218.02742393651
435.70999145508	425.30343196894	-227.46196074471
437.20901489258	415.90750801109	-236.29199099111
438.70800781250	406.24126975950	-244.52928767849
440.20700073242	396.30352428848	-252.16632234951
441.70599365234	386.10106576388	-259.17797896742
443.20498657227	375.65530351715	-265.52758109358
444.70401000977	365.00578588406	-271.17494463668
446.20300292969	354.21052481535	-276.08291789614
447.70199584961	343.34378357443	-280.22527363388
449.20098876953	332.49123474340	-283.59126762365
450.70001220703	321.74450517331	-286.19082867378
452.19900512695	311.19399390895	-288.05374248085
453.69799804688	300.92274273406	-289.22928103887
455.19699096680	291.00144197011	-289.78290289697
456.69601440430	281.48442450567	-289.79157001959
458.19500732422	272.40813302691	-289.33878800670
459.69400024414	263.79086946591	-288.50958964240
461.19299316406	255.63364084413	-287.38619282600
462.69198608398	247.92244637239	-286.04438357874
464.19100952148	240.63109274585	-284.55089103570
465.69000244141	233.72400630131	-282.96102256025
467.18899536133	227.15968282552	-281.31796349082
468.68798828125	220.89328949875	-279.65349395656
470.18701171875	214.88007871116	-277.98664285542
471.68600463867	209.07714656990	-276.32675840194
473.18499755859	203.44613512503	-274.67281143892
474.68399047852	197.95436037433	-273.01731266234
476.18301391602	192.57630879381	-271.34682908385
477.68200683594	187.29391321076	-269.64451382791
479.18099975586	182.09654412464	-267.89282165328
480.67999267578	176.98076316618	-266.07450868421
482.17898559570	171.94898909364	-264.17539320615
483.67800903320	167.00822932990	-262.18483770549
485.17700195313	162.16863333570	-260.09677299577
486.67599487305	157.44147199955	-257.91022088323
488.17498779297	152.83796236441	-255.62895853626
489.67401123047	148.36753815823	-253.26052444190
491.17300415039	144.03707107492	-250.81598025066
492.67199707031	139.84995823299	-248.30819673300
494.17098999023	135.80586409627	-245.75101687179
495.67001342773	131.90107737692	-243.15751631950
497.16900634766	128.12840850983	-240.53968670337
498.66799926758	124.47831713887	-237.90712129518
500.16699218750	120.93945635800	-235.26640832024
501.66598510742	117.49961631841	-232.62107278707
503.16500854492	114.14675809711	-229.97146892262
504.66400146484	110.86985961326	-227.31460369453
506.16299438477	107.65961156899	-224.64500845174
507.66198730469	104.50926943636	-221.95528055191
509.16101074219	101.41478839984	-219.23672826577
510.66000366211	98.375269261412	-216.48015256285
512.15899658203	95.392747736781	-213.67690991521
513.65802001953	92.472028017778	-210.81964182009
515.15698242188	89.619912612741	-207.90240849312
516.65600585938	86.845115098344	-204.92238475291
518.15502929688	84.156825019208	-201.87861641679
519.65399169922	81.564460065821	-198.77321710866
521.15301513672	79.077302958758	-195.61125050772
522.65197753906	76.702555416551	-192.39906901179
524.15100097656	74.446296293841	-189.14528731732
525.65002441406	72.312453221482	-185.85998833124
527.14898681641	70.302757670811	-182.55320020979
528.64801025391	68.416639585467	-179.23522809393
530.14697265625	66.651877459270	-175.91623838019
531.64599609375	65.004362658158	-172.60523645212
533.14501953125	63.468338587458	-169.30975124378
534.64398193359	62.037558901886	-166.03652687081
536.14300537109	60.704751388615	-162.79034421840
537.64202880859	59.462527864753	-159.57462404203
539.14099121094	58.303404599114	-156.39111189450
540.64001464844	57.220680279110	-153.24075569762
542.13897705078	56.207781833850	-150.12297786369
543.63800048828	55.259148873247	-147.03642095675
545.13702392578	54.370074234632	-143.97919683229
546.63598632813	53.536686655914	-140.94892045649
548.13500976563	52.756018329156	-137.94312979389
549.63397216797	52.025894837955	-134.95938157079
551.13299560547	51.344817725310	-131.99539890395
552.63201904297	50.711832325974	-129.04930267394
554.13098144531	50.126387761580	-126.11952332470
555.63000488281	49.588151004256	-123.20499683619
557.12902832031	49.096943966706	-120.30489158699
558.62799072266	48.652466512229	-117.41896618938
560.12701416016	48.254351176671	-114.54707473826
561.62597656250	47.902052956072	-111.68939965386
563.12500000000	47.594719670439	-108.84605261253
564.62402343750	47.331337110097	-106.01728797179
566.12298583984	47.110610529086	-103.20316806855
567.62200927734	46.931142636556	-100.40360168282
569.12097167969	46.791386411650	-97.618244524274
570.61999511719	46.689725912083	-94.846493226412
572.11901855469	46.624632593591	-92.087405641429
573.61798095703	46.594670570325	-89.339826768470
575.11700439453	46.598577477730	-86.602295338853
576.61602783203	46.635321063504	-83.873068629755
578.11499023438	46.704184858181	-81.150332897547
579.61401367188	46.804720972768	-78.432037984323
581.11297607422	46.936853133787	-75.716156009566
582.61199951172	47.100798040457	-73.000610866549
584.11102294922	47.297124694033	-70.283426503825
585.60998535156	47.526651217543	-67.562679944832
587.10900878906	47.790502356981	-64.836581052752
588.60797119141	48.089970539521	-62.103548358282
590.10699462891	48.426559498665	-59.362167782592
591.60601806641	48.801906994847	-56.611146929769
593.10498046875	49.217750298373	-53.849452540264
594.60400390625	49.675920713231	-51.076146205629
596.10302734375	50.178304814592	-48.290463863099
597.60198974609	50.726838695488	-45.491739840125
599.10101318359	51.323499286801	-42.679409794526
600.59997558594	51.970327923487	-39.852976825153
602.09899902344	52.669446343920	-37.012000943828
603.59802246094	53.423069269620	-34.156110175352
605.09698486328	54.233519440939	-31.284942893320
606.59600830078	55.103283768976	-28.398219677773
608.09497070313	56.035015742914	-25.495702286641
609.59399414063	57.031597490222	-22.577255304457
611.09301757813	58.096123948806	-19.642852367228
612.59197998047	59.231958575587	-16.692627618401
614.09100341797	60.442739966542	-13.726936238963
615.59002685547	61.732394393133	-10.746401498708
617.08898925781	63.105122341415	-7.7519768936386
618.58801269531	64.565383872485	-4.7450263225730
620.08697509766	66.117895019693	-1.7273994272588
621.58599853516	67.767547648088	1.2984952907969
623.08502197266	69.519366395211	4.3296084093598
624.58398437500	71.378419325235	7.3621809575867
626.08300781250	73.349709162055	10.391676695701
627.58197021484	75.438044718813	13.412740945034
629.08099365234	77.647890873004	16.419173572810
630.58001708984	79.983198145627	19.403928926066
632.07897949219	82.447219906074	22.359161110199
633.57800292969	85.042325636976	25.276305703023
635.07702636719	87.769842402807	28.146227300072
636.57598876953	90.629837906373	30.959358011622
638.07501220703	93.621058886443	33.706007674192
639.57397460938	96.740809159732	36.376552616349
641.07299804688	99.984965282903	38.961816801937
642.57202148438	103.34798309613	41.453342084186
644.07098388672	106.82313551842	43.843743525786
645.57000732422	110.40265165639	46.126983469382
647.06896972656	114.07808093020	48.298562583377
648.56799316406	117.84062766106	50.355759993887
650.06701660156	121.68152735880	52.297570333175
651.56597900391	125.59254819658	54.124861556394
653.06500244141	129.56622299398	55.839999502849
654.56402587891	133.59632487577	57.446864627668
656.06298828125	137.67804640518	58.950379607221
657.56201171875	141.80825782100	60.356362006854
659.06097412109	145.98564616584	61.671075745687
660.55999755859	150.21068737665	62.900952305471
662.05902099609	154.48575490283	64.052283689688
663.55798339844	158.81491744840	65.130871067292
665.05700683594	163.20414809917	66.141954709372
666.55603027344	167.66106682104	67.089835522289
668.05499267578	172.19492971109	67.977700525726
669.55401611328	176.81668359435	68.807414612338
671.05297851563	181.53889925009	69.579275980557
672.55200195313	186.37578922619	70.291700390194
674.05102539063	191.34313517463	70.940848646253
675.54998779297	196.45821199138	71.520155887877
677.04901123047	201.73973109294	72.019929339075
678.54797363281	207.20739375347	72.426583621956
680.04699707031	212.88174848988	72.722202910070
681.54602050781	218.78330552777	72.883676366403
683.04498291016	224.93193561683	72.882103286323
684.54400634766	231.34593383213	72.682330139760
686.04302978516	238.04032474940	72.242120740906
687.54199218750	245.02550344936	71.512151608458
689.04101562500	252.30510375062	70.435814655988
690.53997802734	259.87431738275	68.950015856473
692.03900146484	267.71655521110	66.985687142519
693.53802490234	275.80202471563	64.470141763825
695.03698730469	284.08468943038	61.329285261524
696.53601074219	292.50080504201	57.491482953525
698.03497314453	300.96767618550	52.891906674219
699.53399658203	309.38391126198	47.477913780827
701.03302001953	317.63155459370	41.214780357304
702.53198242188	325.57940707889	34.091078644371
704.03100585938	333.08882563925	26.123329722988
705.53002929688	340.02220444002	17.358982342435
707.02899169922	346.25050780741	7.8765861910961
708.52801513672	351.66291910486	-2.2167506756821
710.02697753906	356.17426750070	-12.791023913515
711.52600097656	359.73144025548	-23.701533960940
713.02502441406	362.31530120101	-34.798607450579
714.52398681641	363.94009860932	-45.937534750381
716.02301025391	364.64957614491	-56.987486896082
717.52197265625	364.51021216655	-67.838215249762
719.02099609375	363.60348784035	-78.403992722810
720.52001953125	362.01757547499	-88.624678005798
722.01898193359	359.83970036713	-98.464064390583
723.51800537109	357.15048854463	-107.90643267261
725.01702880859	354.01932631648	-116.95151785268
726.51599121094	350.50246586299	-125.60939669965
728.01501464844	346.64239140131	-133.89501885305
729.51397705078	342.46929682745	-141.82380175660
731.01300048828	338.00269105759	-149.40759662231
732.51202392578	333.25565961312	-156.65292783616
734.01098632813	328.23704348713	-163.55879452420
735.51000976563	322.95523358821	-170.11682954212
737.00897216797	317.42208156876	-176.31328648319
738.50799560547	311.65387638673	-182.12945439224
740.00701904297	305.67385419821	-187.54544376570
741.50598144531	299.51221449606	-192.54209484552
743.00500488281	293.20566546741	-197.10419932726
744.50402832031	286.79632916725	-201.22271239110
746.00299072266	280.32919166146	-204.89586344341
747.50201416016	273.85021926819	-208.13082118965
749.00097656250	267.40351405176	-210.94288876059
750.50000000000	261.02949914049	-213.35568435984
751.99902343750	254.76236396913	-215.39864543835
753.49798583984	248.62954029117	-217.10613425050
754.99700927734	242.65047833399	-218.51509198383
756.49597167969	236.83660746863	-219.66279558329
757.99499511719	231.19208608971	-220.58572564354
759.49401855469	225.71421984587	-221.31715807387
760.99298095703	220.39495223812	-221.88650586308
762.49200439453	215.22196548127	-222.31801121309
763.99102783203	210.18041423067	-222.63074076017
765.48999023438	205.25411638138	-222.83768949962
766.98901367188	200.42714961690	-222.94721311858
768.48797607422	195.68495242484	-222.96214939695
769.98699951172	191.01536835674	-222.88200837048
771.48602294922	186.40933899527	-222.70300001845
772.98498535156	181.86128152666	-222.41958755337
774.48400878906	177.36934054715	-222.02567673695
775.98297119141	172.93503456339	-221.51501031930
777.48199462891	168.56282841812	-220.88311966623
778.98101806641	164.25948209861	-220.12719214825
780.47998046875	160.03326761009	-219.24693513395
781.97900390625	155.89308463778	-218.24464521091
783.47802734375	151.84749663021	-217.12536768668
784.97698974609	147.90417304842	-215.89602855416
786.47601318359	144.06924842448	-214.56589885604
787.97497558594	140.34683286977	-213.14497067802
789.47399902344	136.73881619840	-211.64415161554
790.97302246094	133.24497518823	-210.07404274540
792.47198486328	129.86307615419	-208.44470462957
793.97100830078	126.58922878237	-206.76496740299
795.46997070313	123.41827027037	-205.04221962204
796.96899414063	120.34434803715	-203.28191489740
798.46801757813	117.36124145538	-201.48798338677
799.96697998047	114.46315092077	-199.66238006503
801.46600341797	111.64485098458	-197.80566905386
802.96502685547	108.90223230935	-195.91721077778
804.46398925781	106.23245866068	-193.99548247645
805.96301269531	103.63421343410	-192.03858496318
807.46197509766	101.10747561380	-190.04470702833
808.96099853516	98.653603099952	-188.01255286143
810.46002197266	96.275088052045	-185.94153083999
811.95898437500	93.975067195668	-183.83219922837
813.45800781250	91.757114224146	-181.68641177103
814.95697021484	89.624863429953	-179.50723804240
816.45599365234	87.581519271605	-177.29906924808
817.95501708984	85.629594512564	-175.06747650359
819.45397949219	83.770566645530	-172.81877086004
820.95300292969	82.004777691133	-170.55986422385
822.45202636719	80.331236014858	-168.29803277592
823.95098876953	78.747599830053	-166.04037661567
825.45001220703	77.250263435454	-163.79366083520
826.94897460938	75.834441182804	-161.56399100832
828.44799804688	74.494400535785	-159.35651857342
829.94702148438	73.223628275415	-157.17536815932
831.44598388672	72.015151019744	-155.02337014050
832.94500732422	70.861773355169	-152.90213416325
834.44396972656	69.756310168059	-150.81196563085
835.94299316406	68.691942111707	-148.75198767436
837.44201660156	67.662362157770	-146.72020736699
838.94097900391	66.662042256209	-144.71362500913
840.44000244141	65.686337123817	-142.72860671832
841.93902587891	64.731578372887	-140.76090498721
843.43798828125	63.795213731968	-138.80608002785
844.93701171875	62.875709988552	-136.85956891857
846.43597412109	61.972542666184	-134.91700442794
847.93499755859	61.085990590462	-132.97441510798
849.43402099609	60.217122586437	-131.02835633019
850.93298339844	59.367580552128	-129.07608407657
852.43200683594	58.539224702605	-127.11548820734
853.93103027344	57.734189992063	-125.14522373403
855.42999267578	56.954480604074	-123.16461483144
856.92901611328	56.201927523729	-121.17357284277
858.42797851563	55.478032533854	-119.17253470240
859.92700195313	54.783856524671	-117.16220642587
861.42602539063	54.119995007584	-115.14345628374
862.92498779297	53.486583476246	-113.11727078689
864.42401123047	52.883311616130	-111.08439164667
865.92297363281	52.309508891911	-109.04543031391
867.42199707031	51.764213415050	-107.00058872469
868.92102050781	51.246376533926	-104.94969471767
870.41998291016	50.754889113538	-102.89209511804
871.91900634766	50.288749205884	-100.82672327015
873.41802978516	49.847195273780	-98.752179006758
874.91699218750	49.429805681626	-96.666610228271
876.41601562500	49.036589973016	-94.568014079937
877.91497802734	48.668035736620	-92.454241553831
879.41400146484	48.325088353503	-90.323133613900
880.91302490234	48.009255114280	-88.172617052640
882.41198730469	47.722440208130	-86.000858234923
883.91101074219	47.467007532070	-83.806336620648
885.40997314453	47.245616594054	-81.587904875014
886.90899658203	47.061121671936	-79.344936373928
888.40802001953	46.916516764581	-77.077191232978
889.90698242188	46.814806321508	-74.784955252835
891.40600585938	46.758897247883	-72.468955900362
892.90502929688	46.751535516470	-70.130280793251
894.40399169922	46.795217049722	-67.770415416549
895.90301513672	46.892131433826	-65.391043991709
897.40197753906	47.044157863474	-62.994045002928
898.90100097656	47.252964776933	-60.581488608180
900.40002441406	47.519730557837	-58.155336840865
901.89898681641	47.845446321987	-55.717615617563
903.39801025391	48.230933157372	-53.270270853386
904.89697265625	48.676617595515	-50.815023705218
906.39599609375	49.182957697361	-48.353548845492
907.89501953125	49.750143414748	-45.887237044861
909.39398193359	50.378479104653	-43.417400874938
910.89300537109	51.068154333702	-40.945102046674
912.39202880859	51.819411807458	-38.471262478154
913.89099121094	52.632600680853	-35.996644118401
915.39001464844	53.508182418589	-33.521900658315
916.88897705078	54.446712189088	-31.047564124212
918.38800048828	55.448980380000	-28.574126059434
919.88702392578	56.515867427669	-26.102033295236
921.38598632813	57.648518856444	-23.631738606492
922.88500976563	58.848222745400	-21.163736700538
924.38397216797	60.116485189215	-18.698597980234
925.88299560547	61.454992782947	-16.236984116404
927.38201904297	62.865587266856	-13.779719592802
928.88098144531	64.350285851053	-11.327782851935
930.38000488281	65.911233324843	-8.8823588143720
931.87902832031	67.550699565257	-6.4448482898544
933.37799072266	69.271029587325	-4.0168936994868
934.87701416016	71.074625270644	-1.6003925487359
936.37597656250	72.963905564942	0.80249590037452
937.87500000000	74.941282418226	3.1893494396926
939.37402343750	77.009109584614	5.5574890453145
940.87298583984	79.169675140568	7.9039937225883
942.37200927734	81.425157292233	10.225722522111
943.87097167969	83.777611681279	12.519341309928
945.36999511719	86.228950301621	14.781360219499
946.86901855469	88.780976664010	17.008171715637
948.36798095703	91.435352988876	19.196086486893
949.86700439453	94.193680749106	21.341363114369
951.36602783203	97.057504523653	23.440259620537
952.86499023438	100.02839546853	25.489009949966
954.36401367188	103.10804580106	27.483859957283
955.86297607422	106.29830511014	29.421007203258
957.36199951172	109.60130685629	31.296567312889
958.86102294922	113.01958409338	33.106483495374
960.35998535156	116.55604229239	34.846363586578
961.85900878906	120.21411848942	36.511382375836
963.35797119141	123.99781463883	38.096051095395
964.85699462891	127.91145661670	39.594066555611
966.35601806641	131.96008742876	40.997850228737
967.85498046875	136.14879466131	42.298617827785
969.35400390625	140.48293709665	43.485762017843
970.85302734375	144.96752935211	44.547149145342
972.35198974609	149.60730012391	45.468038802475
973.85101318359	154.40590360520	46.231854397051
975.34997558594	159.36527130018	46.819744563162
976.84899902344	164.48570490814	47.210269755707
978.34802246094	169.76456168435	47.380030240269
979.84698486328	175.19595386618	47.303765786695
981.34600830078	180.77002018053	46.954849177298
982.84497070313	186.47231929047	46.305946101885
984.34399414063	192.28331710354	45.329850109772
985.84301757813	198.17824363285	44.000592127987
987.34197998047	204.12686183035	42.294533277119
988.84100341797	210.09370840195	40.191641841817
990.34002685547	216.03861969473	37.676788963991
991.83898925781	221.91785887697	34.740933281603
993.33801269531	227.68500353423	31.382032080189
994.83697509766	233.29288855500	27.605754664526
996.33599853516	238.69484906314	23.425616580277
997.83502197266	243.84693541758	18.862806570647
999.33398437500	248.70944695190	13.945422022522
1000.8330078125	253.24823016125	8.7072516103986
1002.3319702148	257.43576881785	3.1862627599637
1003.8309936523	261.25165685984	-2.5771156979238
1005.3300170898	264.68284145835	-8.5417547953527
1006.8289794922	267.72271665199	-14.667420265281
1008.3280029297	270.37068106929	-20.916121815684
1009.8270263672	272.63063549628	-27.253014571988
1011.3259887695	274.51007476037	-33.646961064242
1012.8250122070	276.01844836871	-40.070567547277
1014.3239746094	277.16636774546	-46.499953073467
1015.8229980469	277.96475558989	-52.914240234317
1017.3220214844	278.42393366253	-59.294699163241
1018.8209838867	278.55363942901	-65.624077895548
1020.3200073242	278.36343949009	-71.885998417372
1021.8189697266	277.86242581172	-78.064270839690
1023.3179931641	277.06022873975	-84.142728549885
1024.8170166016	275.96687755541	-90.104798635763
1026.3160400391	274.59422764020	-95.934298853168
1027.8149414063	272.95545414792	-101.61513812305
1029.3139648438	271.06594564808	-107.13245036045
1030.8129882813	268.94282786708	-112.47280772797
1032.3120117188	266.60490797883	-117.62497049647
1033.8110351563	264.07222380981	-122.58049531890
1035.3100585938	261.36532283819	-127.33394665810
1036.8089599609	258.50457903427	-131.88312182908
1038.3079833984	255.50925748638	-136.22883745068
1039.8070068359	252.39704908284	-140.37476573615
1041.3060302734	249.18318219419	-144.32666425991
1042.8050537109	245.88017987973	-148.09180301991
1044.3039550781	242.49750872885	-151.67806234285
1045.8029785156	239.04187364690	-155.09339521539
1047.3020019531	235.51703418478	-158.34427794403
1048.8010253906	231.92489760262	-161.43631445493
1050.3000488281	228.26562124925	-164.37235501399
1051.7989501953	224.53860747873	-167.15272028529
1053.2979736328	220.74345693978	-169.77552472528
1054.7969970703	216.88070107570	-172.23624414931
1056.2960205078	212.95259439932	-174.52851073777
1057.7950439453	208.96358487676	-176.64434172868
1059.2939453125	204.92107761613	-178.57559635103
1060.7929687500	200.83514181949	-180.31401613040
1062.2919921875	196.71862872401	-181.85264069792
1063.7910156250	192.58692564014	-183.18658440618
1065.2900390625	188.45715630366	-184.31371054136
1066.7889404297	184.34750693594	-185.23486892758
1068.2879638672	180.27631291056	-185.95416944147
1069.7869873047	176.26131752329	-186.47943472380
1071.2860107422	172.31873395779	-186.82120132604
1072.7850341797	168.46260836922	-186.99309202785
1074.2840576172	164.70420882907	-187.01020837827
1075.7829589844	161.05172152004	-186.88939829783
1077.2819824219	157.51016188666	-186.64789989448
1078.7810058594	154.08124454871	-186.30270558131
1080.2800292969	150.76384756362	-185.87013707124
1081.7790527344	147.55412925929	-185.36492312011
1083.2779541016	144.44618614394	-184.79980582223
1084.7769775391	141.43252257576	-184.18541892806
1086.2760009766	138.50456899147	-183.52988214613
1087.7750244141	135.65348034899	-182.83895762393
1089.2740478516	132.87050792134	-182.11584490967
1090.7729492188	130.14761480259	-181.36176593466
1092.2719726563	127.47782612948	-180.57617939361
1093.7709960938	124.85568354498	-179.75692802328
1095.2700195313	122.27732160703	-178.90109287348
1096.7690429688	119.74059713937	-178.00530231103
1098.2679443359	117.24506836249	-177.06612213976
1099.7669677734	114.79186003841	-176.08064461791
1101.2659912109	112.38324264806	-175.04681525478
1102.7650146484	110.02246696923	-173.96368391716
1104.2640380859	107.71335797424	-172.83152382501
1105.7629394531	105.45973099892	-171.65195051794
1107.2619628906	103.26526736831	-170.42781136057
1108.7609863281	101.13299361455	-169.16308589710
1110.2600097656	99.065085474160	-167.86255704078
1111.7590332031	97.062624798827	-166.53164586229
1113.2580566406	95.125587964054	-165.17604789089
1114.7569580078	93.252738530391	-163.80122694035
1116.2559814453	91.441782076400	-162.41233753896
1117.7550048828	89.689391255636	-161.01403949970
1119.2540283203	87.991595546033	-159.60999095199
1120.7530517578	86.343795032666	-158.20294256231
1122.2519531250	84.741273622008	-156.79449066261
1123.7509765625	83.179248325310	-155.38513842090
1125.2500000000	81.653286239309	-153.97448912079
1126.7490234375	80.159422376383	-152.56114526843
1128.2480468750	78.694422881753	-151.14303281768
1129.7469482422	77.255888210905	-149.71751243259
1131.2459716797	75.842345226919	-148.28164447327
1132.7449951172	74.453199107649	-146.83254133867
1134.2440185547	73.088829672385	-145.36750603018
1135.7430419922	71.750227602775	-143.88414359577
1137.2419433594	70.439149620670	-142.38064031454
1138.7409667969	69.157663127287	-140.85592490166
1140.2399902344	67.908098445115	-139.30971898943
1141.7390136719	66.692757210027	-137.74223409474
1143.2380371094	65.513773795164	-136.15459241047
1144.7370605469	64.372852927011	-134.54842799754
1146.2359619141	63.271351170576	-132.92580483071
1147.7349853516	62.209860315885	-131.28908095100
1149.2340087891	61.188537861154	-129.64062078325
1150.7330322266	60.206798594198	-127.98286394078
1152.2320556641	59.263565433285	-126.31788237859
1153.7309570313	58.357326664195	-124.64751523640
1155.2299804688	57.486166071404	-122.97302260948
1156.7290039063	56.648010803169	-121.29518077202
1158.2280273438	55.840756707544	-119.61416900097
1159.7270507813	55.062341403294	-117.92964830742
1161.2259521484	54.310969585368	-116.24073261542
1162.7249755859	53.585199057233	-114.54619039726
1164.2239990234	52.884002879704	-112.84430883185
1165.7230224609	52.206899532266	-111.13339360956
1167.2220458984	51.553927262314	-109.41148922233
1168.7209472656	50.925645614334	-107.67682368072
1170.2199707031	50.323084050883	-105.92781378978
1171.7189941406	49.747704089771	-104.16309895983
1173.2180175781	49.201241535099	-102.38183487554
1174.7170410156	48.685698938965	-100.58351950459
1176.2159423828	48.203093538018	-98.768110529442
1177.7149658203	47.755469743677	-96.936079783383
1179.2139892578	47.344724493642	-95.088298541641
1180.7130126953	46.972495942845	-93.225986230903
1182.2120361328	46.640165651320	-91.350715067401
1183.7110595703	46.348710355738	-89.464100962960
1185.2099609375	46.098772730195	-87.568010486845
1186.7089843750	45.890655096361	-85.664271616055
1188.2080078125	45.724228890737	-83.754592440016
1189.7070312500	45.599103063851	-81.840584008344
1191.2060546875	45.514637138284	-79.923563458476
1192.7049560547	45.469977111553	-78.004672619812
1194.2039794922	45.464161267072	-76.084654996114
1195.7030029297	45.496176895285	-74.163995875350
1197.2020263672	45.565028346856	-72.242899701807
1198.7010498047	45.669821345588	-70.321222924674
1200.1999511719	45.809805353735	-68.398604329552
1201.6989746094	45.984411775446	-66.474400997635
1203.1979980469	46.193329428681	-64.547898060663
1204.6970214844	46.436488269029	-62.618150717304
1206.1960449219	46.714120972820	-60.684240739354
1207.6949462891	47.026684024850	-58.745153038380
1209.1939697266	47.374967593112	-56.799988033443
1210.6929931641	47.759983846530	-54.847867623859
1212.1920166016	48.182963340543	-52.888054986165
1213.6910400391	48.645353134115	-50.919958471269
1215.1899414063	49.148786501923	-48.943160278784
1216.6889648438	49.695007317615	-46.957434251312
1218.1879882813	50.285888514352	-44.962748142288
1219.6870117188	50.923371333027	-42.959264267395
1221.1860351563	51.609443989806	-40.947335809194
1222.6850585938	52.346130075643	-38.927523761714
1224.1839599609	53.135467701380	-36.900560139449
1225.6829833984	53.979469587209	-34.867343286726
1227.1820068359	54.880169165596	-32.828949301175
1228.6810302734	55.839534826422	-30.786610862192
1230.1800537109	56.859513694823	-28.741674321822
1231.6789550781	57.942032554554	-26.695669965712
1233.1779785156	59.088936821586	-24.650208471570
1234.6770019531	60.302048897480	-22.607055530358
1236.1760253906	61.583128507330	-20.568086056283
1237.6750488281	62.933874490445	-18.535265294921
1239.1739501953	64.355931379031	-16.510665897824
1240.6729736328	65.850881490972	-14.496434440915
1242.1719970703	67.420246783265	-12.494793375437
1243.6710205078	69.065498375388	-10.508011702582
1245.1700439453	70.788079125632	-8.5384023336023
1246.6689453125	72.589412086508	-6.5882991945320
1248.1679687500	74.470928401861	-4.6600503374860
1249.6669921875	76.434111890598	-2.7560173472190
1251.1660156250	78.480549013052	-0.87857384037621
1252.6650390625	80.611957869246	0.96986870661436
1254.1639404297	82.830260324417	2.7868298074661
1255.6629638672	85.137638864336	4.5697041460339
1257.1619873047	87.536568416246	6.3156836164448
1258.6610107422	90.029876210007	8.0216582237286
1260.1600341797	92.620731792337	9.6840950056172
1261.6590576172	95.312668529722	11.298890157630
1263.1579589844	98.109518084861	12.861221308727
1264.6569824219	101.01536293120	14.365374253035
1266.1560058594	104.03434002870	15.804568442432
1267.6550292969	107.17052729382	17.170830872922
1269.1540527344	110.42769274013	18.454845171734
1270.6529541016	113.80895975559	19.645864476008
1272.1519775391	117.31656603353	20.731712446569
1273.6510009766	120.95138674506	21.698787620870
1275.1500244141	124.71269129853	22.532244843212
1276.6490478516	128.59759857456	23.216202428128
1278.1479492188	132.60088441084	23.734110000535
1279.6469726563	136.71455427828	24.069204682513
1281.1459960938	140.92779564821	24.205082218932
1282.6450195313	145.22681794604	24.126327548256
1284.1440429688	149.59506339659	23.819215720462
1285.6429443359	154.01349541410	23.272374501114
1287.1419677734	158.46111425493	22.477362139839
1288.6409912109	162.91578691436	21.429158653952
1290.1400146484	167.35493312375	20.126376699139
1291.6390380859	171.75643633565	18.571209105656
1293.1379394531	176.09974393897	16.769198588338
1294.6369628906	180.36645322063	14.728585943469
1296.1359863281	184.54104771802	12.459541357975
1297.6350097656	188.61086226218	9.9731279092076
1299.1340332031	192.56656456896	7.2803663432327
1300.6330566406	196.40105838923	4.3911918661949
1302.1319580078	200.10943465477	1.3137434818271
1303.6309814453	203.68770929349	-1.9461647917152
1305.1300048828	207.13171325574	-5.3851950945490
1306.6290283203	210.43603721558	-9.0022526245991
1308.1280517578	213.59321540392	-12.797900501892
1309.6269531250	216.59287896478	-16.773444386628
1311.1259765625	219.42109856625	-20.929725881383
1312.6250000000	222.06072729954	-25.265844322070
1314.1240234375	224.49150110162	-29.777788137014
1315.6230468750	226.69111064496	-34.457260098153
1317.1219482422	228.63647347736	-39.290778040996
1318.6209716797	230.30508615605	-44.259147493727
1320.1199951172	231.67719777565	-49.337615425927
1321.6190185547	232.73702310260	-54.496366553712
1323.1180419922	233.47478210884	-59.701880483905
1324.6169433594	233.88730738398	-64.918522558937
1326.1159667969	233.97858422051	-70.110422623355
1327.6149902344	233.75998994561	-75.243835003038
1329.1140136719	233.24890147022	-80.288753810569
1330.6130371094	232.46767871869	-85.220632037637
1332.1120605469	231.44152172023	-90.021306705694
1333.6109619141	230.19664396909	-94.679318153563
1335.1099853516	228.75846274988	-99.189950738905
1336.6090087891	227.14941945287	-103.55395010906
1338.1080322266	225.38767509665	-107.77628219941
1339.6070556641	223.48668926200	-111.86484505596
1341.1059570313	221.45417258197	-115.82799494054
1342.6049804688	219.29304362675	-119.67342342368
1344.1040039063	217.00163320711	-123.40597398256
1345.6030273438	214.57529227296	-127.02681140137
1347.1020507813	212.00769938741	-130.53207352409
1348.6009521484	209.29295094034	-133.91309949214
1350.0999755859	206.42707158883	-137.15621888646
1351.5989990234	203.40978146917	-140.24382956443
1353.0980224609	200.24585522848	-143.15560285146
1354.5970458984	196.94607025047	-145.87040515022
1356.0959472656	193.52714483251	-148.36784258667
1357.5949707031	190.01179570899	-150.63058324620
1359.0939941406	186.42740754679	-152.64580736671
1360.5930175781	182.80483112067	-154.40679532620
1362.0920410156	179.17638678529	-155.91351227827
1363.5909423828	175.57408406041	-157.17270466375
1365.0899658203	172.02754789493	-158.19794759548
1366.5889892578	168.56341971896	-159.00821052793
1368.0880126953	165.20206330451	-159.62729067137
1369.5870361328	161.95881826120	-160.08154298792
1371.0860595703	158.84244159213	-160.39914136862
1372.5849609375	155.85582561799	-160.60776857663
1374.0839843750	152.99624655110	-160.73382715327
1375.5830078125	150.25539019639	-160.80071785762
1377.0820312500	147.62143902342	-160.82852342691
1378.5810546875	145.07879318537	-160.83251104394
1380.0799560547	142.61067985960	-160.82332310769
1381.5789794922	140.19948661685	-160.80655364196
1383.0780029297	137.82862382096	-160.78318271314
1384.5770263672	135.48264642457	-160.74968665154
1386.0760498047	133.14917462047	-160.69901120505
1387.5749511719	130.81925785181	-160.62113373250
1389.0739746094	128.48782751431	-160.50475626349
1390.5729980469	126.15409733991	-160.33781915762
1392.0720214844	123.82125628399	-160.10901751387
1393.5710449219	121.49606084628	-159.80901628531
1395.0699462891	119.18805446413	-159.43096406504
1396.5689697266	116.90866689105	-158.97124773887
1398.0679931641	114.67019295231	-158.43015521745
1399.5670166016	112.48459770839	-157.81130825264
1401.0660400391	110.36260471860	-157.12177020740
1402.5649414063	108.31280032717	-156.37133335366
1404.0639648438	106.34108543955	-155.57182557631
1405.5629882813	104.45013168620	-154.73629875448
1407.0620117188	102.63937149995	-153.87796388425
1408.5610351563	100.90503497403	-153.00947763585
1410.0600585938	99.240450977633	-152.14216559602
1411.5589599609	97.636520273994	-151.28524365992
1413.0579833984	96.082341350563	-150.44534744221
1414.5570068359	94.565933448795	-149.62612284874
1416.0560302734	93.074956161763	-148.82806788403
1417.5550537109	91.597610512323	-148.04873244200
1419.0539550781	90.123347070673	-147.28264206158
1420.5529785156	88.643499925423	-146.52185979773
1422.0520019531	87.152033810343	-145.75671192388
1423.5510253906	85.645782121972	-144.97618765041
1425.0500488281	84.124713106852	-144.16899694011
1426.5489501953	82.591916446004	-143.32448326851
1428.0479736328	81.053306731184	-142.43313350826
1429.5469970703	79.517143011134	-141.48752302344
1431.0460205078	77.993376965564	-140.48277196341
1432.5450439453	76.492911564079	-139.41697379067
1434.0439453125	75.026694218974	-138.29101058657
1435.5429687500	73.605071366493	-137.10872509635
1437.0419921875	72.236898394980	-135.87634271844
1438.5410156250	70.929205923575	-134.60214007135
1440.0400390625	69.686593843324	-133.29571499190
1441.5389404297	68.511266312339	-131.96728940033
1443.0379638672	67.402725668371	-130.62720488075
1444.5369873047	66.358212055485	-129.28521822722
1446.0360107422	65.372797309598	-127.94985710262
1447.5350341797	64.439764231673	-126.62809693416
1449.0340576172	63.551187476798	-125.32504536150
1450.5329589844	62.698336457363	-124.04360269389
1452.0319824219	61.872295109523	-122.78444438239
1453.5310058594	61.064445072691	-121.54614993548
1455.0300292969	60.267039378286	-120.32524096840
1456.5290527344	59.473626167917	-119.11646535404
1458.0279541016	58.679387567923	-117.91334011469
1459.5269775391	57.881442433983	-116.70844671207
1461.0260009766	57.079003731567	-115.49406568314
1462.5250244141	56.273311342567	-114.26270837222
1464.0240478516	55.467496883993	-113.00753442460
1465.5229492188	54.666392296997	-111.72296771872
1467.0219726563	53.875966116397	-110.40494376106
1468.5209960938	53.102999095288	-109.05113545215
1470.0200195313	52.354519397185	-107.66116317180
1471.5190429688	51.637238365358	-106.23641944435
1473.0179443359	50.957261489231	-104.77989574678
1474.5169677734	50.319570237362	-103.29603575565
1476.0159912109	49.727789974142	-101.79023697394
1477.5150146484	49.184048698281	-100.26850317179
1479.0140380859	48.688936905433	-98.736951833160
1480.5129394531	48.241439474139	-97.201605863593
1482.0119628906	47.839250113164	-95.667893558052
1483.5109863281	47.478812558522	-94.140384787307
1485.0100097656	47.155656115166	-92.622507021116
1486.5090332031	46.864772868190	-91.116509521201
1488.0080566406	46.600753323644	-89.623147662122
1489.5069580078	46.358280183964	-88.141975777170
1491.0059814453	46.132411508486	-86.671078651596
1492.5050048828	45.918812214899	-85.207443778190
1494.0040283203	45.714103007384	-83.747047883835
1495.5030517578	45.515986212636	-82.285096743343
1497.0019531250	45.323455589588	-80.816421740351
1498.5009765625	45.136799546327	-79.335641637829
1500.0000000000	44.957600813552	-77.837588456051
