#Parameters = {C=5e-15; L=3e-08; a=4000; eps_eff=6; r_i=70; r_o=90; t=0.1}
#"Frequency / GHz"	"Z1,1 [Real/Imaginary Part] [Re]"	"Z1,1 [Real/Imaginary Part] [Im]"
#-------------------------------------------------------------------------------------
1.0000000000000	5.3369568809109	-3240.6137947301
2.4990000724792	1.2275820879913	-1296.1649166137
3.9979999065399	0.75169963272098	-809.48566848812
5.4970002174377	0.60724724302774	-588.00097920143
6.9959998130798	0.54456330546297	-461.24472588921
8.4949998855591	0.51152660880579	-379.07032465063
9.9940004348755	0.49160805463735	-321.41718168918
11.493000030518	0.47840350677680	-278.69039016690
12.991999626160	0.46892106086975	-245.72317837003
14.491000175476	0.46171515374308	-219.48668787040
15.989999771118	0.45588275269771	-198.08782281874
17.489000320435	0.45091007073104	-180.28246814591
18.988000869751	0.44659261884777	-165.21941451998
20.486999511719	0.44266121738387	-152.29644285978
21.986000061035	0.43900671393554	-141.07570136771
23.485000610352	0.43558540201096	-131.23101636493
24.983999252319	0.43229650470581	-122.51453760298
26.482999801636	0.42914843732209	-114.73450365249
27.982000350952	0.42609033060458	-107.74018774088
29.481000900269	0.42316232179910	-101.41156975693
30.979999542236	0.42027376469995	-95.651833966567
32.479000091553	0.41751239690297	-90.382012564494
33.978000640869	0.41483107183746	-85.537073335938
35.477001190186	0.41225440963525	-81.062967900941
36.976001739502	0.40979518564250	-76.914400606171
38.474998474121	0.40746447461696	-73.053122951884
39.973999023438	0.40526874768572	-69.446623343289
41.472999572754	0.40322707972440	-66.067087394621
42.972000122070	0.40136886060298	-62.890574639745
44.471000671387	0.39969690323818	-59.896323878926
45.970001220703	0.39823438471403	-57.066322537092
47.469001770020	0.39700201585273	-54.384855122851
48.967998504639	0.39602322164320	-51.838031543805
50.466999053955	0.39531656320571	-49.413629267092
51.965999603271	0.39490786713864	-47.100889475654
53.465000152588	0.39482345794664	-44.890244229083
54.964000701904	0.39507797559826	-42.773055601242
56.463001251221	0.39570911727633	-40.741772482510
57.962001800537	0.39674234535947	-38.789442680354
59.460998535156	0.39820772048603	-36.909882843408
60.959999084473	0.40013149056183	-35.097568846604
62.458999633789	0.40253994515967	-33.347411476225
63.958000183105	0.40547781140068	-31.654831105441
65.457000732422	0.40897220788434	-30.015668108042
66.956001281738	0.41306068352444	-28.426086058151
68.455001831055	0.41778192244200	-26.882632282602
69.954002380371	0.42317055524980	-25.382109314122
71.453002929688	0.42926850276877	-23.921577013094
72.952003479004	0.43611822369476	-22.498373623116
74.450996398926	0.44375875829010	-21.110003796790
75.949996948242	0.45224816073835	-19.754160749416
77.448997497559	0.46161692056036	-18.428742072105
78.947998046875	0.47192981661201	-17.131782599691
80.446998596191	0.48322551209281	-15.861438763024
81.945999145508	0.49556242300898	-14.616022118982
83.444999694824	0.50899420975284	-13.393947715205
84.944000244141	0.52357588707864	-12.193728991001
86.443000793457	0.53936672378743	-11.013991444612
87.942001342773	0.55643323079124	-9.8534447391207
89.441001892090	0.57483333598991	-8.7108586591127
90.940002441406	0.59463055579446	-7.5851014476202
92.439002990723	0.61589798146829	-6.4750936614122
93.938003540039	0.63869900245813	-5.3798349143760
95.436996459961	0.66311175370907	-4.2983533194044
96.935997009277	0.68921072310349	-3.2297490422386
98.434997558594	0.71707596500265	-2.1731673986632
99.933998107910	0.74678378660606	-1.1277989869768
101.43299865723	0.77842118025262	-0.092861696248022
102.93199920654	0.81207500070739	0.93236866569592
104.43099975586	0.84784148975195	1.9486084099976
105.93000030518	0.88580749748918	2.9565088565537
107.42900085449	0.92607496262883	3.9567300868484
108.92800140381	0.96874922667498	4.9498608946824
110.42700195313	1.0139367196935	5.9365216391504
111.92600250244	1.0617507722925	6.9172479915513
113.42500305176	1.1123059328421	7.8926028077681
114.92400360107	1.1657314804237	8.8631086912816
116.42299652100	1.2221513564735	9.8292820041678
117.92199707031	1.2817029285449	10.791598852355
119.42099761963	1.3445225737491	11.750543524221
120.91999816895	1.4107674447763	12.706582074950
122.41899871826	1.4805940233991	13.660157588748
123.91799926758	1.5541636495625	14.611719260723
125.41699981689	1.6316508361306	15.561680223174
126.91600036621	1.7132330219204	16.510463191392
128.41499328613	1.7991076339203	17.458481385564
129.91400146484	1.8894784787064	18.406121280731
131.41299438477	1.9845541305455	19.353792099664
132.91200256348	2.0845553775959	20.301849406598
134.41099548340	2.1897326706713	21.250695829913
135.91000366211	2.3003172408267	22.200690281010
137.40899658203	2.4165879080618	23.152190283390
138.90800476074	2.5388084001738	24.105549872770
140.40699768066	2.6672753356385	25.061129351389
141.90600585938	2.8022980227530	26.019278863810
143.40499877930	2.9441984332763	26.980331490421
144.90400695801	3.0933175930054	27.944614086528
146.40299987793	3.2500150904317	28.912454965721
147.90199279785	3.4146750271088	29.884195595532
149.40100097656	3.5876921890356	30.860116862649
150.89999389648	3.7694975644451	31.840591311927
152.39900207520	3.9605274862158	32.825867188209
153.89799499512	4.1612608574654	33.816286792163
155.39700317383	4.3721893755099	34.812133413634
156.89599609375	4.5938411769315	35.813678467062
158.39500427246	4.8267687790398	36.821222665454
159.89399719238	5.0715573074067	37.835026333676
161.39300537109	5.3288223609991	38.855348569275
162.89199829102	5.5992245376606	39.882444614363
164.39100646973	5.8834545044067	40.916576744272
165.88999938965	6.1822369761371	41.957934587075
167.38900756836	6.4963501385861	43.006733115523
168.88800048828	6.8266023917275	44.063172931410
170.38699340820	7.1738658802193	45.127432983962
171.88600158691	7.5390518166792	46.199676806435
173.38499450684	7.9231264117422	47.279996671465
174.88400268555	8.3271080043902	48.368505648661
176.38299560547	8.7520758345156	49.465262382961
177.88200378418	9.1991678927763	50.570268342190
179.38099670410	9.6695874579574	51.683533158773
180.88000488281	10.164611922836	52.804973949883
182.37899780273	10.685576953926	53.934510485137
183.87800598145	11.233882446341	55.071877362341
185.37699890137	11.811017206037	56.216846784354
186.87600708008	12.418551247415	57.369117909502
188.37500000000	13.058115863854	58.528233083633
189.87399291992	13.731436026938	59.693721751769
191.37300109863	14.440296761885	60.864845144991
192.87199401855	15.186602377416	62.040971703926
194.37100219727	15.972304499495	63.221149205835
195.86999511719	16.799440462517	64.404362597329
197.36900329590	17.670108239985	65.589352262025
198.86799621582	18.586511884478	66.774769970162
200.36700439453	19.550887916079	67.958978409687
201.86599731445	20.565568469077	69.140196662540
203.36500549316	21.632865764685	70.316303883119
204.86399841309	22.755189888212	71.484986798686
206.36300659180	23.934926500922	72.643594870940
207.86199951172	25.174491902436	73.789180425078
209.36099243164	26.476233137063	74.918438488148
210.86000061035	27.842457565647	76.027717685040
212.35899353027	29.275372945199	77.112953039407
213.85800170898	30.777077642719	78.169657312333
215.35699462891	32.349433402991	79.192897590760
216.85600280762	33.994118281458	80.177328775372
218.35499572754	35.712489141138	81.117085801729
219.85400390625	37.505538373994	82.005838863342
221.35299682617	39.373809640337	82.836773271248
222.85200500488	41.317303778458	83.602579663328
224.35099792480	43.335437490542	84.295512927443
225.85000610352	45.426883196465	84.907394637125
227.34899902344	47.589475354499	85.429670540136
228.84800720215	49.820165305461	85.853459188690
230.34700012207	52.114844934491	86.169737497094
231.84599304199	54.468269379718	86.369233214793
233.34500122070	56.874004028184	86.442838650335
234.84399414063	59.324284849577	86.381579207816
236.34300231934	61.810038255555	86.176818358990
237.84199523926	64.320756003562	85.820556667652
239.34100341797	66.844571849437	85.305548503380
240.83999633789	69.368298147494	84.625645475653
242.33900451660	71.877438223174	83.775992254392
243.83799743652	74.356444636671	82.753209076336
245.33700561523	76.788793915645	81.555795859917
246.83599853516	79.157277224101	80.184189262549
248.33500671387	81.444291621801	78.640968134263
249.83399963379	83.632168294959	76.931019896375
251.33299255371	85.703500960794	75.061625620664
252.83200073242	87.641569869809	73.042347615146
254.33099365234	89.430753618572	70.885069453181
255.83000183105	91.056838970440	68.603751848019
257.32901000977	92.507420561669	66.214258802584
258.82800292969	93.772181184508	63.734044730685
260.32699584961	94.843162354421	61.181767699182
261.82598876953	95.714886532970	58.576959029192
263.32501220703	96.384480852947	55.939536511481
264.82400512695	96.851656617123	53.289397507526
266.32299804688	97.118652285729	50.646038682183
267.82199096680	97.190084842521	48.028171800177
269.32101440430	97.072717604706	45.453350443458
270.82000732422	96.775212496938	42.937726323363
272.31900024414	96.307836928459	40.495821829732
273.81799316406	95.682102524102	38.140381425022
275.31698608398	94.910509427420	35.882278936039
276.81600952148	94.006191496046	33.730514128610
278.31500244141	92.982607779148	31.692208660530
279.81399536133	91.853302563425	29.772692841838
281.31298828125	90.631672649901	27.975633493329
282.81201171875	89.330707434398	26.303122155051
284.31100463867	87.962897626422	24.755885841276
285.80999755859	86.540080130774	23.333405970823
287.30899047852	85.073327379595	22.034123764484
288.80801391602	83.572899674545	20.855558925274
290.30700683594	82.048220693497	19.794514601428
291.80599975586	80.507849566966	18.847198099474
293.30499267578	78.959481315837	18.009351991467
294.80398559570	77.410003319543	17.276397197490
296.30300903320	75.865494489758	16.643514494417
297.80200195313	74.331291709106	16.105760099733
299.30099487305	72.812013798623	15.658123080835
300.79998779297	71.311649942663	15.295609953878
302.29901123047	69.833578527957	15.013285841307
303.79800415039	68.380643228407	14.806326782295
305.29699707031	66.955189060824	14.670044255202
306.79598999023	65.559134461817	14.599919851912
308.29501342773	64.193995399078	14.591623479638
309.79400634766	62.860963905599	14.641025152165
311.29299926758	61.560891508533	14.744194245382
312.79199218750	60.294405113535	14.897424001971
314.29098510742	59.061878171205	15.097207401451
315.79000854492	57.863487445964	15.340253276653
317.28900146484	56.699244282986	15.623476449535
318.78799438477	55.569014360765	15.943988330802
320.28698730469	54.472552364832	16.299096487386
321.78601074219	53.409497256868	16.686286764222
323.28500366211	52.379407807257	17.103226724245
324.78399658203	51.381780592892	17.547748291294
326.28298950195	50.416064699844	18.017845098036
327.78201293945	49.481654212993	18.511651342969
329.28100585938	48.577917940420	19.027445781621
330.77999877930	47.704211444524	19.563645221623
332.27899169922	46.859864870769	20.118777189685
333.77801513672	46.044201218133	20.691490583659
335.27700805664	45.256554062733	21.280540417295
336.77600097656	44.496253768442	21.884784539816
338.27499389648	43.762630552052	22.503166812011
339.77398681641	43.055039079491	23.134718511213
341.27301025391	42.372837145837	23.778549997904
342.77200317383	41.715407194428	24.433850444352
344.27099609375	41.082152559688	25.099877214580
345.76998901367	40.472484812561	25.775938052545
347.26901245117	39.885842221385	26.461413564865
348.76800537109	39.321685931823	27.155727574681
350.26699829102	38.779515175650	27.858358413999
351.76599121094	38.258825910063	28.568831305141
353.26501464844	37.759151707358	29.286706798748
354.76400756836	37.280056068642	30.011591767423
356.26300048828	36.821111593633	30.743114045591
357.76199340820	36.381937855881	31.480959359286
359.26098632813	35.962166180361	32.224816224630
360.76000976563	35.561439744792	32.974402344706
362.25900268555	35.179450840999	33.729484340467
363.75799560547	34.815899137646	34.489814008868
365.25698852539	34.470523431853	35.255206334160
366.75601196289	34.143065003415	36.025453901920
368.25500488281	33.833302428892	36.800387168873
369.75399780273	33.541036398374	37.579841379499
371.25299072266	33.266098202445	38.363680801040
372.75201416016	33.008317601787	39.151747149389
374.25100708008	32.767571654892	39.943928492784
375.75000000000	32.543752231057	40.740104718780
377.24899291992	32.336758999828	41.540150765320
378.74798583984	32.146546065440	42.343972187442
380.24700927734	31.973054086579	43.151456593572
381.74600219727	31.816258225325	43.962503522550
383.24499511719	31.676167804058	44.777012235381
384.74398803711	31.552792202201	45.594882111855
386.24301147461	31.446178566602	46.416010275625
387.74200439453	31.356381891619	47.240294706042
389.24099731445	31.283483059281	48.067625734160
390.73999023438	31.227579745160	48.897882652559
392.23901367188	31.188810838722	49.730960084355
393.73800659180	31.167291506544	50.566705600016
395.23699951172	31.163211870034	51.405009432638
396.73599243164	31.176722390412	52.245701199797
398.23498535156	31.208048922120	53.088626980238
399.73400878906	31.257391487714	53.933623148124
401.23300170898	31.325002892807	54.780490715828
402.73199462891	31.411135634594	55.629018219557
404.23098754883	31.516052944022	56.479003866940
405.73001098633	31.640053228633	57.330163423934
407.22900390625	31.783455830309	58.182263095594
408.72799682617	31.946563375904	59.034994353783
410.22698974609	32.129727066255	59.888056765734
411.72601318359	32.333299110465	60.741080924399
413.22500610352	32.557635613244	61.593684304772
414.72399902344	32.803135250819	62.445484181911
416.22299194336	33.070171410526	63.296036572719
417.72198486328	33.359136976923	64.144838054771
419.22100830078	33.670445587330	64.991363536637
420.72000122070	34.004504873073	65.835087777477
422.21899414063	34.361723963610	66.675367786608
423.71798706055	34.742512568088	67.511562872504
425.21701049805	35.147285864923	68.342990609453
426.71600341797	35.576457309353	69.168878807233
428.21499633789	36.030382532733	69.988431973520
429.71398925781	36.509488414718	70.800768597952
431.21301269531	37.014114493102	71.605005601313
432.71200561523	37.544592811246	72.400132459967
434.21099853516	38.101258362821	73.185122044601
435.70999145508	38.684379794146	73.958893669726
437.20901489258	39.294221854067	74.720258918322
438.70800781250	39.930977139572	75.468025989991
440.20700073242	40.594784820190	76.200834531754
441.70599365234	41.285748531185	76.917393583444
443.20498657227	42.003904201619	77.616249350316
444.70401000977	42.749203705225	78.295940632112
446.20300292969	43.521513861224	78.954900768428
447.70199584961	44.320644629368	79.591570890858
449.20098876953	45.146256049064	80.204232852353
450.70001220703	45.997940817747	80.791236964388
452.19900512695	46.875183600267	81.350816268843
453.69799804688	47.777305004212	81.881214253516
455.19699096680	48.703519321071	82.380585381559
456.69601440430	49.652911505466	82.847109497070
458.19500732422	50.624395780178	83.278987253882
459.69400024414	51.616712515555	83.674322784313
461.19299316406	52.628489567780	84.031356368105
462.69198608398	53.658156598183	84.348277173336
464.19100952148	54.703959298583	84.623345042368
465.69000244141	55.763995956598	84.854912605132
467.18899536133	56.836166635123	85.041365585941
468.68798828125	57.918214147885	85.181227429500
470.18701171875	59.007687809400	85.273156076812
471.68600463867	60.102011535969	85.315913794540
473.18499755859	61.198381846585	85.308424950529
474.68399047852	62.293905650845	85.249855277371
476.18301391602	63.385561960713	85.139499045875
477.68200683594	64.470148531426	84.976914175970
479.18099975586	65.544446729681	84.761886320548
480.67999267578	66.605086985938	84.494471703988
482.17898559570	67.648676859597	84.174946186739
483.67800903320	68.671806734885	83.803932101333
485.17700195313	69.671057225115	83.382289079420
486.67599487305	70.643024904816	82.911192481785
488.17498779297	71.584400232411	82.392083026355
489.67401123047	72.491905190840	81.826678270348
491.17300415039	73.362463687875	81.217057286112
492.67199707031	74.193081533174	80.565473870611
494.17098999023	74.980977659358	79.874525095717
495.67001342773	75.723595850367	79.146953773837
497.16900634766	76.418568349502	78.385799415606
498.66799926758	77.063822789080	77.594248023637
500.16699218750	77.657535632010	76.775643036019
501.66598510742	78.198191999719	75.933516696018
503.16500854492	78.684567999246	75.071409971598
504.66400146484	79.115752774584	74.193052153889
506.16299438477	79.491132051369	73.302106469445
507.66198730469	79.810432458512	72.402302590196
509.16101074219	80.073641184439	71.497306551242
510.66000366211	80.281104979286	70.590757314860
512.15899658203	80.433413096977	69.686197054555
513.65802001953	80.531419474126	68.787048053418
515.15698242188	80.576252770892	67.896588054432
516.65600585938	80.569263095975	67.017985922279
518.15502929688	80.512019406490	66.154178963814
519.65399169922	80.406263097096	65.307941180354
521.15301513672	80.253928947683	64.481858003274
522.65197753906	80.057055218442	63.678275288504
524.15100097656	79.817813354491	62.899336811065
525.65002441406	79.538495777999	62.147006636714
527.14898681641	79.221390316828	61.422941923383
528.64801025391	78.868920637312	60.728709149377
530.14697265625	78.483482873956	60.065544941828
531.64599609375	78.067476206594	59.434540862245
533.14501953125	77.623347520321	58.836602011815
534.64398193359	77.153458841870	58.272411370010
536.14300537109	76.660151885657	57.742495953804
537.64202880859	76.145754504436	57.247232003695
539.14099121094	75.612466550773	56.786798803063
540.64001464844	75.062493483679	56.361291617225
542.13897705078	74.497873448386	55.970604196368
543.63800048828	73.920676874381	55.614579169032
545.13702392578	73.332759274496	55.292911132093
546.63598632813	72.736046677318	55.005216282212
548.13500976563	72.132185470578	54.751035375398
549.63397216797	71.522784146079	54.529809488101
551.13299560547	70.909519222073	54.340931648589
552.63201904297	70.293785676537	54.183765566317
554.13098144531	69.676973046323	54.057585188886
555.63000488281	69.060325989351	53.961648770969
557.12902832031	68.445017442926	53.895194856315
558.62799072266	67.832237355233	53.857422706177
560.12701416016	67.222936824888	53.847519747278
561.62597656250	66.618092075589	53.864669655869
563.12500000000	66.018600462869	53.908045850370
564.62402343750	65.425267103637	53.976813387218
566.12298583984	64.838780005777	54.070152382059
567.62200927734	64.259849751333	54.187230922613
569.12097167969	63.689138150759	54.327252092354
570.61999511719	63.127147696655	54.489414718130
572.11901855469	62.574408203694	54.672909085940
573.61798095703	62.031433945376	54.877003476449
575.11700439453	61.498619056299	55.100910341894
576.61602783203	60.976325074809	55.343910657665
578.11499023438	60.464955495971	55.605287238386
579.61401367188	59.964730747550	55.884313884086
581.11297607422	59.476034234800	56.180346102068
582.61199951172	58.999028520834	56.492698278998
584.11102294922	58.534017144924	56.820756808924
585.60998535156	58.081142559802	57.163875211370
587.10900878906	57.640613911866	57.521471463082
588.60797119141	57.212628576213	57.892973708514
590.10699462891	56.797280333908	58.277800728747
591.60601806641	56.394727686765	58.675424615447
593.10498046875	56.005092006474	59.085315118812
594.60400390625	55.628426494589	59.506946671627
596.10302734375	55.264889978794	59.939849322224
597.60198974609	54.914572122860	60.383555112939
599.10101318359	54.577471345185	60.837566533339
600.59997558594	54.253779360919	61.301478004061
602.09899902344	53.943469114849	61.774832309996
603.59802246094	53.646635293293	62.257210530651
605.09698486328	53.363360927583	62.748225384555
606.59600830078	53.093671799168	63.247438403057
608.09497070313	52.837644644523	63.754497134777
609.59399414063	52.595311718789	64.269014810702
611.09301757813	52.366738278432	64.790602278165
612.59197998047	52.151993922503	65.318928619167
614.09100341797	51.951103252415	65.853615116481
615.59002685547	51.764125183969	66.394296972207
617.08898925781	51.591133985478	66.940668752321
618.58801269531	51.432156725270	67.492340503023
620.08697509766	51.287280249852	68.049005119782
621.58599853516	51.156540490855	68.610314817224
623.08502197266	51.040013406214	69.175936594787
624.58398437500	50.937736381526	69.745523861196
626.08300781250	50.849797415850	70.318775060285
627.58197021484	50.776248950716	70.895320719353
629.08099365234	50.717175260866	71.474839702718
630.58001708984	50.672617046252	72.056973533275
632.07897949219	50.642648803849	72.641383013584
633.57800292969	50.627359781216	73.227754078047
635.07702636719	50.626799544752	73.815677705398
636.57598876953	50.641040804794	74.404830364433
638.07501220703	50.670150021244	74.994826617325
639.57397460938	50.714212215024	75.585316979722
641.07299804688	50.773284125238	76.175902254579
642.57202148438	50.847415102525	76.766173558406
644.07098388672	50.936677878318	77.355776939873
645.57000732422	51.041135713775	77.944282644461
647.06896972656	51.160831042540	78.531255139472
648.56799316406	51.295801839139	79.116267298549
650.06701660156	51.446110418134	79.698882408890
651.56597900391	51.611769556089	80.278671664208
653.06500244141	51.792811760593	80.855128757161
654.56402587891	51.989238143082	81.427783362126
656.06298828125	52.201046246366	81.996158135551
657.56201171875	52.428261051780	82.559751012931
659.06097412109	52.670814023571	83.118018439086
660.55999755859	52.928675372959	83.670440041066
662.05902099609	53.201789774537	84.216501835182
663.55798339844	53.490090943977	84.755622666452
665.05700683594	53.793462296134	85.287236508428
666.55603027344	54.111806141892	85.810773687742
668.05499267578	54.444968823188	86.325654273254
669.55401611328	54.792777068518	86.831263841627
671.05297851563	55.155066720375	87.327026918352
672.55200195313	55.531598034428	87.812300211456
674.05102539063	55.922118713898	88.286485146767
675.54998779297	56.326359724764	88.748956567457
677.04901123047	56.744014635323	89.199055176631
678.54797363281	57.174727072885	89.636196129834
680.04699707031	57.618120826426	90.059761025578
681.54602050781	58.073779617412	90.469059890058
683.04498291016	58.541243300577	90.863524703894
684.54400634766	59.020047112725	91.242538354805
686.04302978516	59.509659320085	91.605501499612
687.54199218750	60.009470874729	91.951793634863
689.04101562500	60.518914417574	92.280859530668
690.53997802734	61.037324762723	92.592164089271
692.03900146484	61.564000669725	92.885132993984
693.53802490234	62.098241861455	93.159288284009
695.03698730469	62.639248573059	93.414124345055
696.53601074219	63.186252423763	93.649228440983
698.03497314453	63.738386366915	93.864140185222
699.53399658203	64.294768253597	94.058522192842
701.03302001953	64.854499980813	94.232013184864
702.53198242188	65.416606255911	94.384322601231
704.03100585938	65.980147569031	94.515253530611
705.53002929688	66.544095932220	94.624548402294
707.02899169922	67.107438112708	94.712122944254
708.52801513672	67.669140334560	94.777914436502
710.02697753906	68.228110316384	94.821829212659
711.52600097656	68.783311874413	94.843999928465
713.02502441406	69.333635124483	94.844468036520
714.52398681641	69.878013427493	94.823412406588
716.02301025391	70.415332138499	94.781103678394
717.52197265625	70.944556782625	94.717825902718
719.02099609375	71.464593940277	94.633968865017
720.52001953125	71.974411244150	94.529942673943
722.01898193359	72.472978717548	94.406273283333
723.51800537109	72.959286217762	94.263511509915
725.01702880859	73.432380574371	94.102274447864
726.51599121094	73.891320603763	93.923280071017
728.01501464844	74.335234349681	93.727294317411
729.51397705078	74.763258061691	93.515086720084
731.01300048828	75.174616948381	93.287541234362
732.51202392578	75.568567394043	93.045520312986
734.01098632813	75.944415746895	92.789993660060
735.51000976563	76.301553771996	92.521964637826
737.00897216797	76.639431066376	92.242444868210
738.50799560547	76.957558410705	91.952457474330
740.00701904297	77.255485547989	91.653079701265
741.50598144531	77.532893317799	91.345432409505
743.00500488281	77.789478270576	91.030606220650
744.50402832031	78.025010151451	90.709692764578
746.00299072266	78.239369512864	90.383821708658
747.50201416016	78.432451461936	90.054105110197
749.00097656250	78.604253392770	89.721664860148
750.50000000000	78.754844019652	89.387569179183
751.99902343750	78.884326661344	89.052904929322
753.49798583984	78.992894383905	88.718737978106
754.99700927734	79.080766786453	88.386094367551
756.49597167969	79.148241465709	88.055976643403
757.99499511719	79.195690042906	87.729338359663
759.49401855469	79.223511852030	87.407169721065
760.99298095703	79.232132975876	87.090284813377
762.49200439453	79.222040931070	86.779610366358
763.99102783203	79.193778769934	86.475943517127
765.48999023438	79.147906183667	86.180075385828
766.98901367188	79.085029167687	85.892699729385
768.48797607422	79.005736742957	85.614493019683
769.98699951172	78.910727221917	85.346161309286
771.48602294922	78.800630159773	85.088227804227
772.98498535156	78.676162860608	84.841245879224
774.48400878906	78.537990431601	84.605711524960
775.98297119141	78.386854076527	84.382116674194
777.48199462891	78.223465612614	84.170818318816
778.98101806641	78.048540633667	83.972209566168
780.47998046875	77.862814798004	83.786568120521
781.97900390625	77.667009993186	83.614194335923
783.47802734375	77.461842038596	83.455310267364
784.97698974609	77.248031950868	83.310124610230
786.47601318359	77.026285047163	83.178805470670
787.97497558594	76.797302002713	83.061440036584
789.47399902344	76.561770166463	82.958137690026
790.97302246094	76.320388054367	82.868968327827
792.47198486328	76.073773992643	82.793907814835
793.97100830078	75.822596755120	82.732968802972
795.46997070313	75.567498414098	82.686161146286
796.96899414063	75.309081619511	82.653359968578
798.46801757813	75.047931228260	82.634525903839
799.96697998047	74.784659436857	82.629555137592
801.46600341797	74.519816912737	82.638326743552
802.96502685547	74.253938175060	82.660670680770
804.46398925781	73.987559171486	82.696477285686
805.96301269531	73.721177062879	82.745514009998
807.46197509766	73.455285270684	82.807627738276
808.96099853516	73.190356619307	82.882616558420
810.46002197266	72.926860921044	82.970252708554
811.95898437500	72.665199436980	83.070310220624
813.45800781250	72.405826337596	83.182601204721
814.95697021484	72.149122479532	83.306816298480
816.45599365234	71.895495550799	83.442773623772
817.95501708984	71.645274750640	83.590166227703
819.45397949219	71.398858048215	83.748757163157
820.95300292969	71.156564300484	83.918283476327
822.45202636719	70.918716969567	84.098452317653
823.95098876953	70.685624769657	84.288997031667
825.45001220703	70.457598154250	84.489664031853
826.94897460938	70.234903508195	84.700140314001
828.44799804688	70.017818290688	84.920163789603
829.94702148438	69.806605103395	85.149429783183
831.44598388672	69.601514173332	85.387671980690
832.94500732422	69.402764576939	85.634566217778
834.44396972656	69.210601235043	85.889873929088
835.94299316406	69.025225304151	86.153254781704
837.44201660156	68.846836379002	86.424428382840
838.94097900391	68.675630590228	86.703106555451
840.44000244141	68.511809043004	86.989017300278
841.93902587891	68.355518634606	87.281821557442
843.43798828125	68.206953911117	87.581262749238
844.93701171875	68.066250754137	87.886996808220
846.43597412109	67.933573510705	88.198787098527
847.93499755859	67.809048185845	88.516281213280
849.43402099609	67.692827209216	88.839226876232
850.93298339844	67.585003797466	89.167293793111
852.43200683594	67.485724843790	89.500181983863
853.93103027344	67.395103941651	89.837625775763
855.42999267578	67.313233074643	90.179288060687
856.92901611328	67.240194750655	90.524877296115
858.42797851563	67.176105088590	90.874108653832
859.92700195313	67.121035800094	91.226662938057
861.42602539063	67.075042902498	91.582245343212
862.92498779297	67.038233388960	91.940527569608
864.42401123047	67.010643492203	92.301231698260
865.92297363281	66.992326533690	92.664019008323
867.42199707031	66.983331132418	93.028596719170
868.92102050781	66.983709061997	93.394668017472
870.41998291016	66.993485187658	93.761890185468
871.91900634766	67.012704542973	94.129993312562
873.41802978516	67.041356706662	94.498597356561
874.91699218750	67.079458580066	94.867433582466
876.41601562500	67.126997524232	95.236149934437
877.91497802734	67.184018018319	95.604458053266
879.41400146484	67.250445118566	95.971989105734
880.91302490234	67.326273993101	96.338441265442
882.41198730469	67.411496820437	96.703532905005
883.91101074219	67.506021643630	97.066841977456
885.40997314453	67.609821690397	97.428106047483
886.90899658203	67.722823431064	97.786977187134
888.40802001953	67.844969684807	98.143093397846
889.90698242188	67.976157160114	98.496168539182
891.40600585938	68.116282364354	98.845862685219
892.90502929688	68.265233869332	99.191818522572
894.40399169922	68.422889956067	99.533733741095
895.90301513672	68.589115279470	99.871224554503
897.40197753906	68.763778291595	100.20405459604
898.90100097656	68.946701192258	100.53180947482
900.40002441406	69.137703106370	100.85419464518
901.89898681641	69.336584252656	101.17090775537
903.39801025391	69.543192617956	101.48164248293
904.89697265625	69.757267516519	101.78604022700
906.39599609375	69.978594454039	102.08382798076
907.89501953125	70.206913111059	102.37471552323
909.39398193359	70.441977416925	102.65840058042
910.89300537109	70.683513607493	102.93459103368
912.39202880859	70.931244005686	103.20301691794
913.89099121094	71.184852053756	103.46340632136
915.39001464844	71.444035861875	103.71553875074
916.88897705078	71.708446818481	103.95910202849
918.38800048828	71.977774764096	104.19394113962
919.88702392578	72.251632164986	104.41976882344
921.38598632813	72.529687716241	104.63642380894
922.88500976563	72.811549234252	104.84367262370
924.38397216797	73.096840515785	105.04140168021
925.88299560547	73.385126337520	105.22939437012
927.38201904297	73.676023789656	105.40753467262
928.88098144531	73.969116133716	105.57571170821
930.38000488281	74.263952657775	105.73377216111
931.87902832031	74.560118402127	105.88165384867
933.37799072266	74.857172792649	106.01930087579
934.87701416016	75.154657517783	106.14666294294
936.37597656250	75.452099322035	106.26366279697
937.87500000000	75.749092712771	106.37039542545
939.37402343750	76.045133883464	106.46681398611
940.87298583984	76.339788071373	106.55294697456
942.37200927734	76.632571095756	106.62892007806
943.87097167969	76.923069430576	106.69473780972
945.36999511719	77.210787008865	106.75059194577
946.86901855469	77.495270295281	106.79657512840
948.36798095703	77.776110569760	106.83282984036
949.86700439453	78.052847673009	106.85956648987
951.36602783203	78.325056544727	106.87698129107
952.86499023438	78.592310175873	106.88527958821
954.36401367188	78.854208949145	106.88473841021
955.86297607422	79.110346968837	106.87561125796
957.36199951172	79.360373061532	106.85813301613
958.86102294922	79.603891645361	106.83270965244
960.35998535156	79.840568036188	106.79957348665
961.85900878906	80.070046118074	106.75910644548
963.35797119141	80.292064313672	106.71168036366
964.85699462891	80.506215693616	106.65761799364
966.35601806641	80.712456500925	106.59740062295
967.85498046875	80.910382232419	106.53133052416
969.35400390625	81.099669798979	106.45983900465
970.85302734375	81.280164446621	106.38331134461
972.35198974609	81.451885007755	106.30230979195
973.85101318359	81.614407672106	106.21713021749
975.34997558594	81.767716461917	106.12828204307
976.84899902344	81.911652947682	106.03615196491
978.34802246094	82.046201652892	105.94127317425
979.84698486328	82.171147277478	105.84399826898
981.34600830078	82.286578978645	105.74484153469
982.84497070313	82.392465346671	105.64425758219
984.34399414063	82.488748273166	105.54267279728
985.84301757813	82.575466833643	105.44049152540
987.34197998047	82.652701309515	105.33819567778
988.84100341797	82.720422331919	105.23618628097
990.34002685547	82.778753915784	105.13489748216
991.83898925781	82.827886545932	105.03476302840
993.33801269531	82.867737890328	104.93612070025
994.83697509766	82.898637800038	104.83943616403
996.33599853516	82.920675654974	104.74507078878
997.83502197266	82.934042524597	104.65339339110
999.33398437500	82.938989123378	104.56478966921
1000.8330078125	82.935569759450	104.47954864711
1002.3319702148	82.924115933940	104.39808115569
1003.8309936523	82.904853000341	104.32064412787
1005.3300170898	82.877981277840	104.24753163469
1006.8289794922	82.843766342486	104.17912263899
1008.3280029297	82.802473848059	104.11558188674
1009.8270263672	82.754400347334	104.05723742729
1011.3259887695	82.699799992182	104.00431883974
1012.8250122070	82.638990790565	103.95703627781
1014.3239746094	82.572234906401	103.91562749722
1015.8229980469	82.499857796186	103.88027645176
1017.3220214844	82.422157547849	103.85113598900
1018.8209838867	82.339457679908	103.82840211142
1020.3200073242	82.252025448122	103.81222991973
1021.8189697266	82.160239549176	103.80271042138
1023.3179931641	82.064360218162	103.80003110806
1024.8170166016	81.964718615622	103.80422209264
1026.3160400391	81.861633757086	103.81538473396
1027.8149414063	81.755445164500	103.83364917323
1029.3139648438	81.646416533780	103.85902530750
1030.8129882813	81.534885226901	103.89155718100
1032.3120117188	81.421164563306	103.93131219818
1033.8110351563	81.305536622225	103.97831418969
1035.3100585938	81.188322100947	104.03251025941
1036.8089599609	81.069812351344	104.09399322469
1038.3079833984	80.950294762648	104.16266973779
1039.8070068359	80.830088874371	104.23856115656
1041.3060302734	80.709424338682	104.32160903685
1042.8050537109	80.588624930034	104.41180434591
1044.3039550781	80.467965214662	104.50908378856
1045.8029785156	80.347671346422	104.61332968123
1047.3020019531	80.228061300946	104.72457769362
1048.8010253906	80.109341184428	104.84263591839
1050.3000488281	79.991824475841	104.96749704019
1051.7989501953	79.875702849109	105.09903064025
1053.2979736328	79.761232052294	105.23713023547
1054.7969970703	79.648658591990	105.38172930309
1056.2960205078	79.538212295518	105.53268381496
1057.7950439453	79.430099593912	105.68985857012
1059.2939453125	79.324551029067	105.85315133693
1060.7929687500	79.221752630786	106.02240493076
1062.2919921875	79.121942792996	106.19750652589
1063.7910156250	79.025296677487	106.37827489968
1065.2900390625	78.932006424930	106.56456310224
1066.7889404297	78.842284101415	106.75627505256
1068.2879638672	78.756255867441	106.95316471095
1069.7869873047	78.674141443160	107.15510753448
1071.2860107422	78.596055717658	107.36195078486
1072.7850341797	78.522217789852	107.57349160801
1074.2840576172	78.452724559751	107.78958615578
1075.7829589844	78.387741451130	108.00997860747
1077.2819824219	78.327414129281	108.23452116665
1078.7810058594	78.271872558922	108.46310510387
1080.2800292969	78.221216844778	108.69542391978
1081.7790527344	78.175585025533	108.93131962578
1083.2779541016	78.135083030488	109.17062396818
1084.7769775391	78.099807052936	109.41313709416
1086.2760009766	78.069863795639	109.65858959384
1087.7750244141	78.045337759817	109.90687021418
1089.2740478516	78.026305653265	110.15768033409
1090.7729492188	78.012846470268	110.41087525005
1092.2719726563	78.005047325884	110.66622281434
1093.7709960938	78.002923603204	110.92350051828
1095.2700195313	78.006580347708	111.18254082884
1096.7690429688	78.016044269277	111.44308263481
1098.2679443359	78.031353090887	111.70491330184
1099.7669677734	78.052552709265	111.96785204580
1101.2659912109	78.079670109688	112.23161427001
1102.7650146484	78.112715602404	112.49608938281
1104.2640380859	78.151713771845	112.76091804671
1105.7629394531	78.196644018724	113.02597084160
1107.2619628906	78.247548157226	113.29103775330
1108.7609863281	78.304388470967	113.55588049442
1110.2600097656	78.367151302277	113.82021869121
1111.7590332031	78.435822547976	114.08389185911
1113.2580566406	78.510376714308	114.34670222963
1114.7569580078	78.590749227496	114.60832829392
1116.2559814453	78.676927656206	114.86865151782
1117.7550048828	78.768822592739	115.12741600122
1119.2540283203	78.866384581391	115.38439242362
1120.7530517578	78.969545937361	115.63942108192
1122.2519531250	79.078241300931	115.89219397208
1123.7509765625	79.192342530527	116.14256726236
1125.2500000000	79.311793418181	116.39031306841
1126.7490234375	79.436458510116	116.63522560503
1128.2480468750	79.566249859472	116.87712613865
1129.7469482422	79.701023930500	117.11574624099
1131.2459716797	79.840677621412	117.35095504088
1132.7449951172	79.985044126526	117.58255118723
1134.2440185547	80.133985334079	117.81036310351
1135.7430419922	80.287373779755	118.03415894006
1137.2419433594	80.445006213090	118.25380288853
1138.7409667969	80.606742386005	118.46916834887
1140.2399902344	80.772399024318	118.67999939317
1141.7390136719	80.941770653893	118.88622524991
1143.2380371094	81.114721082367	119.08765374222
1144.7370605469	81.291025198579	119.28417349502
1146.2359619141	81.470461498458	119.47565168172
1147.7349853516	81.652829143294	119.66191332932
1149.2340087891	81.837947438069	119.84293105754
1150.7330322266	82.025570532212	120.01853058695
1152.2320556641	82.215489450717	120.18866568488
1153.7309570313	82.407463384886	120.35319675781
1155.2299804688	82.601256540686	120.51207838331
1156.7290039063	82.796648276398	120.66526345895
1158.2280273438	82.993416453186	120.81262761448
1159.7270507813	83.191279101375	120.95416777060
1161.2259521484	83.390015628948	121.08985618005
1162.7249755859	83.589380850653	121.21964856597
1164.2239990234	83.789121990757	121.34356054318
1165.7230224609	83.988998587738	121.46147069470
1167.2220458984	84.188774176665	121.57353214152
1168.7209472656	84.388159025917	121.67968964056
1170.2199707031	84.586920449233	121.78000160900
1171.7189941406	84.784848626334	121.87448668547
1173.2180175781	84.981650931337	121.96315382006
1174.7170410156	85.177112708225	122.04612509683
1176.2159423828	85.370972048646	122.12347052256
1177.7149658203	85.563016323389	122.19527739530
1179.2139892578	85.753003309853	122.26155861319
1180.7130126953	85.940690069050	122.32252957168
1182.2120361328	86.125887357620	122.37826300124
1183.7110595703	86.308319767580	122.42888346147
1185.2099609375	86.487838033457	122.47448460831
1186.7089843750	86.664198128227	122.51531417918
1188.2080078125	86.837238088760	122.55145262852
1189.7070312500	87.006756880126	122.58308824858
1191.2060546875	87.172541291596	122.61039333887
1192.7049560547	87.334478592662	122.63353157852
1194.2039794922	87.492370950052	122.65271942397
1195.7030029297	87.646071418562	122.66817025623
1197.2020263672	87.795462550002	122.67999438015
1198.7010498047	87.940390805432	122.68851256905
1200.1999511719	88.080728269541	122.69382012870
1201.6989746094	88.216417167599	122.69625148999
1203.1979980469	88.347296432792	122.69595050428
1204.6970214844	88.473319406569	122.69315146190
1206.1960449219	88.594395392227	122.68813665933
1207.6949462891	88.710476246215	122.68102007599
1209.1939697266	88.821474277320	122.67208623268
1210.6929931641	88.927384719198	122.66161068745
1212.1920166016	89.028130902236	122.64977574302
1213.6910400391	89.123736687157	122.63681369728
1215.1899414063	89.214151207949	122.62292547702
1216.6889648438	89.299406609285	122.60838463934
1218.1879882813	89.379480537596	122.59343068585
1219.6870117188	89.454420333454	122.57819078438
1221.1860351563	89.524242056838	122.56294103703
1222.6850585938	89.588952937207	122.54795877750
1224.1839599609	89.648639369354	122.53332419921
1225.6829833984	89.703352093377	122.51939144387
1227.1820068359	89.753138658943	122.50624499082
1228.6810302734	89.798081795864	122.49415100547
1230.1800537109	89.838239271011	122.48333696490
1231.6789550781	89.873737602523	122.47391674512
1233.1779785156	89.904663631851	122.46609192667
1234.6770019531	89.931097168766	122.46008519633
1236.1760253906	89.953181667477	122.45604769373
1237.6750488281	89.971002244548	122.45415844840
1239.1739501953	89.984689723693	122.45454807515
1240.6729736328	89.994398121948	122.45736417321
1242.1719970703	90.000251492211	122.46284092082
1243.6710205078	90.002397379619	122.47100065300
1245.1700439453	90.000985339776	122.48211451528
1246.6689453125	89.996110509218	122.49612746049
1248.1679687500	89.987995996641	122.51332053700
1249.6669921875	89.976790696320	122.53373460468
1251.1660156250	89.962635555369	122.55743200988
1252.6650390625	89.945690038384	122.58461799409
1254.1639404297	89.926134198478	122.61526591613
1255.6629638672	89.904174086917	122.64947044781
1257.1619873047	89.879892370818	122.68734250282
1258.6610107422	89.853519076786	122.72893191802
1260.1600341797	89.825212014907	122.77429817984
1261.6590576172	89.795140851611	122.82343695850
1263.1579589844	89.763467522175	122.87644925500
1264.6569824219	89.730368151156	122.93330969601
1266.1560058594	89.696028939331	122.99407532139
1267.6550292969	89.660581676636	123.05878982369
1269.1540527344	89.624218970935	123.12740641838
1270.6529541016	89.587122990960	123.19996362269
1272.1519775391	89.549424236006	123.27642386207
1273.6510009766	89.511286175303	123.35685025589
1275.1500244141	89.472884977815	123.44115941596
1276.6490478516	89.434368328322	123.52937647069
1278.1479492188	89.395902074340	123.62142106246
1279.6469726563	89.357633714955	123.71732018472
1281.1459960938	89.319721390551	123.81701717402
1282.6450195313	89.282313184005	123.92045755306
1284.1440429688	89.245531342021	124.02763256697
1285.6429443359	89.209558458796	124.13842313455
1287.1419677734	89.174532448454	124.25286253555
1288.6409912109	89.140562381279	124.37082133906
1290.1400146484	89.107810888165	124.49226941305
1291.6390380859	89.076392968161	124.61712034837
1293.1379394531	89.046432434655	124.74526672038
1294.6369628906	89.018106525446	124.87670088484
1296.1359863281	88.991471945169	125.01126179038
1297.6350097656	88.966715758201	125.14892176486
1299.1340332031	88.943882428189	125.28958537402
1300.6330566406	88.923122992053	125.43306270189
1302.1319580078	88.904546732984	125.57935776001
1303.6309814453	88.888255289041	125.72828709124
1305.1300048828	88.874316221053	125.87983922935
1306.6290283203	88.862840049559	126.03378859324
1308.1280517578	88.853923915148	126.19007961631
1309.6269531250	88.847641137081	126.34861737059
1311.1259765625	88.844064973210	126.50918047796
1312.6250000000	88.843268825114	126.67175867630
1314.1240234375	88.845311657523	126.83617420605
1315.6230468750	88.850270161005	127.00231097232
1317.1219482422	88.858187106300	127.17001342553
1318.6209716797	88.869106659035	127.33912545500
1320.1199951172	88.883064106236	127.50961880070
1321.6190185547	88.900132258702	127.68127044465
1323.1180419922	88.920301071194	127.85399137576
1324.6169433594	88.943642584251	128.02764255727
1326.1159667969	88.970140166618	128.20202749377
1327.6149902344	88.999822099685	128.37709464612
1329.1140136719	89.032721353020	128.55270603172
1330.6130371094	89.068824388427	128.72866202867
1332.1120605469	89.108140839322	128.90491028238
1333.6109619141	89.150666390292	129.08120516725
1335.1099853516	89.196406321549	129.25755734659
1336.6090087891	89.245336508265	129.43372022653
1338.1080322266	89.297447810637	129.60963886820
1339.6070556641	89.352697549425	129.78508664463
1341.1059570313	89.411092821323	129.96007019020
1342.6049804688	89.472588871260	130.13431682819
1344.1040039063	89.537145673680	130.30776897422
1345.6030273438	89.604728123575	130.48028054276
1347.1020507813	89.675262202053	130.65177210926
1348.6009521484	89.748763020664	130.82202584543
1350.0999755859	89.825081708473	130.99098630196
1351.5989990234	89.904228206417	131.15852061923
1353.0980224609	89.986101799434	131.32447975753
1354.5970458984	90.070628796691	131.48879942896
1356.0959472656	90.157739058998	131.65130370626
1357.5949707031	90.247348321175	131.81194850567
1359.0939941406	90.339353737345	131.97057923853
1360.5930175781	90.433676605818	132.12708259875
1362.0920410156	90.530208379526	132.28141255480
1363.5909423828	90.628846607607	132.43345505566
1365.0899658203	90.729475534668	132.58307327891
1366.5889892578	90.831976561020	132.73028571144
1368.0880126953	90.936251509209	132.87490778555
1369.5870361328	91.042165847944	133.01691254679
1371.0860595703	91.149596265443	133.15629437151
1372.5849609375	91.258430244157	133.29286655778
1374.0839843750	91.368533577432	133.42666776853
1375.5830078125	91.479755563882	133.55766992674
1377.0820312500	91.592007932558	133.68577311466
1378.5810546875	91.705101107442	133.81090518437
1380.0799560547	91.818954879007	133.93314617648
1381.5789794922	91.933422368329	134.05242125703
1383.0780029297	92.048349262963	134.16874672461
1384.5770263672	92.163617661497	134.28199999917
1386.0760498047	92.279173731461	134.39239720190
1387.5749511719	92.394720088796	134.49971183676
1389.0739746094	92.510038863842	134.60394096738
1390.5729980469	92.625441642227	134.70532734109
1392.0720214844	92.740519899856	134.80376550408
1393.5710449219	92.854981218142	134.89921207452
1395.0699462891	92.968917501776	134.99171705665
1396.5689697266	93.082158816267	135.08139235812
1398.0679931641	93.194514686744	135.16821315546
1399.5670166016	93.305959239267	135.25221485874
1401.0660400391	93.416413980111	135.33352931376
1402.5649414063	93.525603925305	135.41211489074
1404.0639648438	93.633337864953	135.48799509372
1405.5629882813	93.739785710731	135.56140587786
1407.0620117188	93.844789487603	135.63234720208
1408.5610351563	93.947930231254	135.70076468739
1410.0600585938	94.049473551187	135.76693798163
1411.5589599609	94.149019856811	135.83076613913
1413.0579833984	94.246629876758	135.89242561391
1414.5570068359	94.342088935770	135.95199300191
1416.0560302734	94.435601360022	136.00968492374
1417.5550537109	94.526721407944	136.06545239256
1419.0539550781	94.615581903619	136.11949425342
1420.5529785156	94.702037939637	136.17188568428
1422.0520019531	94.786016316544	136.22272161758
1423.5510253906	94.867473190251	136.27219021063
1425.0500488281	94.946359184229	136.32038621590
1426.5489501953	95.022636869406	136.36740409094
1428.0479736328	95.096214403646	136.41341311148
1429.5469970703	95.167115164036	136.45852865788
1431.0460205078	95.235290573619	136.50284722284
1432.5450439453	95.300708449422	136.54653581674
1434.0439453125	95.363370874049	136.58973604155
1435.5429687500	95.423252118062	136.63252025712
1437.0419921875	95.480378482902	136.67502908982
1438.5410156250	95.534717307710	136.71740714720
1440.0400390625	95.586307284439	136.75979484872
1441.5389404297	95.635171080106	136.80226232047
1443.0379638672	95.681288529175	136.84495397808
1444.5369873047	95.724733202616	136.88798469120
1446.0360107422	95.765494209863	136.93145084725
1447.5350341797	95.803612817697	136.97551731713
1449.0340576172	95.839136409130	137.02025313225
1450.5329589844	95.872111045070	137.06570345584
1452.0319824219	95.902559027441	137.11210637406
1453.5310058594	95.930534064566	137.15943485931
1455.0300292969	95.956077961907	137.20785411205
1456.5290527344	95.979278803018	137.25750266412
1458.0279541016	96.000156171140	137.30837947464
1459.5269775391	96.018775766607	137.36064849204
1461.0260009766	96.035207888090	137.41435351532
1462.5250244141	96.049515245507	137.46961084117
1464.0240478516	96.061780070025	137.52646360025
1465.5229492188	96.072067821381	137.58507616273
1467.0219726563	96.080435182186	137.64546931905
1468.5209960938	96.086992423118	137.70775691957
1470.0200195313	96.091818672064	137.77193450556
1471.5190429688	96.094990853868	137.83816635614
1473.0179443359	96.096604055220	137.90651963002
1474.5169677734	96.096747746254	137.97696557746
1476.0159912109	96.095520999514	138.04964378803
1477.5150146484	96.093053288208	138.12459602089
1479.0140380859	96.089412557259	138.20184363283
1480.5129394531	96.084730824910	138.28147708616
1482.0119628906	96.079083933153	138.36344538403
1483.5109863281	96.072594335207	138.44788854139
1485.0100097656	96.065384756231	138.53472947265
1486.5090332031	96.057541299094	138.62411104427
1488.0080566406	96.049183047074	138.71588443351
1489.5069580078	96.040443123672	138.81016671331
1491.0059814453	96.031401259669	138.90698140068
1492.5050048828	96.022156583907	139.00625443053
1494.0040283203	96.012827709789	139.10805666434
1495.5030517578	96.003513000588	139.21229060904
1497.0019531250	95.994305968199	139.31900501641
1498.5009765625	95.985333161804	139.42817474862
1500.0000000000	95.976658578689	139.53972934829
