#Parameters = {Z=50; a=1000; d=160; eps_eff=6; l=410; t=0.1; w=25}
#"Frequency / GHz"	"Z1,1 [Real/Imaginary Part] [Re]"	"Z1,1 [Real/Imaginary Part] [Im]"
#-------------------------------------------------------------------------------------
1.0000000000000	423.26403094955	-1316.5868996147
1.9989999532700	113.68615427548	-707.70756793065
2.9979999065399	51.082843684085	-477.79505049593
3.9969999790192	28.744135811612	-359.32794952275
4.9959998130798	18.330754642614	-287.27600971322
5.9949998855591	12.657110115635	-238.82039205380
6.9939999580383	9.2330279321226	-203.96364221635
7.9930000305176	7.0117678951077	-177.64831505029
8.9919996261597	5.4914095138787	-157.04488040710
9.9910001754761	4.4070538555633	-140.44790252513
10.989999771118	3.6080028297281	-126.76867243762
11.989000320435	3.0035549636238	-115.27964177767
12.987999916077	2.5363735692133	-105.47640757839
13.987000465393	2.1688262397356	-96.998068691711
14.986000061035	1.8753523073862	-89.579793449579
15.984999656677	1.6381260665972	-83.022742353273
16.983999252319	1.4444159263198	-77.174722727013
17.982999801636	1.2849130476156	-71.917328829819
18.982000350952	1.1527137564870	-67.156983635267
19.981000900269	1.0426064701540	-62.818809218631
20.979999542236	0.95059220862407	-58.842126653025
21.979000091553	0.87357864966477	-55.177275134267
22.978000640869	0.80913988210660	-51.783213083007
23.976999282837	0.75535758984189	-48.625646339714
24.975999832153	0.71071004340258	-45.675815703044
25.975000381470	0.67396590261347	-42.909304436828
26.974000930786	0.64413185759857	-40.305312492831
27.972999572754	0.62041472763043	-37.845982172517
28.972000122070	0.60215570671935	-35.515908568159
29.971000671387	0.58882015702982	-33.301648390885
30.969999313354	0.57997367910786	-31.191548272626
31.968999862671	0.57526803869097	-29.175325653295
32.967998504639	0.57441844315781	-27.243942743492
33.966999053955	0.57719537683980	-25.389395580340
34.965999603271	0.58342309882924	-23.604532282721
35.965000152588	0.59295182038779	-21.883017304150
36.964000701904	0.60570018840039	-20.219115725399
37.963001251221	0.62158498689781	-18.607697039634
38.962001800537	0.64058181894106	-17.044117652650
39.960998535156	0.66266756702710	-15.524136037722
40.959999084473	0.68785451925425	-14.043924111782
41.958999633789	0.71619660638406	-12.599955726306
42.958000183105	0.74774406473064	-11.188999705819
43.957000732422	0.78258490402428	-9.8080774649568
44.956001281738	0.82083231991721	-8.4544155475601
45.955001831055	0.86262215549890	-7.1254726861811
46.953998565674	0.90811448385526	-5.8188353816900
47.952999114990	0.95749797512797	-4.5322734891911
48.951999664307	1.0109895052421	-3.2636700357869
49.951000213623	1.0688391761090	-2.0110273136653
50.950000762939	1.1313251213360	-0.77245426445587
51.949001312256	1.1987724788108	0.45384133878060
52.948001861572	1.2715357388740	1.6695964863015
53.946998596191	1.3500181378948	2.8764617486995
54.945999145508	1.4346699262440	4.0760424161718
55.944999694824	1.5259961917321	5.2698824823495
56.944000244141	1.6245538175078	6.4594753941578
57.943000793457	1.7309617647428	7.6462872311770
58.942001342773	1.8459191249650	8.8317432527375
59.941001892090	1.9701920294532	10.017261342222
60.939998626709	2.1046281377976	11.204189844751
61.938999176025	2.2501802260173	12.393882548921
62.937999725342	2.4078899740836	13.587670398148
63.937000274658	2.5789201063573	14.786861038334
64.935997009277	2.7645566324191	15.992732176749
65.934997558594	2.9662191654615	17.206557247697
66.933998107910	3.1854838247634	18.429542457126
67.932998657227	3.4240862465998	19.662893335818
68.931999206543	3.6839610492864	20.907769894089
69.930999755859	3.9672208202903	22.165272195582
70.930000305176	4.2762316952322	23.436452297790
71.929000854492	4.6135887923152	24.722273034189
72.928001403809	4.9821622179485	26.023592492847
73.927001953125	5.3851132043865	27.341144341427
74.926002502441	5.8259380783991	28.675517912238
75.925003051758	6.3084855576863	30.027101063954
76.924003601074	6.8369725881294	31.396019836441
77.922996520996	7.4160634618315	32.782130501995
78.921997070313	8.0508283976138	34.184885755742
79.920997619629	8.7468314121460	35.603300641543
80.919998168945	9.5101022914534	37.035824308026
81.918998718262	10.347199233832	38.480244170671
82.917999267578	11.265169118688	39.933513047861
83.916999816895	12.271529679961	41.391621256008
84.916000366211	13.374234886535	42.849365268771
85.915000915527	14.581605090970	44.300181455491
86.914001464844	15.902215799764	45.735924305407
87.913002014160	17.344635758917	47.146475131019
88.912002563477	18.917239099255	48.519637319583
89.911003112793	20.627843331862	49.840820996033
90.910003662109	22.483226522104	51.092748801546
91.908996582031	24.488543048739	52.255334787206
92.907997131348	26.646574817481	53.305511292389
93.906997680664	28.956894435122	54.217340162727
94.905998229980	31.414894487988	54.962337349001
95.904998779297	34.010661660961	55.509907264076
96.903999328613	36.728009180206	55.828368651703
97.902999877930	39.543437890359	55.886240316360
98.902000427246	42.425477265805	55.653961939787
99.901000976563	45.334510866564	55.106170768474
100.90000152588	48.223179001777	54.224045610061
101.89900207520	51.037479651346	52.997792365745
102.89800262451	53.719112941156	51.428979605350
103.89700317383	56.208207629633	49.532097835834
104.89600372314	58.447075331650	47.335345190720
105.89499664307	60.383977428909	44.880090739727
106.89399719238	61.976965985616	42.219074308320
107.89299774170	63.196547358013	39.413436697683
108.89199829102	64.027704127987	36.528890942005
109.89099884033	64.470328948706	33.631578355859
110.88999938965	64.538323954175	30.784103721381
111.88899993896	64.257451469831	28.042237479529
112.88800048828	63.662736420159	25.452554605736
113.88700103760	62.795262046402	23.051185674410
114.88600158691	61.699058192222	20.863592067227
115.88500213623	60.418486964840	18.905170316272
116.88400268555	58.996109917413	17.182401491237
117.88300323486	57.471128489564	15.694384625312
118.88200378418	55.878478941567	14.434434961838
119.88099670410	54.248328219222	13.391633779038
120.87999725342	52.606092006840	12.552202460723
121.87899780273	50.972584929745	11.900672235701
122.87799835205	49.364450392584	11.420799370705
123.87699890137	47.794622582498	11.096277541760
124.87599945068	46.272836460578	10.911238847964
125.87500000000	44.806134591641	10.850589811413
126.87400054932	43.399350902549	10.900241586901
127.87300109863	42.055518759356	11.047211672968
128.87199401855	40.776215113793	11.279646836864
129.87100219727	39.561910860961	11.586846920334
130.86999511719	38.412201299819	11.959196000267
131.86900329590	37.326033729285	12.388105446618
132.86799621582	36.301854925762	12.865911138949
133.86700439453	35.337790586202	13.385843900882
134.86599731445	34.431709041932	13.941886351150
135.86500549316	33.581330942405	14.528724552132
136.86399841309	32.784283505421	15.141659948842
137.86300659180	32.038162658629	15.776572221987
138.86199951172	31.340552399531	16.429810502285
139.86099243164	30.689048014638	17.098140003803
140.86000061035	30.081306446217	17.778763863193
141.85899353027	29.515007791726	18.469159068274
142.85800170898	28.987917277369	19.167169925180
143.85699462891	28.497848037746	19.870868739948
144.85600280762	28.042675616930	20.578582771332
145.85499572754	27.620352313396	21.288871604257
146.85400390625	27.228878718645	22.000469543804
147.85299682617	26.866331204498	22.712315403116
148.85200500488	26.530838899529	23.423511562108
149.85099792480	26.220608015481	24.133330691208
150.85000610352	25.933885213314	24.841174224459
151.84899902344	25.668987452284	25.546599011764
152.84800720215	25.424298748416	26.249316431162
153.84700012207	25.198255309800	26.949129024290
154.84599304199	24.989374543354	27.646005161084
155.84500122070	24.796225444373	28.340005104399
156.84399414063	24.617465569501	29.031318456183
157.84300231934	24.451834766731	29.720276929140
158.84199523926	24.298131827310	30.407257023707
159.84100341797	24.155282785205	31.092807389077
160.83999633789	24.022277707524	31.777509936237
161.83900451660	23.898230193223	32.462101995027
162.83799743652	23.782349823353	33.147344192514
163.83700561523	23.673953588945	33.834112694832
164.83599853516	23.572501731591	34.523339347026
165.83500671387	23.477543189090	35.215998160201
166.83399963379	23.388766527219	35.913142180352
167.83299255371	23.306006571471	36.615835338084
168.83200073242	23.229195526099	37.325200006506
169.83099365234	23.158411250810	38.042352836951
170.83000183105	23.093883720308	38.768456424875
171.82899475098	23.035941315184	39.504633854330
172.82800292969	22.985065725491	40.252041636685
173.82699584961	22.941868413595	41.011795577265
174.82600402832	22.907083102816	41.785028815952
175.82499694824	22.881567677896	42.572794624390
176.82400512695	22.866338503571	43.376172862910
177.82299804688	22.862513266128	44.196166688984
178.82200622559	22.871337088383	45.033744473052
179.82099914551	22.894202213938	45.889854281598
180.82000732422	22.932613970758	46.765319589591
181.81900024414	22.988229033010	47.660999687290
182.81799316406	23.062821643823	48.577620368842
183.81700134277	23.158325341181	49.515884828014
184.81599426270	23.276813916075	50.476389509489
185.81500244141	23.420499953813	51.459640396033
186.81399536133	23.591798768071	52.466069921448
187.81300354004	23.793260623036	53.496027107254
188.81199645996	24.027622906155	54.549689876987
189.81100463867	24.297841371491	55.627114328807
190.80999755859	24.607050979716	56.728246951382
191.80900573730	24.958624298298	57.852791395886
192.80799865723	25.356139903243	59.000275616815
193.80700683594	25.803457646171	60.169987394723
194.80599975586	26.304656282487	61.360904232526
195.80499267578	26.864105351225	62.571705548822
196.80400085449	27.486409117021	63.800670851209
197.80299377441	28.176481902542	65.045658356462
198.80200195313	28.939493618171	66.304001946646
199.80099487305	29.780837346610	67.572385635347
200.80000305176	30.706175540930	68.846904534678
201.79899597168	31.721362431831	70.122820829095
202.79800415039	32.832356310903	71.394453905720
203.79699707031	34.045214758325	72.655189486300
204.79600524902	35.365929815467	73.897268933784
205.79499816895	36.800351398234	75.111605322124
206.79400634766	38.353934233713	76.287763961160
207.79299926758	40.031598926135	77.413796929618
208.79200744629	41.837429065419	78.476109724871
209.79100036621	43.774358989078	79.459477242529
210.78999328613	45.843799386085	80.346962669252
211.78900146484	48.045206767152	81.119963934531
212.78799438477	50.375605181803	81.758315153483
213.78700256348	52.829110183728	82.240662144490
214.78599548340	55.396338664774	82.544656567369
215.78500366211	58.063987544850	82.647659258670
216.78399658203	60.814362901712	82.527324689639
217.78300476074	63.625068056542	82.162551903749
218.78199768066	66.468891783300	81.534539714327
219.78100585938	69.313902399419	80.627866326940
220.77999877930	72.123903911966	79.431799665759
221.77900695801	74.859217111081	77.941489573847
222.77799987793	77.477765725094	76.158926519302
223.77699279785	79.936664995008	74.093865825647
224.77600097656	82.193857989336	71.764164792254
225.77499389648	84.210035268884	69.195657956662
226.77400207520	85.950576291852	66.421659931197
227.77299499512	87.387205060535	63.481828349154
228.77200317383	88.499323932713	60.420484931525
229.77099609375	89.274974552700	57.284873636341
230.77000427246	89.711128096025	54.122979476205
231.76899719238	89.813395743034	50.981534207039
232.76800537109	89.595364427190	47.904253241359
233.76699829102	89.077338582499	44.930225695087
234.76600646973	88.284960567547	42.092949722194
235.76499938965	87.247639924669	39.419657841546
236.76400756836	85.997011286297	36.931123035790
237.76300048828	84.565494684999	34.641849807369
238.76199340820	82.985100033935	32.560541760029
239.76100158691	81.286489831037	30.690735938984
240.75999450684	79.498205813577	29.031604747655
241.75900268555	77.646226874936	27.578741697458
242.75799560547	75.753705677557	26.324952379977
243.75700378418	73.840886963388	25.261001029984
244.75599670410	71.925125558651	24.376226782176
245.75500488281	70.021061081674	23.659104648761
246.75399780273	68.140806653267	23.097705241793
247.75300598145	66.294190929563	22.680020094695
248.75199890137	64.489028276028	22.394261720299
249.75100708008	62.731373379374	22.229048669225
250.75000000000	61.025761372641	22.173549098650
251.74899291992	59.375453054859	22.217573005452
252.74800109863	57.782629385010	22.351606312880
253.74699401855	56.248584152523	22.566856286552
254.74600219727	54.773902105153	22.855225775619
255.74499511719	53.358559130310	23.209306523284
256.74398803711	52.002095515074	23.622348828072
257.74301147461	50.703662483776	24.088214411254
258.74200439453	49.462163766066	24.601355789255
259.74099731445	48.276274127324	25.156745641527
260.73999023438	47.144514526511	25.749854171760
261.73901367188	46.065331057464	26.376602853249
262.73800659180	45.037071474192	27.033310941550
263.73699951172	44.058082551610	27.716678756999
264.73599243164	43.126656625965	28.423720778126
265.73498535156	42.241127132440	29.151777979816
266.73400878906	41.399840581687	29.898450747110
267.73300170898	40.601148739855	30.661564730045
268.73199462891	39.843478184750	31.439192053467
269.73098754883	39.125265332597	32.229587427713
270.73001098633	38.444991688143	33.031183768041
271.72900390625	37.801210760006	33.842579397981
272.72799682617	37.192485288529	34.662513239657
273.72698974609	36.617448599189	35.489866350705
274.72601318359	36.074760527257	36.323632624475
275.72500610352	35.563132693822	37.162931000023
276.72399902344	35.081312961259	38.006973042013
277.72299194336	34.628102624632	38.855100882733
278.72198486328	34.202311006398	39.706702393774
279.72100830078	33.802811049380	40.561299890826
280.72000122070	33.428501195026	41.418494606223
281.71899414063	33.078324639385	42.277963347244
282.71798706055	32.751239511237	43.139467535003
283.71701049805	32.446279115162	44.002886465900
284.71600341797	32.162492406251	44.868137201301
285.71499633789	31.898977725927	45.735245671980
286.71398925781	31.654893746453	46.604320924295
287.71301269531	31.429425728215	47.475542389304
288.71200561523	31.221851940281	48.349181333678
289.71099853516	31.031494503071	49.225605090307
290.70999145508	30.857743722633	50.105232234923
291.70901489258	30.700076900054	50.988551700609
292.70800781250	30.558041564783	51.876172197653
293.70700073242	30.431293641990	52.768717902916
294.70599365234	30.319572304897	53.666914138028
295.70498657227	30.222742246489	54.571545809386
296.70401000977	30.140776659883	55.483415668724
297.70300292969	30.073765427403	56.403439692463
298.70199584961	30.021925626510	57.332507812277
299.70098876953	29.985632717827	58.271560827015
300.70001220703	29.965398224943	59.221573241597
301.69900512695	29.961884082092	60.183523359932
302.69799804688	29.975905921264	61.158394086595
303.69699096680	30.008472099407	62.147159043267
304.69601440430	30.060726140043	63.150742960972
305.69500732422	30.134008954748	64.170046116167
306.69400024414	30.229861085559	65.205920705605
307.69299316406	30.349999320093	66.259164822523
308.69198608398	30.496311291286	67.330432528444
309.69100952148	30.670924640854	68.420337251026
310.69000244141	30.876148841493	69.529336134555
311.68899536133	31.114504324197	70.657749914631
312.68798828125	31.388729916956	71.805729563974
313.68701171875	31.701767963791	72.973200766110
314.68600463867	32.056778389287	74.159874692449
315.68499755859	32.457132324974	75.365236532654
316.68399047852	32.906429719750	76.588412416116
317.68301391602	33.408438488215	77.828272249486
318.68200683594	33.967140059024	79.083162854357
319.68099975586	34.586678806992	80.351160390414
320.67999267578	35.271363220232	81.629765518110
321.67898559570	36.025627597836	82.915936642146
322.67800903320	36.853946339604	84.206064789978
323.67700195313	37.760883402512	85.495853486305
324.67599487305	38.750905627191	86.780300003606
325.67498779297	39.828389392714	88.053613514326
326.67401123047	40.997473331540	89.309078473013
327.67300415039	42.261992729077	90.539187084972
328.67199707031	43.625225293912	91.735454115650
329.67098999023	45.089888287429	92.888401819008
330.67001342773	46.657832837910	93.987592341704
331.66900634766	48.329857153606	95.021661645521
332.66799926758	50.105528549933	95.978364534122
333.66699218750	51.982927645784	96.844719274336
334.66598510742	53.958376827252	97.607125653464
335.66500854492	56.026312229742	98.251612228706
336.66400146484	58.178954837313	98.764144761371
337.66299438477	60.406225345248	99.130910660285
338.66198730469	62.695664773500	99.338849834443
339.66101074219	65.032307421342	99.376001502539
340.66000366211	67.398878279712	99.232139706563
341.65899658203	69.775894694607	98.899067880302
342.65798950195	72.142007306790	98.371404046741
343.65701293945	74.474475202409	97.646740765789
344.65600585938	76.749696089678	96.726294172954
345.65499877930	78.943846929940	95.614871357521
346.65399169922	81.033618298290	94.321102703522
347.65301513672	82.996998869812	92.857404917182
348.65200805664	84.813971934295	91.239579885832
349.65100097656	86.467168771587	89.486472231854
350.64999389648	87.942458069586	87.619449329350
351.64898681641	89.229314974370	85.661658851725
352.64801025391	90.320993135997	83.637166216992
353.64700317383	91.214715236012	81.570460852199
354.64599609375	91.911398499240	79.485495047535
355.64498901367	92.415471079635	77.405061234188
356.64401245117	92.734463863860	75.350406630970
357.64300537109	92.878483592036	73.340541474811
358.64199829102	92.859708570670	71.392117630898
359.64099121094	92.691860898800	69.519235419403
360.64001464844	92.389650895529	67.733284628310
361.63900756836	91.968313500851	66.043198783215
362.63800048828	91.443183458892	64.455379333755
363.63699340820	90.829265088129	62.974034543530
364.63598632813	90.141073568932	61.601338829115
365.63500976563	89.392298649980	60.337751974430
366.63400268555	88.595798241901	59.182172827722
367.63299560547	87.763227652949	58.132312843134
368.63198852539	86.905298301714	57.184864616559
369.63101196289	86.031583663837	56.335720005476
370.63000488281	85.150413910685	55.580239200288
371.62899780273	84.269376602510	54.913286355034
372.62799072266	83.394866788155	54.329490032501
373.62701416016	82.532393214307	53.823338261700
374.62600708008	81.686639494635	53.389238534168
375.62500000000	80.861499753094	53.021653245078
376.62399291992	80.060164883185	52.715125315520
377.62298583984	79.285172487759	52.464320718303
378.62200927734	78.538629244523	52.264097295894
379.62100219727	77.821896122532	52.109533094111
380.61999511719	77.136106395124	51.995904192651
381.61898803711	76.481880350828	51.918729199489
382.61801147461	75.859534467366	51.873786527239
383.61700439453	75.269072275821	51.857085183941
384.61599731445	74.710251824789	51.864878033492
385.61499023438	74.182576368307	51.893682333466
386.61401367188	73.685387612354	51.940224656627
387.61300659180	73.217777621475	52.001508955032
388.61199951172	72.778850520433	52.074718769238
389.61099243164	72.367355755362	52.157307389445
390.60998535156	71.982193428961	52.246929215478
391.60900878906	71.621994015504	52.341434555071
392.60800170898	71.285410589773	52.438890481274
393.60699462891	70.971033818318	52.537548709084
394.60598754883	70.677406029560	52.635865463764
395.60501098633	70.403004416336	52.732452440914
396.60400390625	70.146418456104	52.826103691566
397.60299682617	69.906135128735	52.915772231067
398.60198974609	69.680681733964	53.000568961778
399.60101318359	69.468625187782	53.079714346577
400.60000610352	69.268547681894	53.152623254508
401.59899902344	69.079066474901	53.218772257341
402.59799194336	68.898851435326	53.277769807696
403.59698486328	68.726601023133	53.329334094019
404.59600830078	68.561086761488	53.373278725561
405.59500122070	68.401131071466	53.409484238442
406.59399414063	68.245593782761	53.437916386656
407.59298706055	68.093412175935	53.458590685904
408.59201049805	67.943552321198	53.471595437005
409.59100341797	67.795065760174	53.477082098457
410.58999633789	67.647024156948	53.475177124247
411.58898925781	67.498580111644	53.466128226438
412.58801269531	67.348888972829	53.450154801245
413.58700561523	67.197169461407	53.427495142661
414.58599853516	67.042701957729	53.398480263936
415.58499145508	66.884734599517	53.363380149075
416.58401489258	66.722620146741	53.322553538498
417.58300781250	66.555678809715	53.276319316750
418.58200073242	66.383279475572	53.225049260669
419.58099365234	66.204809712778	53.169154736301
420.57998657227	66.019678194640	53.109013782030
421.57901000977	65.827276867726	53.045074759611
422.57800292969	65.627065627075	52.977833575384
423.57699584961	65.418506668404	52.907749142003
424.57598876953	65.201036529467	52.835356504747
425.57501220703	64.974190341491	52.761246728499
426.57400512695	64.737457303224	52.686000212779
427.57299804688	64.490415769924	52.610282959813
428.57199096680	64.232618850761	52.534748126084
429.57101440430	63.963699643343	52.460149193337
430.57000732422	63.683327001180	52.387243579279
431.56900024414	63.391199117318	52.316820029320
432.56799316406	63.087093104493	52.249719779177
433.56698608398	62.770827464996	52.186820961039
434.56600952148	62.442288521802	52.129005633704
435.56500244141	62.101449941621	52.077198618041
436.56399536133	61.748321407104	52.032315819891
437.56298828125	61.383012276579	51.995306939063
438.56201171875	61.005698710176	51.967106560932
439.56100463867	60.616642615674	51.948654735718
440.55999755859	60.216182849781	51.940864687809
441.55899047852	59.804719160094	51.944638132724
442.55801391602	59.382731894190	51.960834227786
443.55700683594	58.950801633483	51.990296239189
444.55599975586	58.509540268288	52.033804384412
445.55499267578	58.059628627234	52.092090147291
446.55398559570	57.601817960903	52.165835417120
447.55300903320	57.136890649234	52.255661444601
448.55200195313	56.665702805190	52.362138571896
449.55099487305	56.189111638814	52.485710812404
450.54998779297	55.708045579714	52.626830585561
451.54901123047	55.223422723960	52.785841512882
452.54800415039	54.736183383777	52.962993894314
453.54699707031	54.247286388328	53.158481764686
454.54598999023	53.757698555775	53.372455914571
455.54501342773	53.268363925923	53.604964586259
456.54400634766	52.780224693422	53.855984183072
457.54299926758	52.294211151842	54.125448325906
458.54199218750	51.811232494324	54.413234018296
459.54098510742	51.332164071558	54.719117852040
460.54000854492	50.857879386233	55.042876489599
461.53900146484	50.389167514200	55.384190301066
462.53799438477	49.926843518858	55.742732825695
463.53698730469	49.471630187012	56.118099680015
464.53601074219	49.024252925893	56.509882238148
465.53500366211	48.585386750293	56.917630003055
466.53399658203	48.155633434653	57.340825802659
467.53298950195	47.735605981250	57.779002707504
468.53201293945	47.325823384076	58.231590921303
469.53100585938	46.926791393087	58.698069525305
470.52999877930	46.538965467939	59.177877022926
471.52899169922	46.162765315907	59.670403691579
472.52801513672	45.798567082184	60.175113395805
473.52700805664	45.446707597896	60.691428856085
474.52600097656	45.107470229333	61.218727300877
475.52499389648	44.781116620822	61.756457933280
476.52398681641	44.467878704490	62.304023511415
477.52301025391	44.167945153646	62.860869021118
478.52200317383	43.881472895861	63.426433162181
479.52099609375	43.608570956361	64.000149128566
480.51998901367	43.349349571334	64.581489064505
481.51901245117	43.103896537551	65.169910801328
482.51800537109	42.872228876178	65.764910349172
483.51699829102	42.654393542168	66.366007603113
484.51599121094	42.450376459656	66.972696073871
485.51501464844	42.260171689456	67.584552345369
486.51400756836	42.083742225120	68.201097416400
487.51300048828	41.921056427170	68.821940013893
488.51199340820	41.772037696782	69.446648626300
489.51098632813	41.636635163291	70.074857683600
490.51000976563	41.514777550760	70.706204552925
491.50900268555	41.406393726144	71.340320585030
492.50799560547	41.311381609266	71.976914736308
493.50698852539	41.229680282403	72.615646229848
494.50601196289	41.161201228719	73.256222643594
495.50500488281	41.105899801127	73.898365788300
496.50399780273	41.063675751215	74.541828676246
497.50299072266	41.034466094244	75.186331966046
498.50201416016	41.018229939809	75.831617851393
499.50100708008	41.014925612683	76.477480416200
500.50000000000	41.024495280849	77.123648439635
501.49899291992	41.046930026150	77.769918957706
502.49798583984	41.082202572680	78.416023205320
503.49700927734	41.130313932079	79.061765648952
504.49600219727	41.191270517943	79.706884873869
505.49499511719	41.265078228763	80.351136531589
506.49398803711	41.351736302371	80.994263201710
507.49301147461	41.451300110731	81.636004522413
508.49200439453	41.563781181682	82.276091821334
509.49099731445	41.689212400971	82.914198454407
510.48999023438	41.827621592601	83.550037866809
511.48901367188	41.979039469709	84.183280829566
512.48797607422	42.143472256568	84.813565768460
513.48699951172	42.320957742324	85.440511613537
514.48602294922	42.511464564592	86.063773421573
515.48498535156	42.715004305017	86.682933927138
516.48400878906	42.931520374443	87.297552980742
517.48297119141	43.160965007747	87.907214953127
518.48199462891	43.403254415996	88.511464316633
519.48101806641	43.658276699163	89.109808689283
520.47998046875	43.925903542457	89.701797784140
521.47900390625	44.205952972960	90.286936583624
522.47802734375	44.498220728587	90.864774793891
523.47698974609	44.802431915516	91.434798161702
524.47601318359	45.118355931275	91.996526730660
525.47497558594	45.445616684167	92.549493299178
526.47399902344	45.783887640900	93.093264986143
527.47302246094	46.132762072007	93.627354413428
528.47198486328	46.491786869406	94.151412559472
529.47100830078	46.860508481883	94.665006210563
530.46997070313	47.238422851048	95.167810414294
531.46899414063	47.624969760811	95.659470518240
532.46801757813	48.019624249300	96.139769303860
533.46697998047	48.421758726299	96.608439521999
534.46600341797	48.830802005930	97.065285919727
535.46502685547	49.246139321200	97.510209470938
536.46398925781	49.667144592518	97.943101812722
537.46301269531	50.093235738036	98.363927322831
538.46197509766	50.523742228974	98.772741553645
539.46099853516	50.958086389757	99.169597220892
540.46002197266	51.395700019537	99.554612396112
541.45898437500	51.836002089805	99.927961906265
542.45800781250	52.278479180673	100.28985996948
543.45697021484	52.722603812976	100.64056943758
544.45599365234	53.167958483220	100.98033882516
545.45501708984	53.614075278132	101.30953607388
546.45397949219	54.060621390752	101.62849716184
547.45300292969	54.507241990827	101.93760378163
548.45202636719	54.953680512608	102.23721734759
549.45098876953	55.399699928792	102.52770493854
550.45001220703	55.845105510706	102.80950291876
551.44897460938	56.289802198466	103.08298586463
552.44799804688	56.733648053369	103.34850715653
553.44702148438	57.176640356899	103.60645782664
554.44598388672	57.618755266645	103.85711175717
555.44500732422	58.060047574175	104.10081897902
556.44396972656	58.500548557661	104.33790289177
557.44299316406	58.940369161210	104.56854594553
558.44201660156	59.379593794613	104.79299388460
559.44097900391	59.818371923651	105.01145707221
560.44000244141	60.256817647936	105.22400225653
561.43902587891	60.695074893807	105.43079595663
562.43798828125	61.133280550814	105.63189846906
563.43701171875	61.571560443844	105.82734535876
564.43597412109	62.010034906781	106.01713215371
565.43499755859	62.448799964712	106.20127128798
566.43402099609	62.887947682571	106.37966222682
567.43298339844	63.327526727175	106.55229285720
568.43200683594	63.767557123770	106.71902351795
569.43103027344	64.208082631728	106.87985780531
570.42999267578	64.649060148729	107.03458658020
571.42901611328	65.090451255181	107.18320494427
572.42797851563	65.532163955891	107.32559530163
573.42700195313	65.974101221671	107.46161075054
574.42602539063	66.416162088633	107.59128465475
575.42498779297	66.858173272493	107.71452398245
576.42401123047	67.299993963583	107.83131046122
577.42297363281	67.741460801644	107.94166121683
578.42199707031	68.182374830222	108.04556973236
579.42102050781	68.622579145647	108.14310639113
580.41998291016	69.061884341401	108.23442703084
581.41900634766	69.500132696367	108.31955095941
582.41802978516	69.937161865683	108.39870516149
583.41699218750	70.372890919737	108.47206868749
584.41601562500	70.807166946802	108.53980252960
585.41497802734	71.239965403293	108.60215490911
586.41400146484	71.671224235393	108.65936864237
587.41302490234	72.100981135593	108.71169736820
588.41198730469	72.529274485147	108.75943227944
589.41101074219	72.956215938434	108.80276438613
590.40997314453	73.381958453132	108.84198023256
591.40899658203	73.806667705906	108.87728739989
592.40802001953	74.230636920375	108.90894491654
593.40698242188	74.654107912807	108.93707256085
594.40600585938	75.077445379572	108.96185597805
595.40502929688	75.501008909861	108.98338167767
596.40399169922	75.925213161456	109.00165952005
597.40301513672	76.350463439879	109.01669691655
598.40197753906	76.777252485233	109.02841680568
599.40100097656	77.206025893442	109.03665847198
600.40002441406	77.637262241118	109.04121462303
601.39898681641	78.071456483055	109.04178128949
602.39801025391	78.509026673729	109.03797074772
603.39697265625	78.950439526865	109.02935838037
604.39599609375	79.396081016526	109.01538211216
605.39501953125	79.846366196280	108.99549490162
606.39398193359	80.301524914991	108.96894089384
607.39300537109	80.761862382088	108.93502134671
608.39202880859	81.227540921080	108.89290631921
609.39099121094	81.698639821770	108.84174626563
610.39001464844	82.175168426955	108.78061688193
611.38897705078	82.657043726142	108.70855876635
612.38800048828	83.144052671558	108.62458599337
613.38702392578	83.635865700590	108.52768520356
614.38598632813	84.132048067588	108.41688761247
615.38500976563	84.632101067862	108.29113606729
616.38397216797	85.135306415145	108.14946634274
617.38299560547	85.640893987945	107.99099463546
618.38201904297	86.147931394080	107.81476300675
619.38098144531	86.655400302836	107.61996546552
620.38000488281	87.162151184149	107.40583572736
621.37902832031	87.666955695177	107.17175203573
622.37799072266	88.168443305245	106.91716662339
623.37701416016	88.665217485363	106.64161983783
624.37597656250	89.155763657940	106.34484559985
625.37500000000	89.638554135342	106.02665625289
626.37402343750	90.111941236564	105.68709157847
627.37298583984	90.574352975392	105.32631371350
628.37200927734	91.024132437332	104.94456077487
629.37097167969	91.459683078577	104.54235843954
630.36999511719	91.879417207273	104.12034661637
631.36901855469	92.281765822520	103.67925906151
632.36798095703	92.665286228826	103.22014208759
633.36700439453	93.028578067736	102.74397308688
634.36602783203	93.370381175584	102.25205411525
635.36499023438	93.689472409750	101.74567388781
636.36401367188	93.984848009122	101.22633363957
637.36297607422	94.255623237668	100.69552080176
638.36199951172	94.500987484761	100.15489631400
639.36102294922	94.720373432580	99.606146976044
640.35998535156	94.913351119751	99.050956030536
641.35900878906	95.079628237081	98.491073822059
642.35797119141	95.219063893909	97.928244945105
643.35699462891	95.331820245413	97.364215850805
644.35601806641	95.417898327054	96.800638697391
645.35498046875	95.477810786872	96.239201592766
646.35400390625	95.511941545705	95.681470188236
647.35302734375	95.520974479545	95.128957391167
648.35198974609	95.505500822474	94.583068823162
649.35101318359	95.466461609190	94.045159816228
650.34997558594	95.404733116145	93.516456378114
651.34899902344	95.321288323151	92.998079720264
652.34802246094	95.217206471357	92.491018662933
653.34698486328	95.093570822971	91.996135920477
654.34600830078	94.951540370400	91.514250969967
655.34497070313	94.792276988914	91.045998803150
656.34399414063	94.616899902966	90.591931508498
657.34301757813	94.426738966080	90.152454717589
658.34197998047	94.222725320162	89.727933190830
659.34100341797	94.006359629736	89.318594878742
660.34002685547	93.778434828773	88.924519589316
661.33898925781	93.540149715829	88.545802744722
662.33801269531	93.292615354569	88.182398871058
663.33697509766	93.036746503878	87.834173249209
664.33599853516	92.773594494137	87.500964715052
665.33502197266	92.503919240256	87.182542032864
666.33398437500	92.228717656007	86.878611045908
667.33300781250	91.948624581765	86.588815319934
668.33197021484	91.664479500865	86.312803478969
669.33099365234	91.376930942894	86.050183206358
670.33001708984	91.086535189091	85.800493557325
671.32897949219	90.793882597957	85.563270841771
672.32800292969	90.499468208145	85.338080036470
673.32702636719	90.203704442261	85.124464586323
674.32598876953	89.906971840022	84.921850283646
675.32501220703	89.609646534852	84.729857057471
676.32397460938	89.311964385103	84.547946869347
677.32299804688	89.014176070583	84.375650445262
678.32202148438	88.716458960759	84.212532261434
679.32098388672	88.418987839776	84.058118883607
680.32000732422	88.121838438951	83.911932611311
681.31896972656	87.825106621481	83.773649157284
682.31799316406	87.528841303785	83.642781271774
683.31701660156	87.233012429948	83.518985010846
684.31597900391	86.937619513757	83.401863326245
685.31500244141	86.642628609447	83.291128316065
686.31402587891	86.347957291334	83.186435898391
687.31298828125	86.053504013321	83.087474373336
688.31201171875	85.759152443245	82.994020950776
689.31097412109	85.464793794816	82.905801875981
690.30999755859	85.170297867402	82.822617472373
691.30902099609	84.875439231865	82.744260961836
692.30798339844	84.580135565484	82.670589811435
693.30700683594	84.284146185332	82.601427151477
694.30603027344	83.987326415465	82.536682724987
695.30499267578	83.689480559472	82.476292833616
696.30401611328	83.390401981675	82.420166972466
697.30297851563	83.089935419367	82.368295926226
698.30200195313	82.787842390871	82.320646081986
699.30102539063	82.483983946020	82.277263619820
700.29998779297	82.178157321601	82.238175857309
701.29901123047	81.870190075891	82.203449579721
702.29797363281	81.559916680675	82.173193429265
703.29699707031	81.247204186491	82.147496650025
704.29602050781	80.931893182638	82.126521155301
705.29498291016	80.613849792352	82.110395926427
706.29400634766	80.292988962049	82.099316117689
707.29302978516	79.969205218363	82.093449575100
708.29199218750	79.642437145247	82.093023143557
709.29101562500	79.312635553645	82.098274352169
710.28997802734	78.979764493780	82.109388998542
711.28900146484	78.643833693004	82.126670849096
712.28802490234	78.304867996395	82.150347307731
713.28698730469	77.962883371811	82.180650362267
714.28601074219	77.617989508801	82.217860250362
715.28497314453	77.270263788107	82.262248989271
716.28399658203	76.919813808610	82.314052415752
717.28302001953	76.566825199153	82.373546769082
718.28198242188	76.211449713079	82.440934862830
719.28100585938	75.853904060123	82.516503518676
720.28002929688	75.494386320554	82.600453307944
721.27899169922	75.133160826105	82.693010368447
722.27801513672	74.770477800192	82.794344775484
723.27697753906	74.406627720958	82.904665020482
724.27600097656	74.041924851346	83.024095655743
725.27502441406	73.676664837796	83.152783327634
726.27398681641	73.311190573157	83.290848809609
727.27301025391	72.945840689124	83.438402457644
728.27197265625	72.580967422946	83.595481802778
729.27099609375	72.216926626299	83.762114269972
730.27001953125	71.854072161474	83.938320446665
731.26898193359	71.492783115551	84.124111767145
732.26800537109	71.133399878206	84.319411893487
733.26702880859	70.776265599258	84.524181405284
734.26599121094	70.421769190443	84.738347495325
735.26501464844	70.070222925528	84.961747045337
736.26397705078	69.721967970795	85.194281501835
737.26300048828	69.377309186888	85.435769471231
738.26202392578	69.036563234861	85.686060303497
739.26098632813	68.700028482158	85.944943104752
740.26000976563	68.367956845614	86.212197071357
741.25897216797	68.040589531123	86.487592802474
742.25799560547	67.718182064607	86.770904561517
743.25701904297	67.400925472253	87.061868073294
744.25598144531	67.089015405738	87.360225129697
745.25500488281	66.782622124303	87.665732236706
746.25402832031	66.481852561118	87.978071305552
747.25299072266	66.186865464102	88.297014071053
748.25201416016	65.897742439075	88.622246910360
749.25097656250	65.614547671359	88.953556673639
750.25000000000	65.337354300394	89.290612384702
751.24902343750	65.066196563953	89.633226636405
752.24798583984	64.801078992750	89.981115491755
753.24700927734	64.541999672305	90.334035713404
754.24597167969	64.288956769063	90.691788779075
755.24499511719	64.041900317801	91.054185561052
756.24401855469	63.800797446649	91.420958451627
757.24298095703	63.565585541051	91.791986218036
758.24200439453	63.336218600914	92.167100654880
759.24102783203	63.112632608225	92.546165278743
760.23999023438	62.894730837374	92.929038279433
761.23901367188	62.682473544997	93.315599616696
762.23797607422	62.475754708186	93.705755595951
763.23699951172	62.274540808368	94.099457406543
764.23602294922	62.078736939011	94.496648162747
765.23498535156	61.888317286895	94.897265236323
766.23400878906	61.703211509482	95.301260275432
767.23297119141	61.523400761915	95.708635061704
768.23199462891	61.348851655602	96.119400747900
769.23101806641	61.179537831792	96.533502521006
770.22998046875	61.015491080419	96.950988774875
771.22900390625	60.856704729266	97.371842755679
772.22802734375	60.703216493766	97.796108166586
773.22698974609	60.555062170002	98.223732253994
774.22601318359	60.412311880019	98.654744834214
775.22497558594	60.275053983321	99.089189155289
776.22399902344	60.143332790073	99.527029764749
777.22302246094	60.017289532499	99.968222747456
778.22198486328	59.897005465275	100.41279873475
779.22100830078	59.782618717242	100.86070569056
780.21997070313	59.674245578403	101.31186890243
781.21899414063	59.572025637664	101.76625327896
782.21801757813	59.476096524687	102.22379899633
783.21697998047	59.386588669120	102.68432704866
784.21600341797	59.303623780073	103.14780670657
785.21502685547	59.227376725643	103.61406988437
786.21398925781	59.157925912209	104.08299360294
787.21301269531	59.095436015486	104.55438104744
788.21197509766	59.039981641826	105.02809182431
789.21099853516	58.991697652780	105.50391186851
790.21002197266	58.950632470569	105.98162617115
791.20898437500	58.916851357501	106.46108299981
792.20800781250	58.890417788922	106.94201509621
793.20697021484	58.871370229096	107.42420460507
794.20599365234	58.859691183859	107.90738545438
795.20501708984	58.855398775736	108.39139511194
796.20397949219	58.858431762896	108.87595142909
797.20300292969	58.868734279108	109.36084713764
798.20202636719	58.886261826642	109.84585185002
799.20098876953	58.910887189303	110.33081079092
800.20001220703	58.942521743574	110.81547423678
801.19897460938	58.980999186559	111.29963830280
802.19799804688	59.026193591950	111.78323482693
803.19702148438	59.077944629692	112.26607057497
804.19598388672	59.136067297658	112.74801487333
805.19500732422	59.200393991506	113.22900251925
806.19396972656	59.270723395579	113.70898949950
807.19299316406	59.346873740325	114.18789591365
808.19201660156	59.428670680808	114.66572501675
809.19097900391	59.515917348488	115.14253417154
810.19000244141	59.608475604800	115.61830421267
811.18902587891	59.706137008137	116.09311402292
812.18798828125	59.808812841277	116.56710781327
813.18701171875	59.916369537443	117.04033452378
814.18597412109	60.028705287099	117.51299751582
815.18499755859	60.145765661725	117.98521144066
816.18402099609	60.267473981647	118.45713641142
817.18298339844	60.393864355166	118.92897327586
818.18200683594	60.524929313420	119.40092275027
819.18103027344	60.660741241639	119.87314693600
820.17999267578	60.801387678845	120.34581183269
821.17901611328	60.947006290481	120.81915496674
822.17797851563	61.097746172605	121.29329027900
823.17700195313	61.253802284729	121.76838682451
824.17602539063	61.415430285462	122.24460661735
825.17498779297	61.582838857865	122.72204520539
826.17401123047	61.756343615420	123.20076072864
827.17297363281	61.936263399789	123.68084657561
828.17199707031	62.122890430053	124.16231181705
829.17102050781	62.316600392362	124.64515719193
830.16998291016	62.517741634208	125.12924464207
831.16900634766	62.726695667036	125.61460652689
832.16802978516	62.943825144687	126.10098111022
833.16699218750	63.169496460812	126.58823777461
834.16601562500	63.404057057463	127.07618685239
835.16497802734	63.647897067140	127.56449690403
836.16400146484	63.901320725059	128.05290409677
837.16302490234	64.164651057485	128.54104876164
838.16198730469	64.438174122595	129.02857252191
839.16101074219	64.722187876136	129.51499811527
840.15997314453	65.016842855839	129.99992285956
841.15899658203	65.322398439620	130.48281573226
842.15802001953	65.638957988633	130.96325516481
843.15698242188	65.966639861608	131.44069573172
844.15600585938	66.305504428616	131.91460356989
845.15502929688	66.655546848264	132.38441871696
846.15399169922	67.016793653053	132.84966112323
847.15301513672	67.389081880430	133.30973488481
848.15197753906	67.772354501035	133.76417306116
849.15100097656	68.166422774751	134.21241977981
850.15002441406	68.571115598577	134.65398286969
851.14898681641	68.986123944565	135.08843631279
852.14801025391	69.411181834967	135.51534895493
853.14697265625	69.846019124297	135.93419996758
854.14599609375	70.290272652160	136.34476272842
855.14501953125	70.743597175139	136.74661012267
856.14398193359	71.205608690471	137.13948379255
857.14300537109	71.675936018124	137.52312481083
858.14202880859	72.154196497680	137.89731198304
859.14099121094	72.640000979922	138.26182335041
860.14001464844	73.132980134261	138.61656370885
861.13897705078	73.632764645528	138.96140040950
862.13800048828	74.139001993969	139.29628982307
863.13702392578	74.651359612292	139.62117546008
864.13598632813	75.169546741644	139.93598998799
865.13500976563	75.693272999776	140.24075632896
866.13397216797	76.222292824974	140.53548828155
867.13299560547	76.756375252076	140.82018648084
868.13201904297	77.295342984764	141.09488512779
869.13098144531	77.838997235219	141.35955753419
870.13000488281	78.387233919233	141.61425739278
871.12902832031	78.939946546911	141.85891220114
872.12799072266	79.496978301002	142.09358076009
873.12701416016	80.058304889423	142.31816260907
874.12597656250	80.623839316275	142.53259803302
875.12500000000	81.193516463307	142.73678738808
876.12402343750	81.767270761939	142.93058782292
877.12298583984	82.345047562502	143.11394934728
878.12200927734	82.926741430160	143.28654706213
879.12097167969	83.512292932542	143.44826394935
880.11999511719	84.101553068322	143.59888628802
881.11901855469	84.694394741414	143.73811019752
882.11798095703	85.290620600615	143.86569649002
883.11700439453	85.890071464638	143.98140983937
884.11602783203	86.492430695177	144.08496063268
885.11499023438	87.097442059090	144.17604160178
886.11401367188	87.704785989731	144.25446304658
887.11297607422	88.314052938457	144.31996519350
888.11199951172	88.924879868661	144.37231970745
889.11102294922	89.536794425732	144.41137236307
890.10998535156	90.149364186218	144.43688262376
891.10900878906	90.762064175624	144.44892999834
892.10797119141	91.374392125287	144.44734088567
893.10699462891	91.985831839120	144.43212240030
894.10601806641	92.595833111273	144.40344162676
895.10498046875	93.203916492804	144.36128527900
896.10400390625	93.809557926143	144.30594884535
897.10302734375	94.412306756994	144.23764588961
898.10198974609	95.011736461047	144.15662941258
899.10101318359	95.607471616213	144.06321644497
900.09997558594	96.199167067011	143.95788834911
901.09899902344	96.786569434773	143.84098910920
902.09802246094	97.369496519030	143.71297352639
903.09698486328	97.947839676416	143.57435618042
904.09600830078	98.521571117992	143.42548109515
905.09497070313	99.090741266610	143.26684835036
906.09399414063	99.655483794564	143.09883264994
907.09301757813	100.21602237973	142.92185832522
908.09197998047	100.77266449419	142.73624356279
909.09100341797	101.32578363529	142.54214602307
910.09002685547	101.87580846497	142.33984413909
911.08898925781	102.42322320157	142.12932210051
912.08801269531	102.96854891484	141.91062998551
913.08697509766	103.51235515791	141.68351742929
914.08599853516	104.05519267685	141.44780029341
915.08502197266	104.59762430573	141.20296560768
916.08398437500	105.14016250247	140.94856733094
917.08300781250	105.68330374807	140.68390839915
918.08197021484	106.22744930752	140.40823124344
919.08099365234	106.77290474659	140.12050723256
920.08001708984	107.31993428233	139.81974813541
921.07897949219	107.86856408750	139.50481880059
922.07800292969	108.41873271817	139.17442222398
923.07702636719	108.97029646501	138.82728690828
924.07598876953	109.52257149556	138.46188566105
925.07501220703	110.07523893405	138.07701471325
926.07397460938	110.62723818127	137.67101427576
927.07299804688	111.17787879149	137.24268976132
928.07202148438	111.72539585936	136.79051982581
929.07098388672	112.26867158816	136.31331194959
930.07000732422	112.80550655322	135.80974008021
931.06896972656	113.33451097240	135.27897964665
932.06799316406	113.85334361310	134.72010542636
933.06701660156	114.35961904759	134.13243532734
934.06597900391	114.85088287709	133.51562611616
935.06500244141	115.32450252342	132.86948732743
936.06402587891	115.77785428206	132.19422560146
937.06298828125	116.20827305183	131.49032496118
938.06201171875	116.61256310285	130.75845271494
939.06097412109	116.98838894087	129.99984903096
940.05999755859	117.33293555962	129.21587399947
941.05902099609	117.64347771548	128.40828818280
942.05798339844	117.91773704466	127.57925950979
943.05700683594	118.15342677006	126.73103242582
944.05603027344	118.34848635826	125.86640533802
945.05499267578	118.50124158744	124.98811660612
946.05401611328	118.61027036548	124.09932964269
947.05297851563	118.67445956784	123.20318346055
948.05200195313	118.69310842553	122.30314602016
949.05102539063	118.66582891767	121.40263616213
950.04998779297	118.59258833808	120.50504023149
951.04901123047	118.47372994390	119.61378765606
952.04797363281	118.30997836510	118.73226803481
953.04699707031	118.10236987783	117.86367034683
954.04602050781	117.85224663962	117.01112617357
955.04498291016	117.56127190296	116.17747197859
956.04400634766	117.23135158978	115.36542337413
957.04302978516	116.86460271359	114.57733866639
958.04199218750	116.46336717405	113.81539220476
959.04101562500	116.03013228012	113.08149573387
960.03997802734	115.56745793031	112.37717384882
961.03900146484	115.07801145718	111.70371222040
962.03802490234	114.56452552033	111.06210393486
963.03698730469	114.02971781594	110.45311749953
964.03601074219	113.47622976083	109.87705875178
965.03497314453	112.90670667787	109.33415758337
966.03399658203	112.32371076810	108.82431648335
967.03302001953	111.72966418934	108.34720267066
968.03198242188	111.12684021519	107.90229391761
969.03100585938	110.51743857049	107.48888786406
970.03002929688	109.90344121572	107.10610429719
971.02899169922	109.28667944923	106.75292113132
972.02801513672	108.66878992706	106.42822912757
973.02697753906	108.05125838295	106.13077816605
974.02600097656	107.43533202257	105.85931711311
975.02502441406	106.82213350635	105.61250768161
976.02398681641	106.21254531796	105.38893297163
977.02301025391	105.60735286992	105.18734149739
978.02197265625	105.00706708273	105.00635473031
979.02099609375	104.41211024829	104.84462361691
980.02001953125	103.82272109553	104.70091052247
981.01898193359	103.23904534084	104.57407272251
982.01800537109	102.66104744200	104.46296244446
983.01702880859	102.08862623098	104.36662131311
984.01599121094	101.52156750084	104.28411908746
985.01501464844	100.95960670704	104.21459262678
986.01397705078	100.40232535704	104.15738853585
987.01300048828	99.849380654412	104.11192732350
988.01202392578	99.300354660446	104.07775650394
989.01098632813	98.754780503407	104.05447333288
990.01000976563	98.212271191365	104.04190440418
991.00897216797	97.672383004355	104.03987900306
992.00799560547	97.134769800352	104.04839936092
993.00701904297	96.599090257164	104.06750504228
994.00598144531	96.065101506343	104.09734063692
995.00500488281	95.532581444130	104.13805892036
996.00402832031	95.001403180580	104.18995603798
997.00299072266	94.471559693566	104.25332074437
998.00201416016	93.943062022245	104.32852913692
999.00097656250	93.416071551258	104.41588183603
1000.0000000000	92.890790301190	104.51570248601
