#Parameters = {Z=50; a=1000; d=160; eps_eff=6; l=410; t=0.1; w=25}
#"Frequency / GHz"	"Z1,1 [Real/Imaginary Part] [Re]"	"Z1,1 [Real/Imaginary Part] [Im]"
#-------------------------------------------------------------------------------------
1.0000000000000	341.13358610364	-1364.8698381118
1.4989999532700	156.27920340713	-941.05042930766
1.9980000257492	88.476326825989	-714.11614400794
2.4969999790192	56.514442213715	-574.18710133329
2.9960000514984	38.996190198010	-479.58059471692
3.4949998855591	28.381195116830	-411.42440053310
3.9939999580383	21.472281014180	-360.00526722167
4.4930000305176	16.728588237995	-319.83226326761
4.9920001029968	13.333293325355	-287.57376527483
5.4910001754761	10.821520226392	-261.09301491489
5.9899997711182	8.9125281230387	-238.95761575787
6.4889998435974	7.4287255913872	-220.17185429982
6.9879999160767	6.2535089935599	-204.02213917704
7.4869999885559	5.3076766975143	-189.98397502931
7.9860000610352	4.5358509510141	-177.66312108422
8.4849996566772	3.8983957975616	-166.75769623903
8.9840002059937	3.3664109618557	-157.03258843976
9.4829998016357	2.9182741923858	-148.30197610230
9.9820003509521	2.5377606278517	-140.41705757563
10.480999946594	2.2123289199882	-133.25724412625
10.979999542236	1.9322376837744	-126.72391916881
11.479000091553	1.6897898948223	-120.73543993975
11.977999687195	1.4789182352366	-115.22382555035
12.477000236511	1.2946809515296	-110.13193426105
12.975999832153	1.1330962067416	-105.41139448727
13.475000381470	0.99094673187979	-101.02095422979
13.973999977112	0.86550283991077	-96.925274741965
14.472999572754	0.75456645641005	-93.093874535578
14.972000122070	0.65628836058621	-89.500314433223
15.470999717712	0.56909313526994	-86.121596305319
15.970000267029	0.49164939068271	-82.937581067725
16.468999862671	0.42286787594584	-79.930510623624
16.968000411987	0.36176712058838	-77.084797040542
17.466999053955	0.30756390970927	-74.386564445425
17.965999603271	0.25950620733060	-71.823544539224
18.465000152588	0.21701119924060	-69.384706381666
18.964000701904	0.17955846247523	-67.060235643236
19.462999343872	0.14667733079761	-64.841347834957
19.961999893188	0.11796315977842	-62.720011752193
20.461000442505	0.093069150381926	-60.689133680519
20.959999084473	0.071684571933221	-58.742231954629
21.458999633789	0.053534849596240	-56.873373685633
21.958000183105	0.038391664461546	-55.077219396522
22.457000732422	0.026017751510594	-53.348928815002
22.955999374390	0.016243366385995	-51.684031453976
23.454999923706	0.0089000123869397	-50.078413749683
23.954000473022	0.0038279665621375	-48.528376244031
24.452999114990	0.00090340021388572	-47.030474507104
24.951999664307	-1.0159106487145e-06	-45.581563082644
25.451000213623	0.0010078968412771	-44.178720724047
25.950000762939	0.0038401386943269	-42.819252647800
26.448999404907	0.0084046352570339	-41.500686259024
26.947999954224	0.014620151129493	-40.220714510335
27.447000503540	0.022421448222837	-38.977179024524
27.945999145508	0.031745593763775	-37.768151148893
28.444999694824	0.042527043763684	-36.591745700851
28.944000244141	0.054720954409225	-35.446244810645
29.443000793457	0.068274468780259	-34.330064590684
29.941999435425	0.083153355029839	-33.241711828526
30.440999984741	0.099305014755487	-32.179759145034
30.940000534058	0.11670006704158	-31.142933877536
31.438999176025	0.13530550670288	-30.130000101638
31.937999725342	0.15508704181282	-29.139784993151
32.437000274658	0.17601857546819	-28.171247115818
32.936000823975	0.19806992311583	-27.223338874770
33.435001373291	0.22121894201480	-26.295131389424
33.933998107910	0.24543967377801	-25.385721950177
34.432998657227	0.27071514877525	-24.494236948119
34.931999206543	0.29701930276249	-23.619921751754
35.430999755859	0.32433296651583	-22.761981364446
35.930000305176	0.35263375291237	-21.919724818499
36.429000854492	0.38191245037838	-21.092463474575
36.928001403809	0.41213941389783	-20.279572910598
37.426998138428	0.44331031214601	-19.480430430502
37.925998687744	0.47539417866229	-18.694471984350
38.424999237061	0.50838213686391	-17.921139910942
38.923999786377	0.54225657062103	-17.159912490731
39.423000335693	0.57699578204369	-16.410296916536
39.922000885010	0.61258988395262	-15.671830454676
40.421001434326	0.64901533165030	-14.944044560709
40.919998168945	0.68625965111794	-14.226510152091
41.418998718262	0.72430024052915	-13.518822356013
41.917999267578	0.76312295438432	-12.820575207652
42.416999816895	0.80271337630531	-12.131393783925
42.916000366211	0.84305149407443	-11.450917897380
43.415000915527	0.88411944483573	-10.778788640924
43.914001464844	0.92589863162038	-10.114671337074
44.412998199463	0.96837175140307	-9.4582348670505
44.911998748779	1.0115278606065	-8.8091714574734
45.410999298096	1.0553427934886	-8.1671666916638
45.909999847412	1.0997988003029	-7.5319282756349
46.409000396729	1.1448855109797	-6.9031737708316
46.908000946045	1.1905789575506	-6.2806084430674
47.407001495361	1.2368709749276	-5.6639733385764
47.905998229980	1.2837407776768	-5.0529909755278
48.404998779297	1.3311770875334	-4.4474076245445
48.903999328613	1.3791631455936	-3.8469671141566
49.402999877930	1.4276967308359	-3.2514109470932
49.902000427246	1.4767559668969	-2.6604929452573
50.401000976563	1.5263406696708	-2.0739766299871
50.900001525879	1.5764394931558	-1.4916136522811
51.398998260498	1.6270516258236	-0.91316928073090
51.897998809814	1.6781678772941	-0.33842010811095
52.396999359131	1.7297973097530	0.23289223730874
52.895999908447	1.7819329823246	0.80097929497138
53.395000457764	1.8345918953027	1.3660839325822
53.894001007080	1.8877776655252	1.9284318696713
54.393001556396	1.9415027894873	2.4882449750413
54.891998291016	1.9957897628543	3.0457592376259
55.390998840332	2.0506555103248	3.6011950102405
55.889999389648	2.1061312123873	4.1547841356727
56.388999938965	2.1622485406908	4.7067581078855
56.888000488281	2.2190401882895	5.2573368998259
57.387001037598	2.2765498448724	5.8067497699557
57.886001586914	2.3348308079305	6.3552253994550
58.384998321533	2.3939283795733	6.9029893793888
58.883998870850	2.4539151392692	7.4502690891620
59.382999420166	2.5148611494115	7.9972983968343
59.881999969482	2.5768295710540	8.5442977988836
60.381000518799	2.6399176669464	9.0915098259736
60.880001068115	2.7042063051455	9.6391410340911
61.379001617432	2.7698011541005	10.187441770311
61.877998352051	2.8368123090321	10.736635353190
62.376998901367	2.9053597583352	11.286939150097
62.875999450684	2.9755646594919	11.838599679515
63.375000000000	3.0475698015133	12.391832130995
63.874000549316	3.1215212843884	12.946885071938
64.373001098633	3.1975790254604	13.503958096779
64.872001647949	3.2759123890271	14.063307831224
65.371002197266	3.3567037542162	14.625140999535
65.870002746582	3.4401388595619	15.189684854900
66.369003295898	3.5264365792536	15.757174630089
66.867996215820	3.6158075842895	16.327830026085
67.366996765137	3.7084800507257	16.901859246422
67.865997314453	3.8047016232964	17.479509459679
68.364997863770	3.9047415283431	18.060978349379
68.863998413086	4.0088702444924	18.646485463061
69.362998962402	4.1173770057773	19.236246577922
69.861999511719	4.2305753332704	19.830476586638
70.361000061035	4.3487782100884	20.429363613335
70.860000610352	4.4723402810871	21.033120108596
71.359001159668	4.6016246985758	21.641956692229
71.858001708984	4.7370045489164	22.256045505594
72.357002258301	4.8788884850320	22.875600122398
72.856002807617	5.0276972470494	23.500753057269
73.355003356934	5.1838807228554	24.131732927761
73.853996276855	5.3479061039160	24.768672876267
74.352996826172	5.5202741369487	25.411748771973
74.851997375488	5.7015022304617	26.061092136433
75.350997924805	5.8921411384882	26.716824170649
75.849998474121	6.0927744518866	27.379105464912
76.348999023438	6.3040010265084	28.047997958879
76.847999572754	6.5264728066856	28.723643763541
77.347000122070	6.7608546770134	29.406049809347
77.846000671387	7.0078660585900	30.095336886827
78.345001220703	7.2682402325363	30.791476640149
78.844001770020	7.5427714634703	31.494487255294
79.343002319336	7.8322744164295	32.204347447864
79.842002868652	8.1376259082125	32.921008039601
80.341003417969	8.4597179100777	33.644342437860
80.839996337891	8.7995085548446	34.374219429708
81.338996887207	9.1579998256107	35.110462739943
81.837997436523	9.5362258641637	35.852811084368
82.336997985840	9.9352839935526	36.600999351244
82.835998535156	10.356311104263	37.354655854696
83.334999084473	10.800496529390	38.113343374220
83.833999633789	11.269076500333	38.876551722331
84.333000183105	11.763329412850	39.643686440822
84.832000732422	12.284578563845	40.414051371959
85.331001281738	12.834208243470	41.186834845189
85.830001831055	13.413626243353	41.961141918759
86.329002380371	14.024282102433	42.735909352959
86.828002929688	14.667652379685	43.509945477474
87.327003479004	15.345240435583	44.281908149778
87.825996398926	16.058569015665	45.050294967438
88.324996948242	16.809157430545	45.813410088228
88.823997497559	17.598519445717	46.569357924667
89.322998046875	18.428139405645	47.316042928371
89.821998596191	19.299459526731	48.051141900949
90.320999145508	20.213865297901	48.772100307590
90.819999694824	21.172646898867	49.476086745238
91.319000244141	22.176956028358	50.160027018826
91.818000793457	23.227832752375	50.820583089308
92.317001342773	24.326094812820	51.454137380325
92.816001892090	25.472347179067	52.056747907537
93.315002441406	26.666904345281	52.624237024389
93.814002990723	27.909771118589	53.152150786950
94.313003540039	29.200575875157	53.635742838849
94.811996459961	30.538531261964	54.070076003775
95.310997009277	31.922334891688	54.449961925765
95.809997558594	33.350147496539	54.770063105829
96.308998107910	34.819546157296	55.024948820691
96.807998657227	36.327443743401	55.209094045650
97.306999206543	37.870050647467	55.317040442882
97.805999755859	39.442865341708	55.343443572508
98.305000305176	41.040587926914	55.283149826437
98.804000854492	42.657159143660	55.131412226882
99.303001403809	44.285744617110	54.883818509242
99.802001953125	45.918750997158	54.536676406195
100.30100250244	47.547904832277	54.086924981542
100.80000305176	49.164290335748	53.532370379717
101.29900360107	50.758464187707	52.871821844216
101.79799652100	52.320605726686	52.105127871272
102.29699707031	53.840608618126	51.233334991089
102.79599761963	55.308324231452	50.258734764213
103.29499816895	56.713681543666	49.184895543726
103.79399871826	58.046943510510	48.016661849817
104.29299926758	59.298859929775	46.760137142760
104.79199981689	60.460906172915	45.422613655739
105.29100036621	61.525446508404	44.012449503004
105.79000091553	62.485886197238	42.538920089604
106.28900146484	63.336864169104	41.012094204927
106.78800201416	64.074282190999	39.442585272097
107.28700256348	64.695413655050	37.841361312521
107.78600311279	65.198916986156	36.219531083197
108.28500366211	65.584834814428	34.588155613271
108.78399658203	65.854524738686	32.957992009974
109.28299713135	66.010563299048	31.339344505180
109.78199768066	66.056647784590	29.741903483819
110.28099822998	65.997486460412	28.174602801308
110.77999877930	65.838575438927	26.645517853177
111.27899932861	65.586107548816	25.161788527411
111.77799987793	65.246792941535	23.729597223282
112.27700042725	64.827676456665	22.354127346072
112.77600097656	64.336009044228	21.039593235261
113.27500152588	63.779128364847	19.789281624420
113.77400207520	63.164311461324	18.605574561915
114.27300262451	62.498685547041	17.490036298927
114.77200317383	61.789134749144	16.443480978488
115.27100372314	61.042249146056	15.466053861040
115.76999664307	60.264241657093	14.557302152993
116.26899719238	59.460939343324	13.716265236906
116.76799774170	58.637738884966	12.941552273737
117.26699829102	57.799611099462	12.231414371895
117.76599884033	56.951087587875	11.583818854673
118.26499938965	56.096262884757	10.996504020961
118.76399993896	55.238820624385	10.467047151999
119.26300048828	54.382034412093	9.9929041793876
119.76200103760	53.528800892259	9.5714586728316
120.26100158691	52.681661520527	9.2000636756582
120.76000213623	51.842818832070	8.8760642133544
121.25900268555	51.014168353188	8.5968343643132
121.75800323486	50.197328119668	8.3597911299618
122.25700378418	49.393654112643	8.1624138075192
122.75599670410	48.604271925300	8.0022599717777
123.25499725342	47.830095511925	7.8769760695210
123.75399780273	47.071853105275	7.7843015378242
124.25299835205	46.330106604915	7.7220757482172
124.75199890137	45.605268367502	7.6882440464103
125.25099945068	44.897621032664	7.6808551229071
125.75000000000	44.207332690887	7.6980617061516
126.24900054932	43.534473071064	7.7381245913519
126.74800109863	42.879018416828	7.7994000841213
127.24700164795	42.240883097313	7.8803491576736
127.74600219727	41.619905320845	7.9795304153285
128.24499511719	41.015875888879	8.0955857066728
128.74400329590	40.428539277652	8.2272590164639
129.24299621582	39.857604208124	8.3733722496070
129.74200439453	39.302738740127	8.5328284817577
130.24099731445	38.763592187040	8.7046059366654
130.74000549316	38.239800786078	8.8877617408139
131.23899841309	37.730971327003	9.0814144351968
131.73800659180	37.236711361020	9.2847584158071
132.23699951172	36.756618249623	9.4970413624218
132.73599243164	36.290277115386	9.7175663347995
133.23500061035	35.837287299906	9.9456997881841
133.73399353027	35.397230142853	10.180853418337
134.23300170898	34.969699614788	10.422484318316
134.73199462891	34.554297995503	10.670098492069
135.23100280762	34.150627082609	10.923245189195
135.72999572754	33.758297361143	11.181499473784
136.22900390625	33.376929112419	11.444498632502
136.72799682617	33.006145836117	11.711883744733
137.22700500488	32.645595606223	11.983348842383
137.72599792480	32.294919683044	12.258606926316
138.22500610352	31.953790697519	12.537413617816
138.72399902344	31.621865528758	12.819519145864
139.22300720215	31.298845093731	13.104730875794
139.72200012207	30.984412284188	13.392850753581
140.22099304199	30.678277526506	13.683718894978
140.72000122070	30.380179626005	13.977189402848
141.21899414063	30.089832562852	14.273125837770
141.71800231934	29.806994215422	14.571415446937
142.21699523926	29.531412947205	14.871950726588
142.71600341797	29.262878421645	15.174655635417
143.21499633789	29.001153902718	15.479441524454
143.71400451660	28.746050344728	15.786250739551
144.21299743652	28.497366624056	16.095016172570
144.71200561523	28.254918642810	16.405690577290
145.21099853516	28.018541282379	16.718241566943
145.71000671387	27.788074316410	17.032628022358
146.20899963379	27.563358440955	17.348815756923
146.70799255371	27.344269496249	17.666787420038
147.20700073242	27.130662619127	17.986522791832
147.70599365234	26.922432693300	18.308011126112
148.20500183105	26.719456157354	18.631235537993
148.70399475098	26.521627865894	18.956180636994
149.20300292969	26.328867878195	19.282843179439
149.70199584961	26.141073949503	19.611223881111
150.20100402832	25.958167569832	19.941297105433
150.69999694824	25.780082056563	20.273076569008
151.19900512695	25.606743936046	20.606547992373
151.69799804688	25.438104079523	20.941718701454
152.19700622559	25.274086604223	21.278561955188
152.69599914551	25.114659343264	21.617093173502
153.19500732422	24.959771268948	21.957300361516
153.69400024414	24.809371134279	22.299171771812
154.19299316406	24.663431665887	22.642705212383
154.69200134277	24.521919844306	22.987888968747
155.19099426270	24.384801062201	23.334710449895
155.69000244141	24.252042004722	23.683164473897
156.18899536133	24.123624888598	24.033234528883
156.68800354004	23.999527853699	24.384905360946
157.18699645996	23.879719919063	24.738163210058
157.68600463867	23.764189152236	25.092998518140
158.18499755859	23.652919328985	25.449390676651
158.68400573730	23.545874115883	25.807310640210
159.18299865723	23.443054855270	26.166752460519
159.68200683594	23.344425950482	26.527683024920
160.18099975586	23.249985936861	26.890099198653
160.67999267578	23.159717296065	27.253967787249
161.17900085449	23.073590887609	27.619273111093
161.67799377441	22.991597073612	27.985988746286
162.17700195313	22.913708442010	28.354097826993
162.67599487305	22.839923968050	28.723578810201
163.17500305176	22.770202895826	29.094413883993
163.67399597168	22.704535363651	29.466579262174
164.17300415039	22.642894869233	29.840060902023
164.67199707031	22.585261040209	30.214840605884
165.17100524902	22.531611067953	30.590913534711
165.66999816895	22.481919164959	30.968248078329
166.16900634766	22.436153208065	31.346842797724
166.66799926758	22.394298900447	31.726691111230
167.16700744629	22.356321278509	32.107791819834
167.66600036621	22.322188447979	32.490127587387
168.16499328613	22.291881764065	32.873709934728
168.66400146484	22.265361634839	33.258547494447
169.16299438477	22.242600072927	33.644636972541
169.66200256348	22.223578892681	34.032002245217
170.16099548340	22.208266244636	34.420661656512
170.66000366211	22.196627540100	34.810622671499
171.15899658203	22.188631720342	35.201907863478
171.65800476074	22.184267644156	35.594571315959
172.15699768066	22.183498336233	35.988640885572
172.65600585938	22.186301751128	36.384138145426
173.15499877930	22.192666881847	36.781139443591
173.65400695801	22.202577034431	37.179682876536
174.15299987793	22.216011234084	37.579835917614
174.65199279785	22.232954740913	37.981650321650
175.15100097656	22.253419145830	38.385204919645
175.64999389648	22.277381537818	38.790574608038
176.14900207520	22.304855448228	39.197842838145
176.64799499512	22.335850021506	39.607091382553
177.14700317383	22.370386552485	40.018418873346
177.64599609375	22.408482535903	40.431939953226
178.14500427246	22.450165066768	40.847737282086
178.64399719238	22.495483116612	41.265927681368
179.14300537109	22.544469868276	41.686642094595
179.64199829102	22.597180136344	42.109982559390
180.14100646973	22.653702125272	42.536082870670
180.63999938965	22.714091136511	42.965078927165
181.13900756836	22.778429720483	43.397094537093
181.63800048828	22.846842952303	43.832286470461
182.13699340820	22.919400472488	44.270752330432
182.63600158691	22.996260262311	44.712691422920
183.13499450684	23.077556379359	45.158228277808
183.63400268555	23.163420770013	45.607518871137
184.13299560547	23.254035279004	46.060676609050
184.63200378418	23.349576783702	46.517922372825
185.13099670410	23.450230052248	46.979333160631
185.63000488281	23.556226394432	47.445118621628
186.12899780273	23.667768574785	47.915385901078
186.62800598145	23.785128447342	48.390316543068
187.12699890137	23.908552862619	48.870009844322
187.62600708008	24.038324890844	49.354631234832
188.12500000000	24.174753300916	49.844316248351
188.62399291992	24.318162151542	50.339227604580
189.12300109863	24.468899276502	50.839471510281
189.62199401855	24.627294750767	51.345114254488
190.12100219727	24.793744630405	51.856301486989
190.61999511719	24.968688892200	52.373173022218
191.11900329590	25.152503299274	52.895762691571
191.61799621582	25.345652755241	53.424147874755
192.11700439453	25.548623349844	53.958404904046
192.61599731445	25.761912684939	54.498608209492
193.11500549316	25.986010994019	55.044718539141
193.61399841309	26.221504511595	55.596834308609
194.11300659180	26.468931365855	56.154864818684
194.61199951172	26.728901529343	56.718840421355
195.11099243164	27.002030414885	57.288660709249
195.61000061035	27.288993229395	57.864315158779
196.10899353027	27.590427339226	58.445628540876
196.60800170898	27.907041761526	59.032461503676
197.10699462891	28.239566289463	59.624670807221
197.60600280762	28.588774829157	60.222034876970
198.10499572754	28.955441863955	60.824322967149
198.60400390625	29.340363621619	61.431210627860
199.10299682617	29.744375312913	62.042355653770
199.60200500488	30.168342580159	62.657382035957
200.10099792480	30.613159035658	63.275836481677
200.60000610352	31.079726354852	63.897256421301
201.09899902344	31.568964615793	64.521023615703
201.59800720215	32.081821292634	65.146500024079
202.09700012207	32.619306105269	65.773033585675
202.59599304199	33.182359177287	66.399766687238
203.09500122070	33.771995612301	67.025885495398
203.59399414063	34.389199145908	67.650398916507
204.09300231934	35.034972242770	68.272244658031
204.59199523926	35.710330319703	68.890272453184
205.09100341797	36.416251484855	69.503197972700
205.58999633789	37.153751390699	70.109695463035
206.08900451660	37.923757989666	70.708227940329
206.58799743652	38.727189504158	71.297164160137
207.08700561523	39.564942826290	71.874757598770
207.58599853516	40.437837826360	72.439117067251
208.08500671387	41.346612614643	72.988208619865
208.58399963379	42.291966518678	73.519809605892
209.08299255371	43.274475869485	74.031640336894
209.58200073242	44.294581212513	74.521207540485
210.08099365234	45.352613523586	74.985887284651
210.58000183105	46.448778820700	75.422864039134
211.07899475098	47.583037604585	75.829236012569
211.57800292969	48.755208449246	76.201948094394
212.07699584961	49.964858500204	76.537774235802
212.57600402832	51.211346958603	76.833412900182
213.07499694824	52.493704528078	77.085443814276
213.57400512695	53.810721443414	77.290387476823
214.07299804688	55.160827458115	77.444612475734
214.57200622559	56.542124892804	77.544550154886
215.07099914551	57.952360256024	77.586602712878
215.57000732422	59.388887376136	77.567202296742
216.06900024414	60.848636227864	77.482790787509
216.56799316406	62.328162448439	77.330064314402
217.06700134277	63.823588204382	77.105769825500
217.56599426270	65.330603249556	76.806922066916
218.06500244141	66.844494622475	76.430834134669
218.56399536133	68.360145657076	75.975104343909
219.06300354004	69.872074642185	75.437766097890
219.56199645996	71.374442308020	74.817286281925
220.06100463867	72.861122733986	74.112665513798
220.55999755859	74.325721591428	73.323459688339
221.05900573730	75.761656656956	72.449749384397
221.55799865723	77.162230824051	71.492411582860
222.05700683594	78.520705859764	70.452872554241
222.55599975586	79.830384400409	69.333346027143
223.05499267578	81.084647183265	68.136640792112
223.55400085449	82.277163224218	66.866368253180
224.05299377441	83.401862923678	65.526754604696
224.55200195313	84.453059261127	64.122690036170
225.05099487305	85.425600774973	62.659646044967
225.55000305176	86.314815447870	61.143657044825
226.04899597168	87.116722121909	59.581210588750
226.54800415039	87.827975770463	57.979156324574
227.04699707031	88.445968724242	56.344649152650
227.54600524902	88.968834021555	54.685046572501
228.04499816895	89.395456577548	53.007800873933
228.54400634766	89.725508692832	51.320386055370
229.04299926758	89.959389885270	49.630157970155
229.54200744629	90.098251320585	47.944318619038
230.04100036621	90.143861470723	46.269778073540
230.53999328613	90.098652479363	44.613133398381
231.03900146484	89.965618910945	42.980578003965
231.53799438477	89.748247872571	41.377849813036
232.03700256348	89.450451921085	39.810180547853
232.53599548340	89.076504610998	38.282307167010
233.03500366211	88.630962281879	36.798410137996
233.53399658203	88.118572817065	35.362122222323
234.03300476074	87.544247197992	33.976530064179
234.53199768066	86.912959553886	32.644193196179
235.03100585938	86.229706503924	31.367148956580
235.52999877930	85.499433088157	30.146946824827
236.02900695801	84.727025208732	28.984670861666
236.52799987793	83.917227198776	27.880987105532
237.02699279785	83.074619353555	26.836150159285
237.52600097656	82.203606337683	25.850080079575
238.02499389648	81.308397588409	24.922371673644
238.52400207520	80.392929092290	24.052321420791
239.02299499512	79.460960415487	23.239002587298
239.52200317383	78.515967476283	22.481264771938
240.02099609375	77.561188024351	21.777797569642
240.52000427246	76.599624462072	21.127122578674
241.01899719238	75.634032892327	20.527660672461
241.51800537109	74.666929179538	19.977734930128
242.01699829102	73.700601779909	19.475600794495
242.51600646973	72.737126313683	19.019463405783
243.01499938965	71.778362187889	18.607505896771
243.51400756836	70.825986633868	18.237898817441
244.01300048828	69.881477378846	17.908811874088
244.51199340820	68.946135718888	17.618426726632
245.01100158691	68.021112682286	17.364963240762
245.50999450684	67.107404262471	17.146655406655
246.00900268555	66.205874425345	16.961796936677
246.50799560547	65.317245303378	16.808717593373
247.00700378418	64.442141864229	16.685798651348
247.50599670410	63.581071016152	16.591481115177
248.00500488281	62.734450028154	16.524256371457
248.50399780273	61.902601477636	16.482681556641
249.00300598145	61.085780228305	16.465363238951
249.50199890137	60.284157983008	16.470979218638
250.00100708008	59.497858126188	16.498265144842
250.50000000000	58.726931832733	16.546009295602
250.99899291992	57.971392115110	16.613064533663
251.49800109863	57.231205422745	16.698335834438
251.99699401855	56.506297935540	16.800792759282
252.49600219727	55.796568636154	16.919449047626
252.99499511719	55.101871282332	17.053376315021
253.49400329590	54.422055056097	17.201698538673
253.99299621582	53.756931220216	17.363582531684
254.49200439453	53.106293455413	17.538249292910
254.99099731445	52.469939357431	17.724956963502
255.49000549316	51.847620975063	17.923010976918
255.98899841309	51.239110016380	18.131757642356
256.48800659180	50.644156431897	18.350579967612
256.98699951172	50.062503025025	18.578899495009
257.48599243164	49.493894288656	18.816174981893
257.98498535156	48.938065124480	19.061892019658
258.48400878906	48.394757975688	19.315578542547
258.98300170898	47.863696160900	19.576780070433
259.48199462891	47.344626775873	19.845076552779
259.98098754883	46.837285723083	20.120080361359
260.48001098633	46.341411240862	20.401420400809
260.97900390625	45.856738324041	20.688748906120
261.47799682617	45.383030359703	20.981749223586
261.97698974609	44.920032045769	21.280122536902
262.47601318359	44.467489176102	21.583582211090
262.97500610352	44.025176921490	21.891872427215
263.47399902344	43.592846015710	22.204744160819
263.97299194336	43.170278013559	22.521976146892
264.47198486328	42.757243401702	22.843353192934
264.97100830078	42.353535327985	23.168679283573
265.47000122070	41.958933292207	23.497777675452
265.96899414063	41.573230224828	23.830467287489
266.46798706055	41.196231491934	24.166598562961
266.96701049805	40.827750427122	24.506026064548
267.46600341797	40.467592719078	24.848604826114
267.96499633789	40.115574489623	25.194224315087
268.46398925781	39.771528849551	25.542754262426
268.96301269531	39.435283040266	25.894091471592
269.46200561523	39.106687040681	26.248143528378
269.96099853516	38.785576849028	26.604811444247
270.45999145508	38.471795161355	26.964011088249
270.95901489258	38.165199115543	27.325672156371
271.45800781250	37.865661554800	27.689714715798
271.95700073242	37.573046508589	28.056075192786
272.45599365234	37.287218911954	28.424693861655
272.95498657227	37.008066587420	28.795518212800
273.45401000977	36.735459749800	29.168498218326
273.95300292969	36.469301047950	29.543585716396
274.45199584961	36.209473699272	29.920735992808
274.95098876953	35.955877262439	30.299909539820
275.45001220703	35.708421423098	30.681086708373
275.94900512695	35.467009340125	31.064219062666
276.44799804688	35.231551647025	31.449284904977
276.94699096680	35.001963460606	31.836261416198
277.44601440430	34.778172824302	32.225128663964
277.94500732422	34.560096246753	32.615854439993
278.44400024414	34.347659297747	33.008428407283
278.94299316406	34.140805371697	33.402834392390
279.44198608398	33.939471690340	33.799064893217
279.94100952148	33.743588738609	34.197099689802
280.44000244141	33.553107421642	34.596938594780
280.93899536133	33.367961297722	34.998557644778
281.43798828125	33.188117150315	35.401966306545
281.93701171875	33.013525239341	35.807154215977
282.43600463867	32.844132279342	36.214110201951
282.93499755859	32.679916530608	36.622853183646
283.43399047852	32.520822434011	37.033350585666
283.93301391602	32.366823467090	37.445626356118
284.43200683594	32.217883869956	37.859679327402
284.93099975586	32.073984630788	38.275508186780
285.42999267578	31.935093528998	38.693114020262
285.92898559570	31.801186428753	39.112506536639
286.42800903320	31.672249318323	39.533691511000
286.92700195313	31.548261496012	39.956673064372
287.42599487305	31.429203407508	40.381459305203
287.92498779297	31.315072544446	40.808063158087
288.42401123047	31.205846673029	41.236482132240
288.92300415039	31.101532764912	41.666760338813
289.42199707031	31.002110701576	42.098869534089
289.92098999023	30.907601709106	42.532845654903
290.42001342773	30.817976598071	42.968694813296
290.91900634766	30.733260461516	43.406429593053
291.41799926758	30.653458563795	43.846085821218
291.91699218750	30.578575485529	44.287669518184
292.41598510742	30.508610218705	44.731174923298
292.91500854492	30.443607008597	45.176666630686
293.41400146484	30.383562103861	45.624130717431
293.91299438477	30.328492523312	46.073594014450
294.41198730469	30.278432661753	46.525091466640
294.91101074219	30.233409681943	46.978633721456
295.41000366211	30.193449950440	47.434248422149
295.90899658203	30.158596623552	47.891970726557
296.40798950195	30.128863750186	48.351801780174
296.90701293945	30.104320898674	48.813800391222
297.40600585938	30.084997415272	49.277981482689
297.90499877930	30.070936467362	49.744348856512
298.40399169922	30.062209012952	50.212971645251
298.90301513672	30.058859794054	50.683864932494
299.40200805664	30.060953160124	51.157056960143
299.90100097656	30.068559904049	51.632574447557
300.39999389648	30.081741120422	52.110446085739
300.89898681641	30.100574934406	52.590737147794
301.39801025391	30.125155690727	53.073438821437
301.89700317383	30.155568348587	53.558613373235
302.39599609375	30.191885680212	54.046263164459
302.89498901367	30.234228648554	54.536445213871
303.39401245117	30.282687371552	55.029197426205
303.89300537109	30.337385141423	55.524513715232
304.39199829102	30.398438761933	56.022476644357
304.89099121094	30.465970100433	56.523064467423
305.39001464844	30.540100717865	57.026347680958
305.88900756836	30.621004965918	57.532333367010
306.38800048828	30.708780254840	58.041028189183
306.88699340820	30.803624433938	58.552490047439
307.38598632813	30.905685402756	59.066710964710
307.88500976563	31.015127975327	59.583724222106
308.38400268555	31.132144705782	60.103540716104
308.88299560547	31.256924611391	60.626166483444
309.38198852539	31.389652610153	61.151600490251
309.88101196289	31.530566677222	61.679853217643
310.38000488281	31.679863870105	62.210932515687
310.87899780273	31.837774296616	62.744781932421
311.37799072266	32.004550574534	63.281427587636
311.87701416016	32.180432646103	63.820825761756
312.37600708008	32.365677125407	64.362944161978
312.87500000000	32.560565890305	64.907741801718
313.37399291992	32.765381370222	65.455174950342
313.87298583984	32.980416085882	66.005149516923
314.37200927734	33.205974126883	66.557641462550
314.87100219727	33.442360484291	67.112532300600
315.36999511719	33.689934785848	67.669712816940
315.86898803711	33.949001149305	68.229093542591
316.36801147461	34.219930379781	68.790516921307
316.86700439453	34.503091770526	69.353863715737
317.36599731445	34.798838562342	69.918950542108
317.86499023438	35.107574139956	70.485601774061
318.36401367188	35.429666657072	71.053584335838
318.86300659180	35.765565783789	71.622714078638
319.36199951172	36.115639775639	72.192701744815
319.86099243164	36.480334823491	72.763282663155
320.35998535156	36.860091690713	73.334171341456
320.85900878906	37.255323435263	73.904980220498
321.35800170898	37.666519812721	74.475419198742
321.85699462891	38.094046673527	75.044999381565
322.35598754883	38.538445239540	75.613346855932
322.85501098633	39.000121525861	76.179975941566
323.35400390625	39.479552963720	76.744372961672
323.85299682617	39.977196356723	77.306039427422
324.35198974609	40.493501950200	77.864322759249
324.85101318359	41.028938125788	78.418637537035
325.35000610352	41.583882441531	78.968279274744
325.84899902344	42.158819652356	79.512538057391
326.34799194336	42.754155983082	80.050632439558
326.84698486328	43.370253026893	80.581735884214
327.34600830078	44.007495288487	81.104964073556
327.84500122070	44.666191877098	81.619349111571
328.34399414063	45.346736138252	82.123996653793
328.84298706055	46.049381381246	82.617797690303
329.34201049805	46.774341654948	83.099713062237
329.84100341797	47.521823942766	83.568501713348
330.33999633789	48.291951161355	84.023018252550
330.83898925781	49.084810465669	84.461958788477
331.33801269531	49.900463040197	84.884079041032
331.83700561523	50.738836706688	85.287951121683
332.33599853516	51.599684123123	85.672105545241
332.83499145508	52.482990574723	86.035216375552
333.33401489258	53.388279631459	86.375661286251
333.83300781250	54.315193679414	86.691942025192
334.33200073242	55.263290030862	86.982514843165
334.83099365234	56.231778107976	87.245689620185
335.32998657227	57.220039774982	87.479948456293
335.82901000977	58.227181490752	87.683623331945
336.32800292969	59.252037986081	87.855044421002
336.82699584961	60.293714280186	87.992732147083
337.32598876953	61.350681706075	88.094986955382
337.82501220703	62.421595795108	88.160288934757
338.32400512695	63.504905443509	88.187226206842
338.82299804688	64.598786581826	88.174253740732
339.32199096680	65.701404108088	88.120101965066
339.82101440430	66.810676675234	88.023490770855
340.32000732422	67.924443607681	87.883306737930
340.81900024414	69.040400629636	87.698532369953
341.31799316406	70.156067029587	87.468341346472
341.81698608398	71.268932131447	87.192030662653
342.31600952148	72.376257603921	86.869080343898
342.81500244141	73.475306098823	86.499152611935
343.31399536133	74.563251720255	86.082183180667
343.81298828125	75.637175992510	85.618280377668
344.31201171875	76.694137666865	85.107727804294
344.81100463867	77.731178159413	84.551161538244
345.30999755859	78.745382963519	83.949358321475
345.80899047852	79.733812130999	83.303404802406
346.30801391602	80.693606812978	82.614626658658
346.80700683594	81.622003071777	81.884517583560
347.30599975586	82.516322249341	81.114931750981
347.80499267578	83.374034944677	80.307834258328
348.30398559570	84.192769428132	79.465504837361
348.80300903320	84.970291116491	78.590294344713
349.30200195313	85.704620851647	77.684884041369
349.80099487305	86.393963898096	76.752017635074
350.29998779297	87.036753688743	75.794597611413
350.79901123047	87.631690993127	74.815664567790
351.29800415039	88.177703315054	73.818310148461
351.79699707031	88.673974844562	72.805708005490
352.29598999023	89.119998786998	71.781082796942
352.79501342773	89.515478771339	70.747647179121
353.29400634766	89.860423402105	69.708617384119
353.79299926758	90.155067710600	68.667152729206
354.29199218750	90.399900988451	67.626325710767
354.79098510742	90.595632346569	66.589167123202
355.29000854492	90.743214479580	65.558554904558
355.78900146484	90.843815630733	64.537263650887
356.28799438477	90.898740812198	63.527921451272
356.78698730469	90.909520457066	62.533012762568
357.28601074219	90.877799007104	61.554818243627
357.78500366211	90.805354010065	60.595462703016
358.28399658203	90.694113642679	59.656906600365
358.78298950195	90.546036323278	58.740877973530
359.28201293945	90.363205247702	57.848969782226
359.78100585938	90.147715230498	56.982552731080
360.27999877930	89.901720174709	56.142814988790
360.77899169922	89.627394607988	55.330772438072
361.27801513672	89.326911699319	54.547275830681
361.77700805664	89.002413673441	53.792970449956
362.27600097656	88.656061342402	53.068387748265
362.77499389648	88.289944128203	52.373866561920
363.27398681641	87.906106110725	51.709616404644
363.77301025391	87.506565061239	51.075718495135
364.27200317383	87.093256595303	50.472125501839
364.77099609375	86.668060326878	49.898667843969
365.26998901367	86.232757857733	49.355071707616
365.76901245117	85.789072565092	48.840969937950
366.26800537109	85.338659989758	48.355931360501
366.76699829102	84.883065249262	47.899405657109
367.26599121094	84.423772982895	47.470799779201
367.76501464844	83.962176374950	47.069477101940
368.26400756836	83.499566468333	46.694695528433
368.76300048828	83.037194257182	46.345742024713
369.26199340820	82.576193042052	46.021800299232
369.76098632813	82.117610242907	45.722046807828
370.26000976563	81.662455482227	45.445655225171
370.75900268555	81.211616962423	45.191742300896
371.25799560547	80.765946495037	44.959438060885
371.75698852539	80.326196120623	44.747853244145
372.25601196289	79.893075309066	44.556079403628
372.75500488281	79.467197463098	44.383227897398
373.25399780273	79.049141203518	44.228403581466
373.75299072266	78.639411312570	44.090697341976
374.25201416016	78.238448007034	43.969225439424
374.75100708008	77.846651717245	43.863093336809
375.25000000000	77.464372949585	43.771474793485
375.74899291992	77.091888454018	43.693469185426
376.24798583984	76.729458998398	43.628260418324
376.74700927734	76.377278452274	43.575008624901
377.24600219727	76.035518311560	43.532909079006
377.74499511719	75.704274876215	43.501157587817
378.24398803711	75.383641542136	43.478997091982
378.74301147461	75.073659565705	43.465652710266
379.24200439453	74.774340187934	43.460406318746
379.74099731445	74.485664764860	43.462537079765
380.23999023438	74.207586165840	43.471353307772
380.73901367188	73.940001603113	43.486184612551
381.23800659180	73.682837170083	43.506374570824
381.73699951172	73.435934239646	43.531306401466
382.23599243164	73.199140732995	43.560378410103
382.73498535156	72.972277750271	43.592995483927
383.23400878906	72.755159294047	43.628616189277
383.73300170898	72.547533973036	43.666710306597
384.23199462891	72.349188652619	43.706750673805
384.73098754883	72.159864587660	43.748274305729
385.23001098633	71.979270886162	43.790800997941
385.72900390625	71.807127160119	43.833906694469
386.22799682617	71.643167640907	43.877200682909
386.72698974609	71.487027608227	43.920250493233
387.22601318359	71.338425303144	43.962751623254
387.72500610352	71.197023103696	44.004334728360
388.22399902344	71.062470714401	44.044691747259
388.72299194336	70.934423484163	44.083552406279
389.22198486328	70.812534363417	44.120638961565
389.72100830078	70.696449857478	44.155746818045
390.22000122070	70.585818819415	44.188648956617
390.71899414063	70.480265311056	44.219150575082
391.21798706055	70.379459600521	44.247110830427
391.71701049805	70.283022037205	44.272380970902
392.21600341797	70.190614501998	44.294862935570
392.71499633789	70.101872313848	44.314445369804
393.21398925781	70.016465150774	44.331075134708
393.71301269531	69.934055231906	44.344715516969
394.21200561523	69.854308799844	44.355317780261
394.71099853516	69.776911786970	44.362892628892
395.20999145508	69.701540578652	44.367446855501
395.70901489258	69.627905652728	44.369014633833
396.20800781250	69.555732436761	44.367634962477
396.70700073242	69.484737466954	44.363401640189
397.20599365234	69.414658540904	44.356361412612
397.70498657227	69.345255451381	44.346617082674
398.20401000977	69.276288559538	44.334270746208
398.70300292969	69.207561145075	44.319441280026
399.20199584961	69.138863393960	44.302247977561
399.70098876953	69.070031941970	44.282830106131
400.20001220703	69.000882568584	44.261314313850
400.69900512695	68.931270646661	44.237847732756
401.19799804688	68.861062449500	44.212579590236
401.69699096680	68.790161663619	44.185652471010
402.19601440430	68.718449514733	44.157220290713
402.69500732422	68.645847709123	44.127426684810
403.19400024414	68.572303139576	44.096429827633
403.69299316406	68.497736294052	44.064345301660
404.19198608398	68.422123146829	44.031348278383
404.69100952148	68.345441666461	43.997545628190
405.19000244141	68.267665810285	43.963077702192
405.68899536133	68.188812982427	43.928077629774
406.18798828125	68.108866883783	43.892630033412
406.68701171875	68.027861016335	43.856855645078
407.18600463867	67.945830413248	43.820851000184
407.68499755859	67.862774818733	43.784687975184
408.18399047852	67.778769518603	43.748465796681
408.68301391602	67.693842207250	43.712229975425
409.18200683594	67.608044870997	43.676040554944
409.68099975586	67.521428273278	43.639943985721
410.17999267578	67.434037914835	43.603963573759
410.67898559570	67.345936268709	43.568131108107
411.17800903320	67.257176934661	43.532452343589
411.67700195313	67.167801850917	43.496935471332
412.17599487305	67.077859086374	43.461563415976
412.67498779297	66.987398683047	43.426327245343
413.17401123047	66.896455860409	43.391199436597
413.67300415039	66.805067680103	43.356136070243
414.17199707031	66.713251932038	43.321101465836
414.67098999023	66.621045046265	43.286070206747
415.17001342773	66.528439425466	43.250955010313
415.66900634766	66.435458600184	43.215714092515
416.16799926758	66.342071766337	43.180277447996
416.66699218750	66.248298006170	43.144588062467
417.16598510742	66.154093028775	43.108589166883
417.66500854492	66.059431009122	43.072185778890
418.16400146484	65.964265678352	43.035331987349
418.66299438477	65.868550412278	42.997951603688
419.16198730469	65.772212033946	42.959975833437
419.66101074219	65.675187430931	42.921356592656
420.16000366211	65.577389433086	42.882019120396
420.65899658203	65.478733883366	42.841921127314
421.15798950195	65.379121093768	42.801018721698
421.65701293945	65.278440644455	42.759264498682
422.15600585938	65.176583434480	42.716617858559
422.65499877930	65.073425091519	42.673078049664
423.15399169922	64.968828460029	42.628608985613
423.65301513672	64.862689948016	42.583226490827
424.15200805664	64.754836499746	42.536915365608
424.65100097656	64.645148941592	42.489705741235
425.14999389648	64.533486605033	42.441619966975
425.64898681641	64.419694540167	42.392702059747
426.14801025391	64.303628970665	42.342998294651
426.64700317383	64.185149563646	42.292579678647
427.14599609375	64.064114960350	42.241502919767
427.64498901367	63.940377793960	42.189887373174
428.14401245117	63.813804912270	42.137810044534
428.64300537109	63.684261561528	42.085384845537
429.14199829102	63.551632345629	42.032751214490
429.64099121094	63.415802175313	41.980028803570
430.14001464844	63.276637909089	41.927359117026
430.63900756836	63.134058022992	41.874907519826
431.13800048828	62.987963747163	41.822832763288
431.63699340820	62.838265046381	41.771303331200
432.13598632813	62.684897098207	41.720494388390
432.63500976563	62.527799934121	41.670604304105
433.13400268555	62.366937399436	41.621825426247
433.63299560547	62.202254216817	41.574341207337
434.13198852539	62.033761334309	41.528354419559
434.63101196289	61.861414139058	41.484061306901
435.13000488281	61.685245949206	41.441681983255
435.62899780273	61.505267130918	41.401407684607
436.12799072266	61.321507645440	41.363448560461
436.62701416016	61.134024197393	41.327995598569
437.12600708008	60.942862494714	41.295238397971
437.62500000000	60.748113808121	41.265391961084
438.12399291992	60.549854700278	41.238628512187
438.62298583984	60.348176654641	41.215141951520
439.12200927734	60.143197781542	41.195092600472
439.62100219727	59.935036919531	41.178661996737
440.11999511719	59.723824028809	41.165996686378
440.61898803711	59.509698805579	41.157256661434
441.11801147461	59.292812181068	41.152579083409
441.61700439453	59.073308105063	41.152089993933
442.11599731445	58.851363408498	41.155902042541
442.61499023438	58.627136716734	41.164129521316
443.11401367188	58.400801497242	41.176869330042
443.61300659180	58.172532979561	41.194200853434
444.11199951172	57.942527380947	41.216203675265
444.61099243164	57.710943268821	41.242921771894
445.10998535156	57.477983442199	41.274415695812
445.60900878906	57.243817624301	41.310715159155
446.10800170898	57.008648702062	41.351852410726
446.60699462891	56.772622859904	41.397818413195
447.10598754883	56.535950356266	41.448646181662
447.60501098633	56.298793758519	41.504304266436
448.10400390625	56.061323281198	41.564778938838
448.60299682617	55.823708413114	41.630040381171
449.10198974609	55.586117110307	41.700052708518
449.60101318359	55.348691509489	41.774772291981
450.10000610352	55.111580285615	41.854125264738
450.59899902344	54.874942004704	41.938074110961
451.09799194336	54.638891473950	42.026519360311
451.59698486328	54.403573084492	42.119416328930
452.09600830078	54.169096697872	42.216666621616
452.59500122070	53.935557056738	42.318172786065
453.09399414063	53.703087371552	42.423874729566
453.59298706055	53.471764151034	42.533667307251
454.09201049805	53.241661614487	42.647436878977
454.59100341797	53.012867671531	42.765103427644
455.08999633789	52.785445664528	42.886561350489
455.58898925781	52.559464881097	43.011725331014
456.08801269531	52.334951531848	43.140475002191
456.58700561523	52.111956326250	43.272728332476
457.08599853516	51.890513222470	43.408389040875
457.58499145508	51.670655128060	43.547362324171
458.08401489258	51.452386899857	43.689557921286
458.58300781250	51.235727976643	43.834892126696
459.08200073242	51.020673395961	43.983262268696
459.58099365234	50.807222315858	44.134619058374
460.07998657227	50.595368388965	44.288871324628
460.57901000977	50.385105773218	44.445966728425
461.07800292969	50.176394015153	44.605820970084
461.57699584961	49.969243984075	44.768407050426
462.07598876953	49.763600224506	44.933646239541
462.57501220703	49.559436744969	45.101514263428
463.07400512695	49.356704851474	45.271955926362
463.57299804688	49.155419677982	45.444967946222
464.07199096680	48.955519239814	45.620518576228
464.57101440430	48.756963644093	45.798590651812
465.07000732422	48.559748315546	45.979181870619
465.56900024414	48.363780838062	46.162279128991
466.06799316406	48.169083428261	46.347902363772
466.56698608398	47.975606086563	46.536051910000
467.06600952148	47.783334039554	46.726771862264
467.56500244141	47.592223663675	46.920055285565
468.06399536133	47.402257329963	47.115950768207
468.56298828125	47.213426182136	47.314497432367
469.06201171875	47.025748576941	47.515737480817
469.56100463867	46.839155030211	47.719704318045
470.05999755859	46.653708955190	47.926468985101
470.55899047852	46.469374302765	48.136067395640
471.05801391602	46.286184317152	48.348572078046
471.55700683594	46.104138844012	48.564020307842
472.05599975586	45.923288513084	48.782498217009
472.55499267578	45.743675963849	49.004068393194
473.05398559570	45.565321899111	49.228790920688
473.55300903320	45.388256551922	49.456713500561
474.05200195313	45.212600287849	49.687926909674
474.55099487305	45.038353971326	49.922477162804
475.04998779297	44.865610819941	50.160427147383
475.54901123047	44.694455666396	50.401839625537
476.04800415039	44.524966049947	50.646772378053
476.54699707031	44.357270386345	50.895285165285
477.04598999023	44.191411704116	51.147394973642
477.54501342773	44.027529732571	51.403171500575
478.04400634766	43.865749170906	51.662661818923
478.54299926758	43.706194866414	51.925887218827
479.04199218750	43.548933613306	52.192851711230
479.54098510742	43.394125915384	52.463584557971
480.04000854492	43.241957365717	52.738136063280
480.53900146484	43.092466266463	53.016435882076
481.03799438477	42.945897804942	53.298569122413
481.53698730469	42.802338563219	53.584471590823
482.03601074219	42.661979332210	53.874136357878
482.53500366211	42.524903938331	54.167508889032
483.03399658203	42.391313444892	54.464581725294
483.53298950195	42.261355332860	54.765301317286
484.03201293945	42.135156421012	55.069588257697
484.53100585938	42.012935380851	55.377436766826
485.02999877930	41.894770669183	55.688713965021
485.52899169922	41.780820089004	56.003326364463
486.02801513672	41.671280968471	56.321228632192
486.52700805664	41.566251086954	56.642279532458
487.02600097656	41.465874921162	56.966373548871
487.52499389648	41.370307319046	57.293392178386
488.02398681641	41.279671503929	57.623202989299
488.52301025391	41.194087167425	57.955668201772
489.02200317383	41.113689726361	58.290635374942
489.52099609375	41.038565250039	58.627961463745
490.01998901367	40.968838485783	58.967452132583
490.51901245117	40.904597168987	59.308955545206
491.01800537109	40.845932530727	59.652281652896
491.51699829102	40.792907640852	59.997259477409
492.01599121094	40.745618606726	60.343683131951
492.51501464844	40.704089573037	60.691351910583
493.01400756836	40.668395772995	61.040090334218
493.51300048828	40.638542691840	61.389659347730
494.01199340820	40.614583698435	61.739855127992
494.51098632813	40.596530843053	62.090500574735
495.01000976563	40.584337445163	62.441342178733
495.50900268555	40.578033694118	62.792179921467
496.00799560547	40.577568246924	63.142819778751
496.50698852539	40.582920293749	63.493022297429
497.00601196289	40.594010373081	63.842575490189
497.50500488281	40.610795930650	64.191306045822
498.00399780273	40.633185349427	64.538969878384
498.50299072266	40.661072040628	64.885394486311
499.00201416016	40.694352954789	65.230402351203
499.50100708008	40.732930812110	65.573770821762
500.00000000000	40.776654600534	65.915361410365
