#Parameters = {a=1000; t=0.1}
#"Frequency / GHz"	"Z1,1 [Real/Imaginary Part] [Re]"	"Z1,1 [Real/Imaginary Part] [Im]"
#-------------------------------------------------------------------------------------
1.0000000000000	-1419.7474666957	-3105.7424697276
1.9989999532700	-406.66747486605	-1785.4657230309
2.9979999065399	-184.67556866795	-1224.1557995222
3.9969999790192	-103.94008738220	-927.17391322359
4.9959998130798	-66.021478519110	-744.97773556565
5.9949998855591	-45.283151762922	-622.14337666242
6.9939999580383	-32.737563076857	-533.82332736106
7.9930000305176	-24.584690358581	-467.29495588870
8.9919996261597	-18.995491567758	-415.38923954002
9.9910001754761	-15.002264349315	-373.76502301589
10.989999771118	-12.054070837581	-339.64211291736
11.989000320435	-9.8185234763771	-311.15851265156
12.987999916077	-8.0854232673775	-287.02077421297
13.987000465393	-6.7168434738464	-266.30267526544
14.986000061035	-5.6187079735111	-248.32325829570
15.984999656677	-4.7256024826391	-232.57122264983
16.983999252319	-3.9907920978603	-218.65481924118
17.982999801636	-3.3798409018622	-206.26912058399
18.982000350952	-2.8674119621776	-195.17301539669
19.981000900269	-2.4341076110143	-185.17355682516
20.979999542236	-2.0652316569720	-176.11437241691
21.979000091553	-1.7492393787807	-167.86740748120
22.978000640869	-1.4770342780176	-160.32684299078
23.976999282837	-1.2415261300932	-153.40445838750
24.975999832153	-1.0368781280685	-147.02610244703
25.975000381470	-0.85837686904195	-141.12898091565
26.974000930786	-0.70230761791325	-135.65961212392
27.972999572754	-0.56547760521979	-130.57215894870
28.972000122070	-0.44528986979860	-125.82699287663
29.971000671387	-0.33952643151771	-121.38984446125
30.969999313354	-0.24641690955922	-117.23087303907
31.968999862671	-0.16440353637366	-113.32383859946
32.967998504639	-0.092172198107617	-109.64585084756
33.966999053955	-0.028616422724006	-106.17657555494
34.965999603271	0.027205929660534	-102.89802854308
35.965000152588	0.076151158576490	-99.794250414293
36.964000701904	0.11891727143067	-96.850967952452
37.963001251221	0.15614915761511	-94.055398184307
38.962001800537	0.18835769238434	-91.396155999578
39.960998535156	0.21604731995873	-88.862853861164
40.959999084473	0.23963858569643	-86.446238428321
41.958999633789	0.25950778047780	-84.137847944139
42.958000183105	0.27599602627492	-81.930051720132
43.957000732422	0.28938834191117	-79.815957976248
44.956001281738	0.29997901564171	-77.789096309108
45.955001831055	0.30799635972166	-75.843849491186
46.953998565674	0.31367382576180	-73.974811967566
47.952999114990	0.31720498928178	-72.177187371528
48.951999664307	0.31877923366060	-70.446466934014
49.951000213623	0.31857725757169	-68.778620471817
50.950000762939	0.31675110836592	-67.169805924771
51.949001312256	0.31344973977830	-65.616566851448
52.948001861572	0.30881430265577	-64.115725578729
53.946998596191	0.30296675200373	-62.664182745406
54.945999145508	0.29603247653710	-61.259283843149
55.944999694824	0.28812209471584	-59.898445005837
56.944000244141	0.27935333651017	-58.579239894298
57.943000793457	0.26982500041613	-57.299443544422
58.942001342773	0.25962988124563	-56.057035970388
59.941001892090	0.24886296759267	-54.850078842206
60.939998626709	0.23760840582625	-53.676714891440
61.938999176025	0.22595828028468	-52.535357620718
62.937999725342	0.21399060088562	-51.424374210799
63.937000274658	0.20177607288879	-50.342332095234
64.935997009277	0.18939702134882	-49.287792929101
65.934997558594	0.17691660933712	-48.259545475056
66.933998107910	0.16439717506676	-47.256292167227
67.932998657227	0.15191191454218	-46.276967898702
68.931999206543	0.13951157639125	-45.320460632135
69.930999755859	0.12725751781525	-44.385806646622
70.930000305176	0.11521151278095	-43.472034137960
71.929000854492	0.10340960547086	-42.578265847055
72.928001403809	0.091915231695732	-41.703631984419
73.927001953125	0.080760432559367	-40.847371000170
74.926002502441	0.069995260569861	-40.008759063456
75.925003051758	0.059660281779900	-39.187031518608
76.924003601074	0.049781210305591	-38.381603105546
77.922996520996	0.040402750484337	-37.591777086824
78.921997070313	0.031550192681067	-36.817010348337
79.920997619629	0.023251978475600	-36.056710092447
80.919998168945	0.015530217048862	-35.310365758246
81.918998718262	0.0084092343176708	-34.577458050241
82.917999267578	0.0019057846962275	-33.857525463583
83.916999816895	-0.0039596919240357	-33.150118517253
84.916000366211	-0.0091829382719361	-32.454793369112
85.915000915527	-0.013748975487243	-31.771161621960
86.914001464844	-0.017638378255244	-31.098825981568
87.913002014160	-0.020872066107019	-30.437415015251
88.912002563477	-0.023430754080557	-29.786593016071
89.911003112793	-0.025311195541753	-29.146025196899
90.910003662109	-0.026535135220289	-28.515364952413
91.908996582031	-0.027096472239385	-27.894337251300
92.907997131348	-0.027002429705079	-27.282652111886
93.906997680664	-0.026269606676489	-26.680015678768
94.905998229980	-0.024909870928866	-26.086160087637
95.904998779297	-0.022932735509256	-25.500853515124
96.903999328613	-0.020356165914524	-24.923838265940
97.902999877930	-0.017214065645713	-24.354869230214
98.902000427246	-0.013509017116409	-23.793728811139
99.901000976563	-0.0092748638344526	-23.240202334097
100.90000152588	-0.0045318414172178	-22.694066029403
101.89900207520	0.00068966963886348	-22.155134544990
102.89800262451	0.0063700625392695	-21.623199639635
103.89700317383	0.012465662273417	-21.098058448328
104.89600372314	0.018962294353475	-20.579550929161
105.89499664307	0.025818772465198	-20.067473820832
106.89399719238	0.033000078610494	-19.561653744810
107.89299774170	0.040487161762832	-19.061923343988
108.89199829102	0.048234763789938	-18.568131257772
109.89099884033	0.056210528015976	-18.080072042923
110.88999938965	0.064382921890332	-17.597615169607
111.88899993896	0.072718312904599	-17.120598920690
112.88800048828	0.081175039370367	-16.648862701537
113.88700103760	0.089736506687459	-16.182257516151
114.88600158691	0.098349162491829	-15.720622589513
115.88500213623	0.10699468896950	-15.263829668021
116.88400268555	0.11563411487383	-14.811705394072
117.88300323486	0.12423667015389	-14.364119304774
118.88200378418	0.13277144934879	-13.920928212185
119.88099670410	0.14121427414349	-13.481990544070
120.87999725342	0.14953746215716	-13.047172990220
121.87899780273	0.15771114757812	-12.616324742226
122.87799835205	0.16571592621294	-12.189308528556
123.87699890137	0.17352201488674	-11.766002839630
124.87599945068	0.18111976910498	-11.346258614292
125.87500000000	0.18847813567049	-10.929952023078
126.87400054932	0.19559148111424	-10.516949454257
127.87300109863	0.20244125560914	-10.107116286516
128.87199401855	0.20902096178504	-9.7003302472612
129.87100219727	0.21531632173589	-9.2964547546490
130.86999511719	0.22132737162074	-8.8953793733516
131.86900329590	0.22704219809503	-8.4969756283805
132.86799621582	0.23246333016149	-8.1011168964607
133.86700439453	0.23759193094945	-7.7076801845572
134.86599731445	0.24243607791006	-7.3165507473985
135.86500549316	0.24699976321520	-6.9276219892531
136.86399841309	0.25128741025597	-6.5407743380386
137.86300659180	0.25531991447322	-6.1559010327997
138.86199951172	0.25910670155514	-5.7728814421708
139.86099243164	0.26266701514870	-5.3916154871105
140.86000061035	0.26601660008648	-5.0120106039589
141.85899353027	0.26917906080692	-4.6339567255125
142.85800170898	0.27218122220823	-4.2573535572896
143.85699462891	0.27504342287572	-3.8821176347176
144.85600280762	0.27779327378431	-3.5081479499125
145.85499572754	0.28046612487063	-3.1353595038915
146.85400390625	0.28309282537922	-2.7636659705284
147.85299682617	0.28569742212304	-2.3929876344511
148.85200500488	0.28832081274463	-2.0232467638183
149.85099792480	0.29099671195026	-1.6543654072888
150.85000610352	0.29375890686611	-1.2862729649300
151.84899902344	0.29664492848846	-0.91890427801560
152.84800720215	0.29969533054039	-0.55218381586683
153.84700012207	0.30294516521234	-0.18606561722468
154.84599304199	0.30643032252467	0.17952539879813
155.84500122070	0.31019444170940	0.54462832336824
156.84399414063	0.31426510564358	0.90931149446138
157.84300231934	0.31869100499821	1.2736136361466
158.84199523926	0.32350002776399	1.6375723987756
159.84100341797	0.32873316170307	2.0012558946663
160.83999633789	0.33442408420571	2.3646837559742
161.83900451660	0.34060852464166	2.7278992766249
162.83799743652	0.34731789473218	3.0909336526436
163.83700561523	0.35458301435833	3.4538297192939
164.83599853516	0.36243777117162	3.8166127872563
165.83500671387	0.37090790434051	4.1793011533042
166.83399963379	0.38001962230118	4.5419374594596
167.83299255371	0.38980129169524	4.9045398437593
168.83200073242	0.40027356128761	5.2671200994154
169.83099365234	0.41146027717005	5.6297199117148
170.83000183105	0.42337250332964	5.9923442647764
171.82899475098	0.43603906984719	6.3550181653381
172.82800292969	0.44946437165509	6.7177560717731
173.82699584961	0.46366401740241	7.0805832927259
174.82600402832	0.47864994709192	7.4435086086550
175.82499694824	0.49442800926294	7.8065605435902
176.82400512695	0.51100564987425	8.1697445012089
177.82299804688	0.52838295567273	8.5330918369610
178.82200622559	0.54656124001895	8.8966074812228
179.82099914551	0.56553762209701	9.2603241046567
180.82000732422	0.58531297915912	9.6242508950322
181.81900024414	0.60587373635604	9.9884132531314
182.81799316406	0.62721889588573	10.352833856670
183.81700134277	0.64933908911021	10.717545868303
184.81599426270	0.67221363939533	11.082554535958
185.81500244141	0.69583596742559	11.447913184430
186.81399536133	0.72018646751525	11.813645670975
187.81300354004	0.74525354556385	12.179774860259
188.81199645996	0.77101601873771	12.546349740288
189.81100463867	0.79745691122820	12.913398966910
190.80999755859	0.82454818527671	13.280970471600
191.80900573730	0.85227948753107	13.649118209115
192.80799865723	0.88062221645184	14.017869621846
193.80700683594	0.90956035548664	14.387296848154
194.80599975586	0.93906937598414	14.757453523799
195.80499267578	0.96912108671018	15.128386461675
196.80400085449	0.99970824116868	15.500178121258
197.80299377441	1.0307984331912	15.872875113143
198.80200195313	1.0623772990849	16.246563365468
199.80099487305	1.0944283907670	16.621319063858
200.80000305176	1.1269240794858	16.997209796884
201.79899597168	1.1598626449327	17.374328587330
202.79800415039	1.1932247246253	17.752762816004
203.79699707031	1.2270022973047	18.132607515002
204.79600524902	1.2611874189599	18.513954921063
205.79499816895	1.2957709148964	18.896890870535
206.79400634766	1.3307547947027	19.281540846446
207.79299926758	1.3661399611144	19.668002339032
208.79200744629	1.4019340289608	20.056393920300
209.79100036621	1.4381373831614	20.446811604773
210.78999328613	1.4747701294700	20.839383291245
211.78900146484	1.5118406122162	21.234238550707
212.78799438477	1.5493821263821	21.631495232057
213.78700256348	1.5874156335272	22.031287801476
214.78599548340	1.6259726232465	22.433726607766
215.78500366211	1.6650949782478	22.838974465830
216.78399658203	1.7048132397062	23.247135459933
217.78300476074	1.7451830060020	23.658366782919
218.78199768066	1.7862566605966	24.072815236642
219.78100585938	1.8280874030974	24.490598935380
220.77999877930	1.8707373312658	24.911867343785
221.77900695801	1.9142884340582	25.336783291830
222.77799987793	1.9588032991537	25.765479332250
223.77699279785	2.0043656214755	26.198104437270
224.77600097656	2.0510720178625	26.634814391788
225.77499389648	2.0990028941738	27.075748468024
226.77400207520	2.1482703032616	27.521067005450
227.77299499512	2.1989783909959	27.970928086955
228.77200317383	2.2512212181226	28.425455747996
229.77099609375	2.3051387160672	28.884827033798
230.77000427246	2.3608470849826	29.349189479732
231.76899719238	2.4184772158484	29.818699031310
232.76800537109	2.4781627624371	30.293499303722
233.76699829102	2.5400553585354	30.773749867971
234.76600646973	2.6042951067430	31.259600873906
235.76499938965	2.6710418825471	31.751210906921
236.76400756836	2.7404578512649	32.248732110655
237.76300048828	2.8127172854656	32.752327011576
238.76199340820	2.8879869573720	33.262127334854
239.76100158691	2.9664603862547	33.778305809860
240.75999450684	3.0483133777636	34.301005261011
241.75900268555	3.1337524668251	34.830394683449
242.75799560547	3.2229734016032	35.366615700090
243.75700378418	3.3161864015318	35.909830988684
244.75599670410	3.4136164512638	36.460185275628
245.75500488281	3.5154790097401	37.017833204745
246.75399780273	3.6220141545562	37.582944638477
247.75300598145	3.7334560873040	38.155662959341
248.75199890137	3.8500540091986	38.736150727938
249.75100708008	3.9720657841797	39.324562021805
250.75000000000	4.0997556167402	39.921056383850
251.74899291992	4.2334047687574	40.525804434940
252.74800109863	4.3732908873705	41.138953322446
253.74699401855	4.5197083287899	41.760672097864
254.74600219727	4.6729624951255	42.391119640772
255.74499511719	4.8333634999639	43.030459813494
256.74398803711	5.0012429751569	43.678867891100
257.74301147461	5.1769412851061	44.336510740310
258.74200439453	5.3608000243020	45.003548631271
259.74099731445	5.5531856645605	45.680172352352
260.73999023438	5.7544843204532	46.366543319214
261.73901367188	5.9650789108342	47.062846789057
262.73800659180	6.1853757020473	47.769246403695
263.73699951172	6.4158105613405	48.485949710527
264.73599243164	6.6568104397500	49.213134997690
265.73498535156	6.9088520948273	49.950999576259
266.73400878906	7.1724076324415	50.699696155277
267.73300170898	7.4479722241039	51.459473016948
268.73199462891	7.7360796001909	52.230478509542
269.73098754883	8.0372731884816	53.012960705745
270.73001098633	8.3521317966379	53.807103354499
271.72900390625	8.6812510063188	54.613114439370
272.72799682617	9.0252675478708	55.431198748066
273.72698974609	9.3848385742957	56.261570537240
274.72601318359	9.7606699587786	57.104455230624
275.72500610352	10.153484961475	57.960075381812
276.72399902344	10.564057431395	58.828632135927
277.72299194336	10.993203985458	59.710365642235
278.72198486328	11.441787708546	60.605477950765
279.72100830078	11.910708847197	61.514209573082
280.72000122070	12.400927606804	62.436745036182
281.71899414063	12.913459246299	63.373333975076
282.71798706055	13.449385771639	64.324181315017
283.71701049805	14.009831064631	65.289465461698
284.71600341797	14.596016561525	66.269406341750
285.71499633789	15.209228369938	67.264172570487
286.71398925781	15.850808170058	68.273948379096
287.71301269531	16.522234791972	69.298845267427
288.71200561523	17.225018792579	70.339020341339
289.71099853516	17.960830379394	71.394593897272
290.70999145508	18.731392872066	72.465576012040
291.70901489258	19.538587685182	73.552066611259
292.70800781250	20.384376539414	74.653967430321
293.70700073242	21.270878350876	75.771244904364
294.70599365234	22.200340786084	76.903717754839
295.70498657227	23.175170315589	78.051228032539
296.70401000977	24.197922633349	79.213411148787
297.70300292969	25.271332234360	80.389905618707
298.70199584961	26.398273842942	81.580097325093
299.70098876953	27.581855035821	82.783383674732
300.70001220703	28.825374463090	83.998876220106
301.69900512695	30.132292959884	85.225568054245
302.69799804688	31.506362734023	86.462191694345
303.69699096680	32.951487085233	87.707267186124
304.69601440430	34.471854877450	88.959019189530
305.69500732422	36.071853902889	90.215343921465
306.69400024414	37.756145607872	91.473768507035
307.69299316406	39.529603903051	92.731388059831
308.69198608398	41.397348952212	93.984810081848
309.69100952148	43.364761176993	95.230180634360
310.69000244141	45.437348399559	96.462906784078
311.68899536133	47.620884963131	97.677816975744
312.68798828125	49.921258517891	98.868911925377
313.68701171875	52.344496762805	100.02931241427
314.68600463867	54.896611148852	101.15126101741
315.68499755859	57.583664675227	102.22585308875
316.68399047852	60.411522704931	103.24302500210
317.68301391602	63.385827178600	104.19144910674
318.68200683594	66.511803236438	105.05841341543
319.68099975586	69.794082487318	105.82970078094
320.67999267578	73.236501681697	106.48950341352
321.67898559570	76.841815204658	107.02029602967
322.67800903320	80.611397782819	107.40292709196
323.67700195313	84.544895993526	107.61647768757
324.67599487305	88.639825487000	107.63830782539
325.67498779297	92.891185800538	107.44417524650
326.67401123047	97.290900192203	107.00850134671
327.67300415039	101.82740809612	106.30457940961
328.67199707031	106.48509001284	105.30497617180
329.67098999023	111.24383050887	103.98209781620
330.67001342773	116.07857567478	102.30893435288
331.66900634766	120.95897761294	100.25987434637
332.66799926758	125.84927875600	97.811741168930
333.66699218750	130.70814724014	94.944825452220
334.66598510742	135.48910002735	91.644354406402
335.66500854492	140.14091043416	87.901539981606
336.66400146484	144.60858963201	83.715027411839
337.66299438477	148.83451277151	79.091948421983
338.66198730469	152.76003940935	74.048801539599
339.66101074219	156.32734094132	68.612081327373
340.66000366211	159.48155099838	62.818447369867
341.65899658203	162.17283534576	56.714273704777
342.65798950195	164.35854622841	50.354793733135
343.65701293945	166.00500060984	43.802529032804
344.65600585938	167.08923295041	37.125583177456
345.65499877930	167.59972208528	30.395148424373
346.65399169922	167.53710525069	23.683217036537
347.65301513672	166.91363044919	17.059934261855
348.65200805664	165.75267561564	10.591402467589
349.65100097656	164.08724519643	4.3376118187635
350.64999389648	161.95837883585	-1.6491162759278
351.64898681641	159.41312761281	-7.3252059723562
352.64801025391	156.50260671890	-12.656384299478
353.64700317383	153.27994220133	-17.617738030151
354.64599609375	149.79854061906	-22.193372713276
355.64498901367	146.11050466601	-26.375756955894
356.64401245117	142.26535223434	-30.164563464140
357.64300537109	138.30907406082	-33.566071720544
358.64199829102	134.28345806446	-36.591557086326
359.64099121094	130.22587423181	-39.256450207762
360.64001464844	126.16888772256	-41.579145412712
361.63900756836	122.14055416054	-43.580243804676
362.63800048828	118.16443239586	-45.281566311251
363.63699340820	114.25992960734	-46.705501972801
364.63598632813	110.44275289609	-47.874515774177
365.63500976563	106.72513837433	-48.810618754448
366.63400268555	103.11637308283	-49.535081734152
367.63299560547	99.623151386742	-50.068202994187
368.63198852539	96.249910418127	-50.429101473641
369.63101196289	92.999264970922	-50.635669000160
370.63000488281	89.872191170201	-50.704464295514
371.62899780273	86.868460879499	-50.650785927407
372.62799072266	83.986748508976	-50.488623225783
373.62701416016	81.224943535360	-50.230743326699
374.62600708008	78.580268089005	-49.888734359008
375.62500000000	76.049447393542	-49.473067684413
376.62399291992	73.628896624925	-48.993205877545
377.62298583984	71.314717568299	-48.457613079002
378.62200927734	69.102905389382	-47.873931010004
379.62100219727	66.989338836308	-47.248954905729
380.61999511719	64.969890222518	-46.588781213810
381.61898803711	63.040425873322	-45.898803995045
382.61801147461	61.196892600437	-45.183852649879
383.61700439453	59.435303744589	-44.448202423175
384.61599731445	57.751796456758	-43.695635080391
385.61499023438	56.142602168067	-42.929503366237
386.61401367188	54.604120223420	-42.152753552090
387.61300659180	53.132872417577	-41.368010479687
388.61199951172	51.725517240646	-40.577559590231
389.61099243164	50.378878670156	-39.783419906902
390.60998535156	49.089905894148	-38.987338319675
391.60900878906	47.855713179531	-38.190875839240
392.60800170898	46.673537759701	-37.395359478669
393.60699462891	45.540762366243	-36.601958289775
394.60598754883	44.454914597240	-35.811689531446
395.60501098633	43.413621252452	-35.025410079963
396.60400390625	42.414661339110	-34.243877166456
397.60299682617	41.455920406536	-33.467717061380
398.60198974609	40.535392781565	-32.697476592736
399.60101318359	39.651190243780	-31.933602734803
400.60000610352	38.801514518882	-31.176472555434
401.59899902344	37.984663150341	-30.426394446230
402.59799194336	37.199043496538	-29.683609993145
403.59698486328	36.443131176053	-28.948316688257
404.59600830078	35.715480959030	-28.220661265828
405.59500122070	35.014752634348	-27.500757394984
406.59399414063	34.339651895926	-26.788672684676
407.59298706055	33.688953272206	-26.084431592925
408.59201049805	33.061520098431	-25.388054464342
409.59100341797	32.456253490297	-24.699525589302
410.58999633789	31.872119598736	-24.018803001490
411.58898925781	31.308148604951	-23.345836949779
412.58801269531	30.763404303893	-22.680550471606
413.58700561523	30.237029512653	-22.022863021468
414.58599853516	29.728164947915	-21.372658258375
415.58499145508	29.236046743315	-20.729848380065
416.58401489258	28.759907539822	-20.094289600780
417.58300781250	28.299058062150	-19.465873988681
418.58200073242	27.852817098815	-18.844461008433
419.58099365234	27.420549013121	-18.229908523750
420.57998657227	27.001647209878	-17.622066591070
421.57901000977	26.595544683780	-17.020803215229
422.57800292969	26.201689669068	-16.425959191619
423.57699584961	25.819564604227	-15.837368631546
424.57598876953	25.448682650822	-15.254886049660
425.57501220703	25.088572412466	-14.678351169671
426.57400512695	24.738799278969	-14.107606498296
427.57299804688	24.398933054874	-13.542499024353
428.57199096680	24.068576666492	-12.982860538895
429.57101440430	23.747360065112	-12.428546705529
430.57000732422	23.434904853766	-11.879378685566
431.56900024414	23.130876359214	-11.335207818546
432.56799316406	22.834952135984	-10.795885506405
433.56698608398	22.546818325565	-10.261249555654
434.56600952148	22.266188411727	-9.7311524065805
435.56500244141	21.992769918035	-9.2054285334221
436.56399536133	21.726305651588	-8.6839383471628
437.56298828125	21.466542974716	-8.1665324588272
438.56201171875	21.213237369059	-7.6530591820133
439.56100463867	20.966164055512	-7.1433790296390
440.55999755859	20.725109827918	-6.6373476159954
441.55899047852	20.489864219720	-6.1348246434115
442.55801391602	20.260233283570	-5.6356708094137
443.55700683594	20.036033755669	-5.1397498711196
444.55599975586	19.817089478626	-4.6469286744847
445.55499267578	19.603225650734	-4.1570727650962
446.55398559570	19.394295307239	-3.6700652197949
447.55300903320	19.190138703753	-3.1857610239305
448.55200195313	18.990617929710	-2.7040521395887
449.55099487305	18.795596316934	-2.2248121150565
450.54998779297	18.604945554430	-1.7479198669803
451.54901123047	18.418538632331	-1.2732562914416
452.54800415039	18.236263478458	-0.80070715827729
453.54699707031	18.058008730244	-0.33016927762780
454.54598999023	17.883671022151	0.13847048513285
455.54501342773	17.713148489796	0.60533092143408
456.54400634766	17.546348087068	1.0704997256873
457.54299926758	17.383177949507	1.5340909779350
458.54199218750	17.223554874110	1.9961984061999
459.54098510742	17.067395011816	2.4569269387371
460.54000854492	16.914625456990	2.9163720562449
461.53900146484	16.765168078061	3.3746242692132
462.53799438477	16.618953707670	3.8317757965914
463.53698730469	16.475915929475	4.2879142269719
464.53601074219	16.335990242722	4.7431388041587
465.53500366211	16.199115337432	5.1975293026323
466.53399658203	16.065233818475	5.6511722800146
467.53298950195	15.934287325042	6.1041483257247
468.53201293945	15.806225295243	6.5565429402836
469.53100585938	15.680992447161	7.0084346356161
470.52999877930	15.558542603118	7.4599059647809
471.52899169922	15.438827658979	7.9110327117453
472.52801513672	15.321792752096	8.3618936849597
473.52700805664	15.207404263835	8.8125550943520
474.52600097656	15.095615413597	9.2631094660414
475.52499389648	14.986378027158	9.7136213276693
476.52398681641	14.879656833027	10.164164274474
477.52301025391	14.775412678215	10.614812883402
478.52200317383	14.673611703138	11.065646937072
479.52099609375	14.574199360757	11.516731998319
480.51998901367	14.477154864266	11.968143245864
481.51901245117	14.382435631492	12.419949210405
482.51800537109	14.290009419850	12.872227504319
483.51699829102	14.199836697978	13.325049699787
484.51599121094	14.111884005065	13.778489376163
485.51501464844	14.026120352884	14.232623676801
486.51400756836	13.942505367532	14.687524925395
487.51300048828	13.861019412425	15.143266238515
488.51199340820	13.781617541710	15.599925024035
489.51098632813	13.704274561441	16.057580765244
490.51000976563	13.628958522910	16.516313450921
491.50900268555	13.555636728608	16.976197609265
492.50799560547	13.484282146943	17.437322281497
493.50698852539	13.414863970469	17.899768071282
494.50601196289	13.347348388042	18.363616114778
495.50500488281	13.281716272699	18.828960973366
496.50399780273	13.217930698420	19.295884169409
497.50299072266	13.155962256277	19.764474579717
498.50201416016	13.095796336115	20.234836155922
499.50100708008	13.037394930779	20.707053511178
500.50000000000	12.980738835598	21.181229441304
501.49899291992	12.925797926891	21.657467441018
502.49798583984	12.872555810936	22.135865424578
503.49700927734	12.820992666089	22.616538119790
504.49600219727	12.771067871416	23.099580565563
505.49499511719	12.722780853104	23.585124015865
506.49398803711	12.676104587061	24.073266712921
507.49301147461	12.631016564882	24.564131427405
508.49200439453	12.587508305688	25.057850669852
509.49099731445	12.545554933474	25.554538419143
510.48999023438	12.505148925693	26.054333219953
511.48901367188	12.466272379541	26.557360664651
512.48797607422	12.428923873389	27.063772325500
513.48699951172	12.393081471023	27.573691943345
514.48602294922	12.358741061341	28.087275837960
515.48498535156	12.325902383579	28.604666435139
516.48400878906	12.294552523469	29.126023686011
517.48297119141	12.264690528119	29.651507244929
518.48199462891	12.236327923320	30.181286550533
519.48101806641	12.209449545803	30.715505179875
520.47998046875	12.184069095521	31.254365635617
521.47900390625	12.160189891104	31.798028594374
522.47802734375	12.137825195622	32.346691707176
523.47698974609	12.116975293194	32.900534573883
524.47601318359	12.097665947407	33.459757605831
525.47497558594	12.079896270423	34.024547776264
526.47399902344	12.063696862536	34.595123756034
527.47302246094	12.049088545824	35.171707133279
528.47198486328	12.036080337010	35.754506263721
529.47100830078	12.024709982744	36.343741373724
530.46997070313	12.015003545106	36.939662391778
531.46899414063	12.006991913229	37.542510451817
532.46801757813	12.000694982833	38.152518720001
533.46697998047	11.996170980088	38.769967347499
534.46600341797	11.993439117406	39.395101557359
535.46502685547	11.992551524327	40.028204060290
536.46398925781	11.993550959571	40.669577100943
537.46301269531	11.996480393161	41.319490741474
538.46197509766	12.001391229383	41.978265676349
539.46099853516	12.008339192970	42.646215416262
540.46002197266	12.017376360476	43.323669265019
541.45898437500	12.028563233930	44.010966559435
542.45800781250	12.041963492058	44.708472791973
543.45697021484	12.057646830931	45.416545565061
544.45599365234	12.075676700189	46.135573200135
545.45501708984	12.096122728801	46.865958692264
546.45397949219	12.119068637960	47.608120080690
547.45300292969	12.144589178781	48.362487116567
548.45202636719	12.172773205652	49.129517027143
549.45098876953	12.203710682888	49.909689515081
550.45001220703	12.237485111814	50.703509187051
551.44897460938	12.274208682927	51.511485949993
552.44799804688	12.313965811819	52.334161579096
553.44702148438	12.356881722780	53.172122463049
554.44598388672	12.403066209010	54.025975111736
555.44500732422	12.452635901900	54.896328280128
556.44396972656	12.505726298523	55.783875292607
557.44299316406	12.562465280135	56.689290049302
558.44201660156	12.622999221235	57.613337488475
559.44097900391	12.687478035984	58.556768889630
560.44000244141	12.756061458222	59.520438759619
561.43902587891	12.828928775375	60.505198999801
562.43798828125	12.906258196290	61.511970473734
563.43701171875	12.988243462594	62.541703816486
564.43597412109	13.075096108693	63.595472517335
565.43499755859	13.167044760981	64.674349818900
566.43402099609	13.264337656602	65.779508498553
567.43298339844	13.367220254404	66.912154966535
568.43200683594	13.475977927993	68.073620552456
569.43103027344	13.590921200360	69.265296510996
570.42999267578	13.712375867247	70.488671356928
571.42901611328	13.840693733146	71.745346793746
572.42797851563	13.976267067239	73.036990272668
573.42700195313	14.119525756784	74.365409139621
574.42602539063	14.270908425897	75.732568228362
575.42498779297	14.430946244301	77.140499326230
576.42401123047	14.600159763549	78.591468859397
577.42297363281	14.779172172917	80.087817416717
578.42199707031	14.968637463869	81.632134296480
579.42102050781	15.169293385139	83.227165797513
580.41998291016	15.381925314620	84.875857616981
581.41900634766	15.607436196810	86.581405523379
582.41802978516	15.846789209855	88.347294596570
583.41699218750	16.101079783853	90.177237101582
584.41601562500	16.371508068507	92.075249817677
585.41497802734	16.659408431925	94.045713048336
586.41400146484	16.966280245346	96.093396577655
587.41302490234	17.293773241728	98.223437726843
588.41198730469	17.643762336603	100.44148970030
589.41101074219	18.018323888152	102.75365815994
590.40997314453	18.419805926474	105.16667897888
591.40899658203	18.850857868826	107.68790123879
592.40802001953	19.314439938014	110.32535472464
593.40698242188	19.813959804585	113.08796886494
594.40600585938	20.353227816038	115.98542122049
595.40502929688	20.936596481366	119.02859036391
596.40399169922	21.569090231787	122.22935376221
597.40301513672	22.256413319830	125.60098892704
598.40197753906	23.005158848191	129.15821989329
599.40100097656	23.822878004462	132.91749012291
600.40002441406	24.718390203283	136.89722967998
601.39898681641	25.701954000811	141.11801951810
602.39801025391	26.785546172578	145.60315195779
603.39697265625	27.983228047164	150.37879567667
604.39599609375	29.311634199027	155.47466665976
605.39501953125	30.790464508311	160.92459515100
606.39398193359	32.443276102422	166.76701590005
607.39300537109	34.298365546054	173.04615073419
608.39202880859	36.389890087740	179.81271273163
609.39099121094	38.759554565074	187.12523945760
610.39001464844	41.458389271531	195.05162907872
611.38897705078	44.549659712670	203.67084735975
612.38800048828	48.112180857568	213.07520501794
613.38702392578	52.245281825758	223.37289015317
614.38598632813	57.075422258876	234.69123500724
615.38500976563	62.765137319263	247.18035914667
616.38397216797	69.526086812175	261.01768785982
617.38299560547	77.637370439504	276.41224449979
618.38201904297	87.472063543372	293.60945102707
619.38098144531	99.535976399773	312.89399557226
620.38000488281	114.52600264093	334.58744656638
621.37902832031	133.41713056444	359.03516320233
622.37799072266	157.59530232655	386.56509954207
623.37701416016	189.05868432025	417.38666159692
624.37597656250	230.71523287772	451.35802439887
625.37500000000	286.79283416948	487.46530593053
626.37402343750	363.28246528527	522.69252435351
627.37298583984	467.95602985063	549.69766516251
628.37200927734	608.32247014945	552.62050875912
629.37097167969	783.28573167805	502.25368610296
630.36999511719	963.73957785712	360.61194264718
631.36901855469	1077.6861487682	116.92665689342
632.36798095703	1055.2292498268	-163.21886310618
633.36700439453	912.47642953194	-377.95998821874
634.36602783203	729.56027404781	-488.09619147967
635.36499023438	565.29893646260	-518.99438790829
636.36401367188	437.28357924254	-507.43885760985
637.36297607422	342.52318191497	-477.88244978851
638.36199951172	273.11874728837	-442.87166672695
639.36102294922	221.90910129106	-408.04565679848
640.35998535156	183.56838334448	-375.64700938818
641.35900878906	154.37161464658	-346.36782496473
642.35797119141	131.75708008217	-320.23362262279
643.35699462891	113.95424766931	-297.00389507714
644.35601806641	99.728626028966	-276.35655408970
645.35498046875	88.205323040406	-257.96511309916
646.35400390625	78.754920440172	-241.52899306807
647.35302734375	70.917314632363	-226.78386738637
648.35198974609	64.351039564060	-213.50223710339
649.35101318359	58.799153218682	-201.48994936398
650.34997558594	54.065637851366	-190.58238888199
651.34899902344	49.999106445175	-180.63981106717
652.34802246094	46.481325706443	-171.54354807504
653.34698486328	43.418973907477	-163.19242524713
654.34600830078	40.737526092010	-155.50011218574
655.34497070313	38.377153527392	-148.39247415761
656.34399414063	36.289178111558	-141.80580696536
657.34301757813	34.433859952153	-135.68490538347
658.34197998047	32.778400677333	-129.98192864829
659.34100341797	31.295615223939	-124.65518116577
660.34002685547	29.962781620480	-119.66824557962
661.33898925781	28.760820229374	-114.98908111542
662.33801269531	27.673605892606	-110.58951685257
663.33697509766	26.687439518975	-106.44464380094
664.33599853516	25.790635515165	-102.53239247436
665.33502197266	24.973181297775	-98.833072916350
666.33398437500	24.226410059370	-95.329194131926
667.33300781250	23.542868910118	-92.005068358296
668.33197021484	22.916077774292	-88.846618550751
669.33099365234	22.340362785457	-85.841219349335
670.33001708984	21.810803299225	-82.977421183646
671.32897949219	21.323017898186	-80.244916207509
672.32800292969	20.873217695851	-77.634404598544
673.32702636719	20.458006491520	-75.137337764530
674.32598876953	20.074402114369	-72.746027481046
675.32501220703	19.719744024695	-70.453465075415
676.32397460938	19.391655569984	-68.253172022184
677.32299804688	19.088040408387	-66.139280570412
678.32202148438	18.807008605873	-64.106378011235
679.32098388672	18.546849791150	-62.149564561434
680.32000732422	18.306037487695	-60.264236072747
681.31896972656	18.083208788852	-58.446207577374
682.31799316406	17.877110745738	-56.691617053071
683.31701660156	17.686625902341	-54.996874997118
684.31597900391	17.510738855364	-53.358669496791
685.31500244141	17.348507792669	-51.773938714669
686.31402587891	17.199110406253	-50.239852940898
687.31298828125	17.061760450294	-48.753730502003
688.31201171875	16.935765374218	-47.313153426546
689.31097412109	16.820480568965	-45.915802038351
690.30999755859	16.715311901734	-44.559572071814
691.30902099609	16.619723017840	-43.242450176535
692.30798339844	16.533207826520	-41.962605831656
693.30700683594	16.455302710832	-40.718262270733
694.30603027344	16.385596388381	-39.507841370444
695.30499267578	16.323683474480	-38.329787100546
696.30401611328	16.269198114334	-37.182675851410
697.30297851563	16.221804104188	-36.065171945797
698.30200195313	16.181181425721	-34.976024826668
699.30102539063	16.147038825046	-33.914039626335
700.29998779297	16.119095159351	-32.878104162107
701.29901123047	16.097096987200	-31.867176249420
702.29797363281	16.080786488837	-30.880262165223
703.29699707031	16.069954089615	-29.916430679883
704.29602050781	16.064371690197	-28.974795273674
705.29498291016	16.063842868711	-28.054527354101
706.29400634766	16.068166959338	-27.154845766725
707.29302978516	16.077163995465	-26.274984786791
708.29199218750	16.090660716349	-25.414258705546
709.29101562500	16.108492687429	-24.571981016379
710.28997802734	16.130496979587	-23.747515839648
711.28900146484	16.156536055878	-22.940273529252
712.28802490234	16.186462510081	-22.149659683776
713.28698730469	16.220127498520	-21.375124013613
714.28601074219	16.257419119116	-20.616150857664
715.28497314453	16.298196054116	-19.872237510304
716.28399658203	16.342348118533	-19.142909141729
717.28302001953	16.389763262726	-18.427705662327
718.28198242188	16.440322917445	-17.726182682451
719.28100585938	16.493928461485	-17.037932832053
720.28002929688	16.550481336991	-16.362551164209
721.27899169922	16.609891839891	-15.699646045034
722.27801513672	16.672056826540	-15.048845536889
723.27697753906	16.736901435300	-14.409802466214
724.27600097656	16.804342162215	-13.782163858719
725.27502441406	16.874310684980	-13.165609633167
726.27398681641	16.946724027909	-12.559807846631
727.27301025391	17.021525159168	-11.964458561705
728.27197265625	17.098645453341	-11.379263936519
729.27099609375	17.178036214903	-10.803936355207
730.27001953125	17.259639382233	-10.238206430153
731.26898193359	17.343411509332	-9.6818032931732
732.26800537109	17.429309278236	-9.1344718581415
733.26702880859	17.517297169155	-8.5959739333050
734.26599121094	17.607344738587	-8.0660562677945
735.26501464844	17.699420166077	-7.5445043861139
736.26397705078	17.793508546169	-7.0311037498340
737.26300048828	17.889584528120	-6.5256277398998
738.26202392578	17.987639598564	-6.0278951051023
739.26098632813	18.087664254518	-5.5376949330842
740.26000976563	18.189655374177	-5.0548583186575
741.25897216797	18.293607481109	-4.5792041273298
742.25799560547	18.399531881941	-4.1105774370067
743.25701904297	18.507429273406	-3.6488141637705
744.25598144531	18.617315369023	-3.1937710985996
745.25500488281	18.729204839611	-2.7453273991051
746.25402832031	18.843109013757	-2.3033287663900
747.25299072266	18.959048353582	-1.8676757817220
748.25201416016	19.077044172707	-1.4382604919463
749.25097656250	19.197118723438	-1.0149824224757
750.25000000000	19.319289594577	-0.59775235976982
751.24902343750	19.443588700496	-0.18649912458224
752.24798583984	19.570032876973	0.21885799185980
753.24700927734	19.698643728895	0.61837284659065
754.24597167969	19.829445512385	1.0120933367051
755.24499511719	19.962458159585	1.4000568742794
756.24401855469	20.097692397519	1.7823045712501
757.24298095703	20.235168515830	2.1588533382596
758.24200439453	20.374894828941	2.5297245138112
759.24102783203	20.516876761452	2.8949147065516
760.23999023438	20.661115936151	3.2544317153850
761.23901367188	20.807608476024	3.6082582511849
762.23797607422	20.956346659393	3.9563847755935
763.23699951172	21.107306284784	4.2987822240862
764.23602294922	21.260477750023	4.6354349648733
765.23498535156	21.415820802775	4.9662978558825
766.23400878906	21.573296924665	5.2913397401042
767.23297119141	21.732864719312	5.6105184188649
768.23199462891	21.894467615375	5.9237893198890
769.23101806641	22.058043917148	6.2311079747377
770.22998046875	22.223515892565	6.5324268637796
771.22900390625	22.390808319370	6.8276961097451
772.22802734375	22.559820765959	7.1168650979509
773.22698974609	22.730462540031	7.3998898957261
774.22601318359	22.902619470824	7.6767282119595
775.22497558594	23.076178229042	7.9473373714164
776.22399902344	23.251001788277	8.2116877155945
777.22302246094	23.426964230418	8.4697378200537
778.22198486328	23.603916564355	8.7214681048397
779.22100830078	23.781708105450	8.9668581721001
780.21997070313	23.960185273856	9.2059059025872
781.21899414063	24.139175631195	9.4385953258338
782.21801757813	24.318517877023	9.6649467375423
783.21697998047	24.498033220850	9.8849744543556
784.21600341797	24.677546435160	10.098705807102
785.21502685547	24.856872129254	10.306180989870
786.21398925781	25.035838950969	10.507455398504
787.21301269531	25.214253908151	10.702589536149
788.21197509766	25.391947564816	10.891666196693
789.21099853516	25.568728268528	11.074759085499
790.21002197266	25.744432927580	11.251988122525
791.20898437500	25.918885530216	11.423454487629
792.20800781250	26.091922326514	11.589285785911
793.20697021484	26.263391927479	11.749620384338
794.20599365234	26.433137365640	11.904607770312
795.20501708984	26.601025979027	12.054398685672
796.20397949219	26.766933630695	12.199174230754
797.20300292969	26.930734197838	12.339092736883
798.20202636719	27.092333471134	12.474345211935
799.20098876953	27.251641113024	12.605121813456
800.20001220703	27.408574428131	12.731608025929
801.19897460938	27.563085617905	12.854015009168
802.19799804688	27.715120457812	12.972520957663
803.19702148438	27.864658591015	13.087345786053
804.19598388672	28.011679077076	13.198679741304
805.19500732422	28.156190412246	13.306714704151
806.19396972656	28.298200159418	13.411642272870
807.19299316406	28.437752792963	13.513651858258
808.19201660156	28.574897277512	13.612919858480
809.19097900391	28.709684123903	13.709621168294
810.19000244141	28.842197645050	13.803913127712
811.18902587891	28.972515064990	13.895932347595
812.18798828125	29.100747304089	13.985839629834
813.18701171875	29.226995546559	14.073735529492
814.18597412109	29.351373308861	14.159737220476
815.18499755859	29.474012619628	14.243942653937
816.18402099609	29.595037058695	14.326420025810
817.18298339844	29.714577287619	14.407232703622
818.18200683594	29.832780237139	14.486428867659
819.18103027344	29.949778017815	14.564024174877
820.17999267578	30.065702081875	14.640035980639
821.17901611328	30.180691497731	14.714455733560
822.17797851563	30.294873868993	14.787251813986
823.17700195313	30.408371426935	14.858386344351
824.17602539063	30.521301063239	14.927797931687
825.17498779297	30.633773384771	14.995414833686
826.17401123047	30.745882661454	15.061149802361
827.17297363281	30.857705967339	15.124892995916
828.17199707031	30.969333711189	15.186544099440
829.17102050781	31.080795604569	15.245959668198
830.16998291016	31.192163006045	15.303020904903
831.16900634766	31.303434659710	15.357571742471
832.16802978516	31.414625496930	15.409466464333
833.16699218750	31.525731552139	15.458547283536
834.16601562500	31.636703120782	15.504652492399
835.16497802734	31.747505372459	15.547623904308
836.16400146484	31.858055752534	15.587291139928
837.16302490234	31.968269439954	15.623509802629
838.16198730469	32.078027890177	15.656108159474
839.16101074219	32.187209557241	15.684955328475
840.15997314453	32.295656908334	15.709897216636
841.15899658203	32.403188712292	15.730800921380
842.15802001953	32.509630166455	15.747558237712
843.15698242188	32.614776302539	15.760061453164
844.15600585938	32.718394029468	15.768214773369
845.15502929688	32.820245914243	15.771948813077
846.15399169922	32.920095184823	15.771217401679
847.15301513672	33.017665903524	15.765977742909
848.15197753906	33.112687847408	15.756224598705
849.15100097656	33.204892067721	15.741979833413
850.15002441406	33.293975663978	15.723266310858
851.14898681641	33.379663878545	15.700155531605
852.14801025391	33.461660840821	15.672727879245
853.14697265625	33.539678047844	15.641101214808
854.14599609375	33.613433573990	15.605411030723
855.14501953125	33.682652611638	15.565825620824
856.14398193359	33.747056868440	15.522530351440
857.14300537109	33.806395258278	15.475742744197
858.14202880859	33.860417167899	15.425690284492
859.14099121094	33.908904168294	15.372644167945
860.14001464844	33.951649225532	15.316884181527
861.13897705078	33.988452598881	15.258701274266
862.13800048828	34.019156136395	15.198421460731
863.13702392578	34.043614720897	15.136365332779
864.13598632813	34.061707444097	15.072880555735
865.13500976563	34.073358068035	15.008327781283
866.13397216797	34.078491502990	14.943060274208
867.13299560547	34.077074730073	14.877447596933
868.13201904297	34.069101956273	14.811855458679
869.13098144531	34.054601730726	14.746656863255
870.13000488281	34.033612632376	14.682208793233
871.12902832031	34.006224742272	14.618882820912
872.12799072266	33.972538528076	14.557017476049
873.12701416016	33.932692699716	14.496967049325
874.12597656250	33.886827018039	14.439039729131
875.12500000000	33.835125939667	14.383556658292
876.12402343750	33.777797474091	14.330815553561
877.12298583984	33.715059558475	14.281088281762
878.12200927734	33.647141927411	14.234633105852
879.12097167969	33.574303732139	14.191674920674
880.11999511719	33.496803957779	14.152429333166
881.11901855469	33.414927793482	14.117087264335
882.11798095703	33.328956613606	14.085811772608
883.11700439453	33.239175949288	14.058736892433
884.11602783203	33.145883668839	14.035972227293
885.11499023438	33.049383212709	14.017621384411
886.11401367188	32.949963953612	14.003747680278
887.11297607422	32.847924884695	13.994386489376
888.11199951172	32.743543214777	13.989561725861
889.11102294922	32.637114905368	13.989281502494
890.10998535156	32.528906829746	13.993509932086
891.10900878906	32.419182801197	14.002214412139
892.10797119141	32.308199038891	14.015337882860
893.10699462891	32.196197418443	14.032800281303
894.10601806641	32.083407076139	14.054517064656
895.10498046875	31.970035209490	14.080379744288
896.10400390625	31.856277322195	14.110271801402
897.10302734375	31.742321924169	14.144074877631
898.10198974609	31.628333069927	14.181648508848
899.10101318359	31.514458848332	14.222850620831
900.09997558594	31.400832604244	14.267541151052
901.09899902344	31.287566301372	14.315565476316
902.09802246094	31.174757244221	14.366772964867
903.09698486328	31.062491752617	14.421010595003
904.09600830078	30.950833062458	14.478121594762
905.09497070313	30.839829819923	14.537961179401
906.09399414063	30.729526820182	14.600385249015
907.09301757813	30.619935062981	14.665250791611
908.09197998047	30.511079981539	14.732430400626
909.09100341797	30.402939341190	14.801784393359
910.09002685547	30.295506810641	14.873190903530
911.08898925781	30.188759190930	14.946555599859
912.08801269531	30.082666344328	15.021760913429
913.08697509766	29.977173834411	15.098719656294
914.08599853516	29.872248157890	15.177356218060
915.08502197266	29.767832419836	15.257602931060
916.08398437500	29.663866914942	15.339390928296
917.08300781250	29.560287138834	15.422673523251
918.08197021484	29.457044446163	15.507423806445
919.08099365234	29.354064717749	15.593613667298
920.08001708984	29.251285779983	15.681220330620
921.07897949219	29.148656352111	15.770251286381
922.07800292969	29.046115608075	15.860706372472
923.07702636719	28.943612301630	15.952602463685
924.07598876953	28.841097319945	16.045970389124
925.07501220703	28.738532414738	16.140838743754
926.07397460938	28.635883873003	16.237253335362
927.07299804688	28.533114936127	16.335245678875
928.07202148438	28.430215673516	16.434877433325
929.07098388672	28.327182981141	16.536213188891
930.07000732422	28.223996165013	16.639293044933
931.06896972656	28.120673518665	16.744191154852
932.06799316406	28.017234242828	16.850978337674
933.06701660156	27.913694966549	16.959695568708
934.06597900391	27.810095866037	17.070416067231
935.06500244141	27.706481918783	17.183207912290
936.06402587891	27.602901360736	17.298106453792
937.06298828125	27.499416748343	17.415175913177
938.06201171875	27.396096808834	17.534466320401
939.06097412109	27.293015820982	17.656017615214
940.05999755859	27.190250185274	17.779841561203
941.05902099609	27.087900386642	17.906005447609
942.05798339844	26.986040107267	18.034488970020
943.05700683594	26.884782947739	18.165329367788
944.05603027344	26.784215033959	18.298517683767
945.05499267578	26.684438156527	18.434036796446
946.05401611328	26.585562905690	18.571889520393
947.05297851563	26.487678822093	18.712029217023
948.05200195313	26.390894736221	18.854426246649
949.05102539063	26.295299975065	18.999020786973
950.04998779297	26.200998049130	19.145784146957
951.04901123047	26.108069810683	19.294619865811
952.04797363281	26.016612774138	19.445478445926
953.04699707031	25.926694198070	19.598258707773
954.04602050781	25.838393781904	19.752872455873
955.04498291016	25.751769309890	19.909223274449
956.04400634766	25.666884384052	20.067215325965
957.04302978516	25.583781559103	20.226725263863
958.04199218750	25.502494087969	20.387635614333
959.04101562500	25.423055071877	20.549844055440
960.03997802734	25.345469036520	20.713202043247
961.03900146484	25.269748039093	20.877600968528
962.03802490234	25.195880833838	21.042919856150
963.03698730469	25.123848264916	21.209021181236
964.03601074219	25.053619442340	21.375797098269
965.03497314453	24.985140980577	21.543096273678
966.03399658203	24.918365922065	21.710826829620
967.03302001953	24.853225662050	21.878876808064
968.03198242188	24.789632167120	22.047112594333
969.03100585938	24.727503093107	22.215455028424
970.03002929688	24.666732409269	22.383800160354
971.02899169922	24.607217104932	22.552083929405
972.02801513672	24.548824583762	22.720210722645
973.02697753906	24.491437836980	22.888135377525
974.02600097656	24.434918599067	23.055801766071
975.02502441406	24.379115212016	23.223163013806
976.02398681641	24.323892469219	23.390215463991
977.02301025391	24.269097283527	23.556937916678
978.02197265625	24.214577406685	23.723346526525
979.02099609375	24.160166718151	23.889438100900
980.02001953125	24.105726471509	24.055279812257
981.01898193359	24.051089584637	24.220898433368
982.01800537109	23.996117156095	24.386374872318
983.01702880859	23.940655466239	24.551784300226
984.01599121094	23.884573616086	24.717237702619
985.01501464844	23.827732258625	24.882834250609
986.01397705078	23.770016971968	25.048707074118
987.01300048828	23.711307178151	25.214993487420
988.01202392578	23.651501622643	25.381838798973
989.01098632813	23.590515264700	25.549410596274
990.01000976563	23.528272876331	25.717875948471
991.00897216797	23.464718903022	25.887439775559
992.00799560547	23.399801318346	26.058260735642
993.00701904297	23.333504024203	26.230561276580
994.00598144531	23.265806489039	26.404523610404
995.00500488281	23.196724267240	26.580360550107
996.00402832031	23.126269391097	26.758260027391
997.00299072266	23.054502344012	26.938452788134
998.00201416016	22.981473691249	27.121116680935
999.00097656250	22.907265917032	27.306464672369
1000.0000000000	22.831971507328	27.494679273165
