#Parameters = {w=5; s=24; i_y=104; i_x=104; eps_eff=6; a=2000; t=0.1}
#"Frequency / GHz"	"Z1,1 [Real/Imaginary Part] [Re]"	"Z1,1 [Real/Imaginary Part] [Im]"
#-------------------------------------------------------------------------------------
92.000000000000	0.039261938828810	-27.860154882102
92.508003234863	0.037218952153907	-27.555720031571
93.015998840332	0.035290362613792	-27.253494210672
93.524002075195	0.033489453368468	-26.953470401553
94.031997680664	0.031814932299793	-26.655587387477
94.540000915527	0.030270853504439	-26.359841478203
95.047996520996	0.028857308233108	-26.066181947912
95.555999755859	0.027582581418472	-25.774564850418
96.064002990723	0.026443311083698	-25.485001771170
96.571998596191	0.025443053886649	-25.197416999371
97.080001831055	0.024587604442776	-24.911824649293
97.587997436523	0.023875489974232	-24.628166130000
98.096000671387	0.023301774053714	-24.346428634055
98.603996276855	0.022880863392178	-24.066564231935
99.111999511719	0.022599207419785	-23.788576137425
99.620002746582	0.022466000006062	-23.512422437065
100.12799835205	0.022475966388936	-23.238076195537
100.63600158691	0.022633014221740	-22.965513397417
101.14399719238	0.022931701174517	-22.694721451156
101.65200042725	0.023380037152419	-22.425667663382
102.16000366211	0.023966338713084	-22.158332876412
102.66799926758	0.024696054192500	-21.892695879075
103.17600250244	0.025561273353391	-21.628731778128
103.68399810791	0.026564629914286	-21.366406945087
104.19200134277	0.027708193412621	-21.105720833130
104.69999694824	0.028987731884018	-20.846645922437
105.20800018311	0.030392984224935	-20.589154412915
105.71600341797	0.031929948307560	-20.333225569003
106.22399902344	0.033590276410693	-20.078846786303
106.73200225830	0.035374481815117	-19.825995055882
107.23999786377	0.037273215648910	-19.574641139744
107.74800109863	0.039297049133237	-19.324791149009
108.25599670410	0.041424273096700	-19.076398544112
108.76399993896	0.043666236995632	-18.829450144400
109.27200317383	0.046010786758308	-18.583937108474
109.77999877930	0.048462593938482	-18.339842961086
110.28800201416	0.051004267825954	-18.097130931188
110.79599761963	0.053643913631539	-17.855795399866
111.30400085449	0.056369726838767	-17.615818826059
111.81199645996	0.059185375727812	-17.377181694454
112.31999969482	0.062078201667350	-17.139867054396
112.82800292969	0.065045264299383	-16.903849386199
113.33599853516	0.068084193785002	-16.669108591608
113.84400177002	0.071194597518601	-16.435653382349
114.35199737549	0.074363052719859	-16.203427631435
114.86000061035	0.077590787538145	-15.972448392958
115.36799621582	0.080878555464701	-15.742683629651
115.87599945068	0.084207537954129	-15.514106750130
116.38400268555	0.087581883266500	-15.286713843271
116.89199829102	0.091003877816908	-15.060489975404
117.40000152588	0.094453993004793	-14.835400618854
117.90799713135	0.097938205127574	-14.611444481990
118.41600036621	0.10145027228307	-14.388601045682
118.92400360107	0.10498305115724	-14.166851927362
119.43199920654	0.10853492881582	-13.946182837672
119.94000244141	0.11210098396835	-13.726566797384
120.44799804688	0.11567184701695	-13.507997461159
120.95600128174	0.11925560224786	-13.290445722434
121.46399688721	0.12284028651593	-13.073917689032
121.97200012207	0.12641905419044	-12.858372450001
122.48000335693	0.12999569228659	-12.643815950465
122.98799896240	0.13356386254053	-12.430209954801
123.49600219727	0.13711645286822	-12.217544740148
124.00399780273	0.14065468916805	-12.005809129007
124.51200103760	0.14417418006832	-11.794982410887
125.01999664307	0.14767461167694	-11.585050085749
125.52799987793	0.15114680605119	-11.375998227326
126.03600311279	0.15459322204775	-11.167799927306
126.54399871826	0.15800488119499	-10.960437480454
127.05200195313	0.16138549501140	-10.753915105752
127.55999755859	0.16473340021169	-10.548203788655
128.06799316406	0.16804719124953	-10.343289000622
128.57600402832	0.17131415971603	-10.139151051076
129.08399963379	0.17455002712264	-9.9357752442868
129.59199523926	0.17773992464321	-9.7331512896846
130.10000610352	0.18088315722066	-9.5312551665518
130.60800170898	0.18398334353951	-9.3300725775137
131.11599731445	0.18704250330579	-9.1295888914100
131.62399291992	0.19005042656270	-8.9298001481726
132.13200378418	0.19300904403878	-8.7306743591170
132.63999938965	0.19592556729974	-8.5322048866231
133.14799499512	0.19879614674280	-8.3343699170170
133.65600585938	0.20161511816812	-8.1371670942057
134.16400146484	0.20438972731320	-7.9405653845204
134.67199707031	0.20711578035592	-7.7445627592025
135.17999267578	0.20979451240443	-7.5491406390872
135.68800354004	0.21243208044038	-7.3542846568255
136.19599914551	0.21502263980157	-7.1599826674424
136.70399475098	0.21756634294191	-6.9662127211906
137.21200561523	0.22007231134767	-6.7729652361981
137.72000122070	0.22253501989705	-6.5802377622469
138.22799682617	0.22495990014822	-6.3879927127540
138.73599243164	0.22734544542501	-6.1962355937699
139.24400329590	0.22969636628268	-6.0049546709568
139.75199890137	0.23201243944799	-5.8141187499625
140.25999450684	0.23429985994122	-5.6237344336465
140.76800537109	0.23655690719262	-5.4337822975541
141.27600097656	0.23878935641223	-5.2442502734707
141.78399658203	0.24099638263582	-5.0551199491268
142.29200744629	0.24318055669034	-4.8663858485339
142.80000305176	0.24534896999176	-4.6780352998536
143.30799865723	0.24750347060260	-4.4900581414329
143.81599426270	0.24964206301230	-4.3024394324695
144.32400512695	0.25177436895656	-4.1151579583054
144.83200073242	0.25390347416669	-3.9282312889772
145.33999633789	0.25602513279298	-3.7416287087336
145.84800720215	0.25815065202856	-3.5553347291967
146.35600280762	0.26028076994074	-3.3693536476826
146.86399841309	0.26242070471427	-3.1836694122925
147.37199401855	0.26457186215829	-2.9982702881463
147.88000488281	0.26673944655158	-2.8131503864397
148.38800048828	0.26892378702016	-2.6282928233608
148.89599609375	0.27113385669067	-2.4436983879374
149.40400695801	0.27337289435916	-2.2593499275512
149.91200256348	0.27564041847111	-2.0752536914799
150.41999816895	0.27794399393111	-1.8913749986755
150.92799377441	0.28028676364700	-1.7077325095016
151.43600463867	0.28267099532345	-1.5242973558710
151.94400024414	0.28510066419466	-1.3410821903246
152.45199584961	0.28758225364892	-1.1580582042683
152.96000671387	0.29011896351316	-0.97522658706225
153.46800231934	0.29271144691635	-0.79258211485776
153.97599792480	0.29536646808970	-0.61011987575927
154.48399353027	0.29808936857046	-0.42783520288692
154.99200439453	0.30087973686264	-0.24570509085825
155.50000000000	0.30374267427411	-0.063742662464051
156.00799560547	0.30668071500545	0.11807476023995
156.51600646973	0.30969927748968	0.29974601760358
157.02400207520	0.31280405526868	0.48126997498726
157.53199768066	0.31599316068362	0.66265725078851
158.03999328613	0.31927218375058	0.84391853332463
158.54800415039	0.32264387368379	1.0250585537955
159.05599975586	0.32611259960449	1.2060820196921
159.56399536133	0.32968014819725	1.3869876233892
160.07200622559	0.33335237181150	1.5677861818079
160.58000183105	0.33712754505357	1.7484877027163
161.08799743652	0.34101020728140	1.9290791342895
161.59599304199	0.34500503036313	2.1095894547880
162.10400390625	0.34911090743041	2.2900046870625
162.61199951172	0.35333198153444	2.4703412271117
163.11999511719	0.35767158817066	2.6505922230147
163.62800598145	0.36213157417148	2.8307679554348
164.13600158691	0.36671675241489	3.0108790463186
164.64399719238	0.37142201604420	3.1909175190843
165.15199279785	0.37625164993618	3.3708999113682
165.66000366211	0.38120850846070	3.5508188538559
166.16799926758	0.38629842207289	3.7306913549310
166.67599487305	0.39151358198087	3.9105020052531
167.18400573730	0.39686696306633	4.0902819405985
167.69200134277	0.40234757575337	4.2700091614011
168.19999694824	0.40796452299641	4.4497010516573
168.70799255371	0.41371629298232	4.6293558014910
169.21600341797	0.41960426821364	4.8089902482350
169.72399902344	0.42562839334500	4.9885960114785
170.23199462891	0.43178944512229	5.1681779494606
170.74000549316	0.43809033546855	5.3477459946703
171.24800109863	0.44452711240592	5.5272983581845
171.75599670410	0.45110396384810	5.7068399537803
172.26400756836	0.45781778506797	5.8863802951688
172.77200317383	0.46467128045012	6.0659242247561
173.27999877930	0.47166418511792	6.2454698400054
173.78799438477	0.47879641997330	6.4250154871943
174.29600524902	0.48606371095716	6.6045821864396
174.80400085449	0.49347333405173	6.7841648151944
175.31199645996	0.50101970069092	6.9637654515058
175.82000732422	0.50870138855837	7.1433943409169
176.32800292969	0.51652137385155	7.3230629502321
176.83599853516	0.52447985744488	7.5027648930113
177.34399414063	0.53257387208933	7.6824998721087
177.85200500488	0.54079622783866	7.8622864358168
178.36000061035	0.54915857591828	8.0421294672563
178.86799621582	0.55765343275478	8.2220276459130
179.37600708008	0.56627894942309	8.4019828323547
179.88400268555	0.57503887928445	8.5820144209217
180.39199829102	0.58393144776892	8.7621191908936
180.89999389648	0.59294724461484	8.9422925238772
181.40800476074	0.60209694187948	9.1225620053854
181.91600036621	0.61137315763923	9.3029218655081
182.42399597168	0.62077666169110	9.4833851369824
182.93200683594	0.63030331694662	9.6639467772001
183.44000244141	0.63996069987247	9.8446283327961
183.94799804688	0.64973981370677	10.025424274513
184.45599365234	0.65964085521553	10.206344502660
184.96400451660	0.66966552681227	10.387395216450
185.47200012207	0.67981182549587	10.568579216583
185.97999572754	0.69007380686167	10.749920123806
186.48800659180	0.70045892117261	10.931410781638
186.99600219727	0.71096724196047	11.113068771405
187.50399780273	0.72158989533871	11.294896081779
188.01199340820	0.73232932286804	11.476897049285
188.52000427246	0.74319035895835	11.659086096975
189.02799987793	0.75416247431228	11.841475695543
189.53599548340	0.76525418739355	12.024054117984
190.04400634766	0.77646331242198	12.206856837844
190.55200195313	0.78778808508493	12.389864102441
191.05999755859	0.79922688555306	12.573116447792
191.56799316406	0.81078510862350	12.756594816527
192.07600402832	0.82245717655654	12.940332452720
192.58399963379	0.83424690499107	13.124313790383
193.09199523926	0.84615726217162	13.308569514210
193.60000610352	0.85818160779162	13.493099761845
194.10800170898	0.87032346801237	13.677910213222
194.61599731445	0.88258696062177	13.863015556554
195.12399291992	0.89496722413125	14.048429225612
195.63200378418	0.90747392714075	14.234162776893
196.13999938965	0.92009858524485	14.420212951582
196.64799499512	0.93285289645675	14.606607368769
197.15600585938	0.94572455456907	14.793339308313
197.66400146484	0.95873092428297	14.980430488304
198.17199707031	0.97186193164761	15.167889451732
198.67999267578	0.98513131926931	15.355728157834
199.18800354004	0.99852521285103	15.543942423687
199.69599914551	1.0120624791986	15.732570313213
200.20399475098	1.0257334667516	15.921598265166
200.71200561523	1.0395516481624	16.111057307582
201.22000122070	1.0535092757717	16.300943293762
201.72799682617	1.0676224776573	16.491283587805
202.23599243164	1.0818814780684	16.682068296674
202.74400329590	1.0962932842685	16.873314266772
203.25199890137	1.1108703141078	17.065042795933
203.75999450684	1.1256023297857	17.257265086811
204.26800537109	1.1405054829063	17.449986233325
204.77600097656	1.1555783027254	17.643217655760
205.28399658203	1.1708288630281	17.836978406992
205.79200744629	1.1862621213641	18.031271989660
206.30000305176	1.2018769557495	18.226101397272
206.80799865723	1.2176831979766	18.421503648070
207.31599426270	1.2336888371328	18.617473745933
207.82400512695	1.2498903496611	18.814029186900
208.33200073242	1.2663029657676	19.011170917024
208.83999633789	1.2829230606758	19.208914216630
209.34800720215	1.2997656769506	19.407290994116
209.85600280762	1.3168364041645	19.606284699391
210.36399841309	1.3341324904051	19.805926360765
210.87199401855	1.3516738030976	20.006219355782
211.38000488281	1.3694539720375	20.207174932567
211.88800048828	1.3874860047059	20.408807529094
212.39599609375	1.4057817621595	20.611133351584
212.90400695801	1.4243439024978	20.814157519730
213.41200256348	1.4431728234088	21.017895638461
213.91999816895	1.4622871203615	21.222355548251
214.42799377441	1.4816874196597	21.427550771446
214.93600463867	1.5013874807751	21.633497695088
215.44400024414	1.5213936151194	21.840191951736
215.95199584961	1.5417130843527	22.047670252875
216.46000671387	1.5623524695177	22.255931341530
216.96800231934	1.5833249007264	22.464991581460
217.47599792480	1.6046350291646	22.674850013434
217.98399353027	1.6262920396904	22.885532779988
218.49200439453	1.6483061609670	23.097044975804
219.00000000000	1.6706815376836	23.309387439173
219.50799560547	1.6934376865857	23.522601540566
220.01600646973	1.7165827775108	23.736675456619
220.52400207520	1.7401099500740	23.951623448298
221.03199768066	1.7640514143505	24.167470035083
221.53999328613	1.7884035310110	24.384212414050
222.04800415039	1.8131777096741	24.601868477729
222.55599975586	1.8383808770045	24.820447637564
223.06399536133	1.8640368952845	25.039974040667
223.57200622559	1.8901391006194	25.260446327127
224.08000183105	1.9167096886838	25.481873504369
224.58799743652	1.9437519782555	25.704282500452
225.09599304199	1.9712759001768	25.927672830052
225.60400390625	1.9993069117243	26.152060686910
226.11199951172	2.0278372787437	26.377465054987
226.61999511719	2.0568815075013	26.603883626286
227.12800598145	2.0864651133075	26.831349657479
227.63600158691	2.1165817735989	27.059852035279
228.14399719238	2.1472471758302	27.289417019607
228.65199279785	2.1784763510453	27.520055692000
229.16000366211	2.2102836710720	27.751777742934
229.66799926758	2.2426764958636	27.984596915510
230.17599487305	2.2756682404491	28.218539706811
230.68400573730	2.3092617722801	28.453597271982
231.19200134277	2.3434859948839	28.689795935805
231.69999694824	2.3783392000229	28.927149718313
232.20799255371	2.4138386272031	29.165662159230
232.71600341797	2.4499933833810	29.405351294447
233.22399902344	2.4868253019620	29.646239289650
233.73199462891	2.5243347636080	29.888316396525
234.24000549316	2.5625464777223	30.131638428538
234.74800109863	2.6014579726062	30.376176519414
235.25599670410	2.6411005345456	30.621971305736
235.76400756836	2.6814791096707	30.869040059518
236.27200317383	2.7226030800715	31.117379971893
236.77999877930	2.7644923525073	31.367005759400
237.28799438477	2.8071563551821	31.617950019395
237.79600524902	2.8506121928432	31.870226388845
238.30400085449	2.8948727930457	32.123834570119
238.81199645996	2.9399522770748	32.378804918407
239.32000732422	2.9858679792699	32.635153880245
239.82800292969	3.0326285152056	32.892889885736
240.33599853516	3.0802581104335	33.152036028137
240.84399414063	3.1287675330243	33.412608449300
241.35200500488	3.1781664012032	33.674625477851
241.86000061035	3.2284821678647	33.938109242102
242.36799621582	3.2797246974733	34.203071198997
242.87600708008	3.3319138310620	34.469543565819
243.38400268555	3.3850584973800	34.737509996436
243.89199829102	3.4391855599612	35.007040310614
244.39999389648	3.4943079680021	35.278118653287
244.90800476074	3.5504428108118	35.550779413999
245.41600036621	3.6076085971300	35.825041018953
245.92399597168	3.6658296074216	36.100921416451
246.43200683594	3.7251202509150	36.378459416369
246.94000244141	3.7855000300011	36.657645019059
247.44799804688	3.8469886710359	36.938528123927
247.95599365234	3.9096069583592	37.221126419722
248.46400451660	3.9733792928253	37.505450579333
248.97200012207	4.0383249988282	37.791539832362
249.47999572754	4.1044655287405	38.079416122777
249.98800659180	4.1718189493026	38.369089911875
250.49600219727	4.2404150582233	38.660602785618
251.00399780273	4.3102824682797	38.953992271750
251.51199340820	4.3814339361358	39.249247113964
252.02000427246	4.4539057047612	39.546423170439
252.52799987793	4.5277157038671	39.845545950631
253.03599548340	4.6028957698124	40.146637725477
253.54400634766	4.6794681061887	40.449723744323
254.05200195313	4.7574610771485	40.754847456328
254.55999755859	4.8369166678504	41.062028233508
255.06799316406	4.9178437589117	41.371298081242
255.57600402832	5.0002949842327	41.682686435814
256.08401489258	5.0842824838636	41.996232326736
256.59201049805	5.1698506812904	42.311950069459
257.10000610352	5.2570355076608	42.629895231629
257.60800170898	5.3458605371177	42.950097808629
258.11599731445	5.4363730302546	43.272582297459
258.62399291992	5.5286039246186	43.597387722674
259.13198852539	5.6225941777933	43.924553464251
259.64001464844	5.7183744902076	44.254097217836
260.14801025391	5.8160018292692	44.586077699223
260.65600585938	5.9155022850339	44.920537744173
261.16400146484	6.0169318830798	45.257495047880
261.67199707031	6.1203252413126	45.596991689412
262.17999267578	6.2257307441931	45.939070165392
262.68798828125	6.3331966857484	46.283782455549
263.19601440430	6.4427815454566	46.631160484416
263.70401000977	6.5545199331472	46.981238426445
264.21200561523	6.6684703062895	47.334048001342
264.72000122070	6.7846945057466	47.689666842474
265.22799682617	6.9032342611192	48.048108413852
265.73599243164	7.0241656570226	48.409438855799
266.24398803711	7.1475328122010	48.773684002810
266.75201416016	7.2734003681572	49.140902093726
267.26000976563	7.4018346905979	49.511128724407
267.76800537109	7.5328993297132	49.884412438133
268.27600097656	7.6666667351945	50.260801434878
268.78399658203	7.8031993475820	50.640358592718
269.29199218750	7.9425762840571	51.023096795154
269.79998779297	8.0848711212966	51.409103205476
270.30801391602	8.2301590843536	51.798404978797
270.81600952148	8.3785211296090	52.191053717561
271.32400512695	8.5300371995733	52.587101867027
271.83200073242	8.6847936901694	52.986603149882
272.33999633789	8.8428784545988	53.389597374266
272.84799194336	9.0043862605459	53.796164307061
273.35598754883	9.1694100054163	54.206333011267
273.86401367188	9.3380395971980	54.620145697118
274.37200927734	9.5103791535232	55.037683826828
274.88000488281	9.6865311144000	55.458965380544
275.38800048828	9.8666132438557	55.884109633219
275.89599609375	10.050724911645	56.313095290505
276.40399169922	10.238980061722	56.745991959737
276.91198730469	10.431511803316	57.182924577864
277.42001342773	10.628409578603	57.623830895538
277.92800903320	10.829828710839	58.068861385439
278.43600463867	11.035887564950	58.518006223279
278.94400024414	11.246727128209	58.971366743406
279.45199584961	11.462477609085	59.428984333841
279.95999145508	11.683287590620	59.890906350452
280.46798706055	11.909306723278	60.357174889585
280.97601318359	12.140691674247	60.827890447386
281.48400878906	12.377588542062	61.303041141299
281.99200439453	12.620169824453	61.782725920204
282.50000000000	12.868598976412	62.266957604869
283.00799560547	13.123060868372	62.755839030236
283.51599121094	13.383722560119	63.249381179228
284.02398681641	13.650786829521	63.747651936260
284.53201293945	13.924425008277	64.250694012960
285.04000854492	14.204854475597	64.758544352533
285.54800415039	14.492290485931	65.271299032232
286.05599975586	14.786897235120	65.788906338838
286.56399536133	15.088940316186	66.311488568067
287.07199096680	15.398644846498	66.839080443614
287.57998657227	15.716234169734	67.371710635729
288.08801269531	16.041940980059	67.909376028343
288.59600830078	16.376016006001	68.452136040024
289.10400390625	16.718745869492	69.000074873522
289.61199951172	17.070361373232	69.553119066843
290.11999511719	17.431162855996	70.111380690642
290.62799072266	17.801443013062	70.674869978841
291.13598632813	18.181477923127	71.243571607961
291.64401245117	18.571570852947	71.817485764191
292.15200805664	18.972055171115	72.396718951562
292.66000366211	19.383251335501	72.981156599268
293.16799926758	19.805472273880	73.570830724949
293.67599487305	20.239079917095	74.165759167956
294.18399047852	20.684439308321	74.765919931568
294.69198608398	21.141922834313	75.371286770434
295.20001220703	21.611884850182	75.981817485614
295.70800781250	22.094755584666	76.597507806814
296.21600341797	22.590919604214	77.218269442894
296.72399902344	23.100822306792	77.844120826544
297.23199462891	23.624890115991	78.474982804045
297.73999023438	24.163533954157	79.110699208908
298.24798583984	24.717254107820	79.751255280945
298.75601196289	25.286512775290	80.396501416358
299.26400756836	25.871795629994	81.046382102361
299.77200317383	26.473617065312	81.700764364174
300.27999877930	27.092510124275	82.359491538219
300.78799438477	27.728994723750	83.022402466740
301.29598999023	28.383637823606	83.689339316888
301.80398559570	29.056995821671	84.360096125706
302.31201171875	29.749656244293	85.034490887278
302.82000732422	30.462231508635	85.712231094157
303.32800292969	31.195337943801	86.393113040110
303.83599853516	31.949615819091	87.076834816990
304.34399414063	32.725707063413	87.763073594558
304.85198974609	33.524304226919	88.451531487770
305.35998535156	34.346071693104	89.141798581211
305.86801147461	35.191721655427	89.833540451604
306.37600708008	36.061982795304	90.526280090825
306.88400268555	36.957591253298	91.219537038376
307.39199829102	37.879306437397	91.912886816660
307.89999389648	38.827893848204	92.605710785580
308.40798950195	39.804121726252	93.297419521914
308.91598510742	40.808811935649	93.987438592737
309.42401123047	41.842786285972	94.675058409114
309.93200683594	42.906827785406	95.359528065230
310.44000244141	44.001803305746	96.040078749919
310.94799804688	45.128549973392	96.715876415608
311.45599365234	46.287903249396	97.385985531930
311.96398925781	47.480749218110	98.049459174966
312.47198486328	48.707923583639	98.705258044314
312.98001098633	49.970309589433	99.352263140821
313.48800659180	51.268731208333	99.989313333376
313.99600219727	52.604061269357	100.61516143116
314.50399780273	53.977132630128	101.22838211482
315.01199340820	55.388768568300	101.82763368971
315.51998901367	56.839784240511	102.41133798595
316.02801513672	58.330964849009	102.97796185001
316.53601074219	59.863044360583	103.52567517848
317.04400634766	61.436752576564	104.05276805088
317.55200195313	63.052753774401	104.55724828955
318.05999755859	64.711686865147	105.03716338406
318.56799316406	66.414094567664	105.49032279636
319.07598876953	68.160478622413	105.91448750714
319.58401489258	69.951260553024	106.30733105914
320.09201049805	71.786746226105	106.66630251008
320.60000610352	73.667167691970	106.98888087207
321.10800170898	75.592653589354	107.27229661101
321.61599731445	77.563192986035	107.51372297182
322.12399291992	79.578620377761	107.71021667701
322.63198852539	81.638633517000	107.85871491427
323.14001464844	83.742750005625	107.95602579712
323.64801025391	85.890353545439	107.99887304486
324.15600585938	88.080528817612	107.98388290265
324.66400146484	90.312289435794	107.90764937116
325.17199707031	92.584245744836	107.76653570988
325.67999267578	94.894872530413	107.55695708152
326.18798828125	97.242340428471	107.27524428181
326.69601440430	99.624569932540	106.91776250155
327.20401000977	102.03911369573	106.48077784808
327.71200561523	104.48330083655	105.96052320021
328.22000122070	106.95403278959	105.35338150864
328.72799682617	109.44794030528	104.65574420617
329.23599243164	111.96123495557	103.86404409139
329.74398803711	114.48989852203	102.97498950624
330.25201416016	117.02938543939	101.98519763174
330.76000976563	119.57490533438	100.89168675299
331.26800537109	122.12121048308	99.691625418701
331.77600097656	124.66280068935	98.382527239819
332.28399658203	127.19371377413	96.962061356873
332.79199218750	129.70773198191	95.428456154830
333.29998779297	132.19827823087	93.780165665899
333.80801391602	134.65855892611	92.016243532638
334.31600952148	137.08144370364	90.136099339994
334.82400512695	139.45962834748	88.139757055561
335.33200073242	141.78562808668	86.027737271512
335.83999633789	144.05185673115	83.801196575005
336.34799194336	146.25066045960	81.461906386473
336.85598754883	148.37433369259	79.012280297672
337.36401367188	150.41527012858	76.455337116453
337.87200927734	152.36598291504	73.794791825508
338.38000488281	154.21918362422	71.035096028475
338.88800048828	155.96783560159	68.181234196568
339.39599609375	157.60522189909	65.238878864731
339.90399169922	159.12504987797	62.214325601043
340.41198730469	160.52151516582	59.114408980809
340.92001342773	161.78934597073	55.946537320364
341.42800903320	162.92382065556	52.718546574578
341.93600463867	163.92091184683	49.438703189886
342.44400024414	164.77727040220	46.115628680419
342.95199584961	165.49021736843	42.758186882493
343.45999145508	166.05789380327	39.375483459810
343.96798706055	166.47926439840	35.976742138327
344.47601318359	166.75386944033	32.571163391553
344.98400878906	166.88220613706	29.167962070263
345.49200439453	166.86546572220	25.776219184283
346.00000000000	166.70551643382	22.404786188670
346.50799560547	166.40500053111	19.062283601329
347.01599121094	165.96727489373	15.756983888877
347.52398681641	165.39613654695	12.496745170023
348.03201293945	164.69610514844	9.2889925843114
348.54000854492	163.87214130747	6.1406506570565
349.04800415039	162.92961452985	3.0581114465409
349.55599975586	161.87432134291	0.047211931375451
350.06399536133	160.71236548977	-2.8867929943736
350.57199096680	159.45011953724	-5.7392415386038
351.07998657227	158.09408268059	-8.5060652318560
351.58801269531	156.65087409690	-11.183785337601
352.09600830078	155.12729999160	-13.769519942446
352.60400390625	153.52999510296	-16.260929690705
353.11199951172	151.86574748361	-18.656254606025
353.61999511719	150.14110530099	-20.954231564346
354.12799072266	148.36255804596	-23.154100547709
354.63598632813	146.53642617303	-25.255561180949
355.14401245117	144.66885968397	-27.258762370472
355.65200805664	142.76570756295	-29.164208093646
356.16000366211	140.83264462376	-30.972796683330
356.66799926758	138.87506967258	-32.685739316896
357.17599487305	136.89811406011	-34.304534448759
357.68399047852	134.90662725416	-35.830946437251
358.19198608398	132.90511892986	-37.266932675398
358.70001220703	130.89789009216	-38.614677251602
359.20800781250	128.88888807341	-39.876498610724
359.71600341797	126.88181356251	-41.054867936246
360.22399902344	124.88004858904	-42.152333838416
360.73199462891	122.88674387225	-43.171558798406
361.23999023438	120.90474737670	-44.115237915585
361.74798583984	118.93664654695	-44.986104313128
362.25601196289	116.98481563307	-45.786937177454
362.76400756836	115.05138653621	-46.520502724508
363.27200317383	113.13824155667	-47.189557892776
363.77999877930	111.24708662161	-47.796838464673
364.28799438477	109.37940066760	-48.345034827010
364.79598999023	107.53649612669	-48.836802492878
365.30398559570	105.71948028051	-49.274754034639
365.81201171875	103.92935915595	-49.661432240365
366.32000732422	102.16693322041	-49.999317250581
366.82800292969	100.43287916522	-50.290807075951
367.33599853516	98.727749307483	-50.538254098780
367.84399414063	97.051994785832	-50.743929946098
368.35198974609	95.405906760604	-50.909984524175
368.85998535156	93.789758611639	-51.038566937868
369.36801147461	92.203639620432	-51.131667278459
369.87600708008	90.647647951765	-51.191278272183
370.38400268555	89.121741698420	-51.219228708222
370.89199829102	87.625843428588	-51.217333757646
371.39999389648	86.159797390007	-51.187289108717
371.90798950195	84.723430026930	-51.130758130391
372.41598510742	83.316489258007	-51.049294377263
372.92401123047	81.938679593093	-50.944397315555
373.43200683594	80.589704884128	-50.817479953297
373.94000244141	79.269176258115	-50.669915538098
374.44799804688	77.976739512900	-50.502991922485
374.95599365234	76.711980236579	-50.317927522394
375.46398925781	75.474461919513	-50.115888008738
375.97198486328	74.263763536485	-49.897998473447
376.48001098633	73.079396545058	-49.665279393826
376.98800659180	71.920916707522	-49.418752828845
377.49600219727	70.787830368982	-49.159359428248
378.00399780273	69.679667673176	-48.887979591408
378.51199340820	68.595920080739	-48.605472049280
379.01998901367	67.536105850372	-48.312639130454
379.52801513672	66.499725850962	-48.010233588198
380.03601074219	65.486279601848	-47.698974170875
380.54400634766	64.495279600429	-47.379540543317
381.05200195313	63.526219738833	-47.052556163669
381.55999755859	62.578635985277	-46.718649567804
382.06799316406	61.652022570508	-46.378377437111
382.57598876953	60.745903166372	-46.032271790182
383.08401489258	59.859813184758	-45.680866456695
383.59201049805	58.993266394922	-45.324603556489
384.10000610352	58.145813701048	-44.963954216993
384.60800170898	57.316991695861	-44.599331639312
385.11599731445	56.506373593830	-44.231149692735
385.62399291992	55.713503997550	-43.859780795860
386.13198852539	54.937939904470	-43.485558669118
386.64001464844	54.179276028539	-43.108843735437
387.14801025391	53.437087451277	-42.729923103929
387.65600585938	52.710969490599	-42.349105320926
388.16400146484	52.000526689584	-41.966662139210
388.67199707031	51.305365241113	-41.582848609013
389.17999267578	50.625106025481	-41.197911468868
389.68798828125	49.959378010477	-40.812078496720
390.19601440430	49.307818179793	-40.425554813004
390.70401000977	48.670069432613	-40.038550612467
391.21200561523	48.045796886351	-39.651249820067
391.72000122070	47.434621041544	-39.263812270693
392.22799682617	46.836244657821	-38.876413349923
392.73599243164	46.250326876701	-38.489192880101
393.24398803711	45.676592350459	-38.102319411970
393.75201416016	45.114669116272	-37.715880899729
394.26000976563	44.564324899275	-37.330048135188
394.76800537109	44.025218270124	-36.944901032456
395.27600097656	43.497121020257	-36.560574607956
395.78399658203	42.979683986809	-36.177128908505
396.29199218750	42.472694712214	-35.794685268730
396.79998779297	41.975880447647	-35.413322702493
397.30801391602	41.488960890485	-35.033106752732
397.81600952148	41.011710967695	-34.654119538458
398.32400512695	40.543882218482	-34.276420576251
398.83200073242	40.085244677795	-33.900073271915
399.33999633789	39.635557272920	-33.525133828458
399.84799194336	39.194594300787	-33.151642132121
400.35598754883	38.762171233456	-32.779666467520
400.86401367188	38.338041682115	-32.409228950775
401.37200927734	37.922010546099	-32.040368254601
401.88000488281	37.513873978232	-31.673113188658
402.38800048828	37.113454355127	-31.307512052661
402.89599609375	36.720546939600	-30.943578398704
403.40399169922	36.334988205110	-30.581351495463
403.91198730469	35.956566693623	-30.220817475338
404.42001342773	35.585125086995	-29.862015202019
404.92800903320	35.220503386936	-29.504970401963
405.43600463867	34.862530093676	-29.149680533011
405.94400024414	34.511042823800	-28.796159482785
406.45199584961	34.165880879975	-28.444404350800
406.95999145508	33.826903623809	-28.094433891085
407.46798706055	33.493957548483	-27.746245480112
407.97601318359	33.166902952492	-27.399844695533
408.48400878906	32.845594859278	-27.055231034310
408.99200439453	32.529916627953	-26.712411572117
409.50000000000	32.219714568625	-26.371364923247
410.00799560547	31.914869090394	-26.032093203501
410.51599121094	31.615259679636	-25.694604333342
411.02398681641	31.320754705478	-25.358865264546
411.53201293945	31.031251795822	-25.024894443741
412.04000854492	30.746629850098	-24.692672584438
412.54800415039	30.466773004386	-24.362183776168
413.05599975586	30.191571960512	-24.033411254406
413.56399536133	29.920938469827	-23.706371671321
414.07199096680	29.654753822927	-23.381026360324
414.57998657227	29.392925688705	-23.057371441533
415.08801269531	29.135357655398	-22.735392903117
415.59600830078	28.881960929227	-22.415086288422
416.10400390625	28.632631785176	-22.096416812913
416.61199951172	28.387284384142	-21.779373240743
417.11999511719	28.145844978168	-21.463949447566
417.62799072266	27.908216869985	-21.150116832821
418.13598632813	27.674319534443	-20.837868447735
418.64401245117	27.444083517990	-20.527186239729
419.15200805664	27.217429761456	-20.218049605194
419.66000366211	26.994273013934	-19.910441879349
420.16799926758	26.774558250152	-19.604348840348
420.67599487305	26.558197631271	-19.299747603105
421.18399047852	26.345132935925	-18.996623907179
421.69198608398	26.135293269332	-18.694955502283
422.20001220703	25.928617109401	-18.394724114463
422.70800781250	25.725031920148	-18.095912957814
423.21600341797	25.524493898222	-17.798506655947
423.72399902344	25.326924789198	-17.502477659248
424.23199462891	25.132283549393	-17.207818104284
424.73999023438	24.940494884073	-16.914496585432
425.24798583984	24.751525387464	-16.622516709760
425.75601196289	24.565308358648	-16.331832452785
426.26400756836	24.381792612529	-16.042446998022
426.77200317383	24.200931355181	-15.754328392518
427.27999877930	24.022679605830	-15.467473207246
427.78799438477	23.846974843061	-15.181845354920
428.29598999023	23.673791266840	-14.897442815868
428.80398559570	23.503068697819	-14.614235259707
429.31201171875	23.334761303154	-14.332205539179
429.82000732422	23.168843729510	-14.051351340002
430.32800292969	23.005257811813	-13.771639480694
430.83599853516	22.843967345246	-13.493061340000
431.34399414063	22.684936294992	-13.215592825912
431.85198974609	22.528130084691	-12.939227392815
432.35998535156	22.373499838641	-12.663944861372
432.86801147461	22.221020933152	-12.389718311180
433.37600708008	22.070645169157	-12.116546942250
433.88400268555	21.922350301424	-11.844408094909
434.39199829102	21.776094597087	-11.573279762009
434.89999389648	21.631854677270	-11.303158261542
435.40798950195	21.489588024237	-11.034015855018
435.91598510742	21.349267635908	-10.765851797912
436.42401123047	21.210864407316	-10.498638951756
436.93200683594	21.074345482755	-10.232376347989
437.44000244141	20.939686827019	-9.9670260099018
437.94799804688	20.806852210997	-9.7026005640224
438.45599365234	20.675823170562	-9.4390711668119
438.96398925781	20.546565639745	-9.1764282046895
439.47198486328	20.419059915834	-8.9146531917696
439.98001098633	20.293274468910	-8.6537467918343
440.48800659180	20.169185805340	-8.3936759850105
440.99600219727	20.046768900244	-8.1344418960038
441.50399780273	19.925999312217	-7.8760286302358
442.01199340820	19.806853250757	-7.6184211014064
442.51998901367	19.689307180768	-7.3616139071077
443.02801513672	19.573339019855	-7.1055852791154
443.53601074219	19.458930987485	-6.8503321246629
444.04400634766	19.346051796038	-6.5958424379231
444.55200195313	19.234684440503	-6.3420959843276
445.05999755859	19.124809179682	-6.0890909490098
445.56799316406	19.016402457971	-5.8368114893594
446.07598876953	18.909447910686	-5.5852466189348
446.58401489258	18.803921220430	-5.3343950620474
447.09201049805	18.699805646454	-5.0842315126562
447.60000610352	18.597079943155	-4.8347550709575
448.10800170898	18.495723038397	-4.5859505180255
448.61599731445	18.395718215578	-4.3378071719764
449.12399291992	18.297049504145	-4.0903259613764
449.63198852539	18.199691129540	-3.8434798552828
450.14001464844	18.103632334976	-3.5972752498764
450.64801025391	18.008852275484	-3.3516910714987
451.15600585938	17.915334586070	-3.1067231890083
451.66400146484	17.823059719539	-2.8623666045272
452.17199707031	17.732010219755	-2.6186009022740
452.67999267578	17.642172071473	-2.3754213554036
453.18798828125	17.553524210100	-2.1328181125878
453.69601440430	17.466052844630	-1.8907863566201
454.20401000977	17.379741136478	-1.6493166771581
454.71200561523	17.294570495573	-1.4083936314049
455.22000122070	17.210529042865	-1.1680181006534
455.72799682617	17.127595650727	-0.92816961333513
456.23599243164	17.045757423084	-0.68883824702384
456.74398803711	16.964999247745	-0.45002486186263
457.25201416016	16.885301671254	-0.21171935855939
457.76000976563	16.806656527943	0.026088092573423
458.26800537109	16.729038935999	0.26340748940071
458.77600097656	16.652441743466	0.50025945788424
459.28399658203	16.576844169453	0.73663284066665
459.79199218750	16.502237586666	0.97254837515483
460.29998779297	16.428599474449	1.2080161157616
460.80801391602	16.355916243440	1.4430357752046
461.31600952148	16.284176679173	1.6776281084571
461.82400512695	16.213373268505	1.9117983776419
462.33200073242	16.143475249531	2.1455565939064
462.83999633789	16.074478920780	2.3789079296220
463.34799194336	16.006370240203	2.6118634718085
463.85598754883	15.939127406284	2.8444387201400
464.36401367188	15.872748135229	3.0766389052621
464.87200927734	15.807209877107	3.3084692251151
465.38000488281	15.742504419216	3.5399521252110
465.88800048828	15.678613824914	3.7710821248301
466.39599609375	15.615527459639	4.0018860308718
466.90399169922	15.553223209247	4.2323584111353
467.41198730469	15.491704465720	4.4625220583857
467.92001342773	15.430946764697	4.6923771016789
468.42800903320	15.370941051762	4.9219460865962
468.93600463867	15.311672343299	5.1512235197084
469.44400024414	15.253127723558	5.3802430451988
469.95199584961	15.195298768729	5.6089953621887
470.45999145508	15.138169830370	5.8375017136768
470.96798706055	15.081726902405	6.0657744899534
471.47601318359	15.025962478637	6.2938204984544
471.98400878906	14.970863091572	6.5216522749728
472.49200439453	14.916417109581	6.7492869185291
473.00000000000	14.862617791837	6.9767312603423
473.50799560547	14.809440639710	7.2039918496634
474.01599121094	14.756891116705	7.4311042470692
474.52398681641	14.704947628514	7.6580522430370
475.03201293945	14.653601407760	7.8848663799094
475.54000854492	14.602841811071	8.1115524433156
476.04800415039	14.552661261858	8.3381356424965
476.55599975586	14.503046578909	8.5646127478900
477.06399536133	14.453994736794	8.7910025515428
477.57199096680	14.405488499211	9.0173276277689
478.07998657227	14.357521044737	9.2435921930649
478.58801269531	14.310083224919	9.4698094116171
479.09600830078	14.263164176230	9.6959982790726
479.60400390625	14.216756927027	9.9221735135741
480.11199951172	14.170857951642	10.148347501717
480.61999511719	14.125455118259	10.374535011479
481.12799072266	14.080538197712	10.600745196009
481.63598632813	14.036098115757	10.827007298452
482.14401245117	13.992133623860	11.053319939166
482.65200805664	13.948640967856	11.279712141036
483.16000366211	13.905600381170	11.506182945100
483.66799926758	13.863015099846	11.732763692377
484.17599487305	13.820875107630	11.959463408333
484.68399047852	13.779171544898	12.186295376322
485.19198608398	13.737905869542	12.413280950301
485.70001220703	13.697069294037	12.640426591744
486.20800781250	13.656660006272	12.867755095374
486.71600341797	13.616663957977	13.095285520506
487.22399902344	13.577087676044	13.323033362095
487.73199462891	13.537920629367	13.550997160297
488.23999023438	13.499158265327	13.779217870809
488.74798583984	13.460800854019	14.007694653386
489.25601196289	13.422840785158	14.236456278538
489.76400756836	13.385275289371	14.465503220214
490.27200317383	13.348101103474	14.694860814217
490.77999877930	13.311323155180	14.924557292155
491.28799438477	13.274925938267	15.154588361874
491.79598999023	13.238921181594	15.384980272836
492.30398559570	13.203298642964	15.615744098573
492.81201171875	13.168056288955	15.846905151414
493.32000732422	13.133198985167	16.078478390723
493.82800292969	13.098718365885	16.310471743818
494.33599853516	13.064626218518	16.542914476462
494.84399414063	13.030904311076	16.775809192910
495.35198974609	12.997559801253	17.009175658101
495.85998535156	12.964604197923	17.243044056015
496.36801147461	12.932016447142	17.477412416733
496.87600708008	12.899815408458	17.712311394005
497.38400268555	12.867996201998	17.947747402824
497.89199829102	12.836555552341	18.183736781513
498.39999389648	12.805491279024	18.420296693672
498.90798950195	12.774816194241	18.657454251742
499.41598510742	12.744529334136	18.895211359747
499.92401123047	12.714626217114	19.133587468669
500.43200683594	12.685107652895	19.372601154071
500.94000244141	12.655989395518	19.612272269887
501.44799804688	12.627256511087	19.852609183881
501.95599365234	12.598916740258	20.093632946364
502.46398925781	12.570976091637	20.335354308791
502.97198486328	12.543443254822	20.577794231974
503.48001098633	12.516301300504	20.820963109498
503.98800659180	12.489572549202	21.064879635344
504.49600219727	12.463251241503	21.309559670999
505.00399780273	12.437342300149	21.555022529897
505.51199340820	12.411848440575	21.801276176254
506.01998901367	12.386768041382	22.048336804268
506.52801513672	12.362113937726	22.296234283140
507.03601074219	12.337883513544	22.544964374829
507.54400634766	12.314086311390	22.794548010824
508.05200195313	12.290712142913	23.045003583436
508.55999755859	12.267776859866	23.296347681183
509.06799316406	12.245277735017	23.548595084080
509.57598876953	12.223216554595	23.801753978229
510.08401489258	12.201605703886	24.055849235700
510.59201049805	12.180440041740	24.310890239013
511.10000610352	12.159736769947	24.566896096129
511.60800170898	12.139478253873	24.823879133522
512.11602783203	12.119681148167	25.081854585543
512.62402343750	12.100339764030	25.340838702666
513.13201904297	12.081468530922	25.600841143216
513.64001464844	12.063069012978	25.861896933393
514.14801025391	12.045136280843	26.124000477077
514.65600585938	12.027677173622	26.387176960887
515.16400146484	12.010700673123	26.651446445501
515.67199707031	11.994190925356	26.916802733672
516.17999267578	11.978176000370	27.183294117156
516.68798828125	11.962640948760	27.450911102611
517.19598388672	11.947598086175	27.719693842491
517.70397949219	11.933040271408	27.989632441896
518.21197509766	11.918978721472	28.260762053250
518.71997070313	11.905403857227	28.533094445110
519.22802734375	11.892331395839	28.806649387122
519.73602294922	11.879754154197	29.081432394928
520.24401855469	11.867675837825	29.357474783675
520.75201416016	11.856096571506	29.634795090100
521.26000976563	11.845017703847	29.913404254473
521.76800537109	11.834444121890	30.193321873458
522.27600097656	11.824377776090	30.474577667034
522.78399658203	11.814805159790	30.757167254130
523.29199218750	11.805746759624	31.041144688531
523.79998779297	11.797193564829	31.326501577356
524.30798339844	11.789143991266	31.613272374850
524.81597900391	11.781595396261	31.901460845286
525.32397460938	11.774557374272	32.191117438432
525.83197021484	11.768022321460	32.482248797420
526.34002685547	11.762001207207	32.774882746370
526.84802246094	11.756475276805	33.069034469968
527.35601806641	11.751454505165	33.364719458261
527.86401367188	11.746939524109	33.661992633430
528.37200927734	11.742915711670	33.960848081266
528.88000488281	11.739402415228	34.261332304461
529.38800048828	11.736388832897	34.563466933726
529.89599609375	11.733868474126	34.867274631878
530.40399169922	11.731846785496	35.172786155855
530.91198730469	11.730322674433	35.480033353366
531.41998291016	11.729289093303	35.789038020949
531.92797851563	11.728745594089	36.099839521946
532.43597412109	11.728691413313	36.412464851649
532.94396972656	11.729122982456	36.726942218868
533.45202636719	11.730042007231	37.043322861447
533.96002197266	11.731441587643	37.361609833949
534.46801757813	11.733326187214	37.681867237149
534.97601318359	11.735688920736	38.004125464915
535.48400878906	11.738532185065	38.328412453334
535.99200439453	11.741843844808	38.654762182696
536.50000000000	11.745632947430	38.983231307466
537.00799560547	11.749889095192	39.313844437347
537.51599121094	11.754618881802	39.646662782221
538.02398681641	11.759813866023	39.981708600687
538.53198242188	11.765473807579	40.319038070837
539.03997802734	11.771599195933	40.658694649798
539.54797363281	11.778187825936	41.000724681744
540.05603027344	11.785238004583	41.345176878607
540.56402587891	11.792743417145	41.692098658781
541.07202148438	11.800714990503	42.041546088098
541.58001708984	11.809143559566	42.393562027023
542.08801269531	11.818033329287	42.748206454222
542.59600830078	11.827384865301	43.105531611632
543.10400390625	11.837185801950	43.465605442990
543.61199951172	11.847455615329	43.828465999584
544.11999511719	11.858188230739	44.194203216194
544.62799072266	11.869380062009	44.562854613310
545.13598632813	11.881040760044	44.934486547418
545.64398193359	11.893156893115	45.309152837452
546.15197753906	11.905750918327	45.686953484017
546.65997314453	11.918822087626	46.067929236912
547.16802978516	11.932365548384	46.452169613161
547.67602539063	11.946397183745	46.839737530369
548.18402099609	11.960905540337	47.230692732679
548.69201660156	11.975918918027	47.625132838476
549.20001220703	11.991424103562	48.023145865924
549.70800781250	12.007431380653	48.424767587524
550.21600341797	12.023959684855	48.830128764176
550.72399902344	12.041005218394	49.239272856677
551.23199462891	12.058589306768	49.652335308477
551.73999023438	12.076711675211	50.069362599304
552.24798583984	12.095382767439	50.490449374208
552.75598144531	12.114621046506	50.915714957815
553.26397705078	12.134438914950	51.345234321143
553.77197265625	12.154842177499	51.779110522280
554.28002929688	12.175855515072	52.217446066815
554.78802490234	12.197488068188	52.660348918900
555.29602050781	12.219756414947	53.107903059740
555.80401611328	12.242691172509	53.560256506696
556.31201171875	12.266291295690	54.017489663365
556.82000732422	12.290587255693	54.479731852329
557.32800292969	12.315596385482	54.947078820576
557.83599853516	12.341349531473	55.419666642659
558.34399414063	12.367856754672	55.897638614786
558.85198974609	12.395163726583	56.381083776184
559.35998535156	12.423282210498	56.870164637006
559.86798095703	12.452235275434	57.364993037284
560.37597656250	12.482062162869	57.865712312774
560.88397216797	12.512793796581	58.372467587463
561.39202880859	12.544455443098	58.885380495931
561.90002441406	12.577089882404	59.404633909678
562.40802001953	12.610729466065	59.930385740254
562.91601562500	12.645404290726	60.462719606027
563.42401123047	12.681161128299	61.001883741608
563.93200683594	12.718037311934	61.547965866125
564.44000244141	12.756075080197	62.101174370393
564.94799804688	12.795325897972	62.661691665256
565.45599365234	12.835823851520	63.229677822094
565.96398925781	12.877637324625	63.805357885534
566.47198486328	12.920795151319	64.388839940576
566.97998046875	12.965359157756	64.980390332617
567.48797607422	13.011390892390	65.580164327279
567.99597167969	13.058933351303	66.188374925982
568.50402832031	13.108055500111	66.805253501272
569.01202392578	13.158821046652	67.430997398133
569.52001953125	13.211294072430	68.065851807776
570.02801513672	13.265531379907	68.709994318293
570.53601074219	13.321628989163	69.363747145771
571.04400634766	13.379638950573	70.027311623469
571.55200195313	13.439646684643	70.700924120898
572.05999755859	13.501726861485	71.384867711472
572.56799316406	13.565961027610	72.079360142953
573.07598876953	13.632438469799	72.784737922369
573.58398437500	13.701249158642	73.501283668184
574.09197998047	13.772496758664	74.229270286317
574.59997558594	13.846270355675	74.969037734910
575.10797119141	13.922665088375	75.720854843864
575.61602783203	14.001812602422	76.485069966084
576.12402343750	14.083782064565	77.262022430565
576.63201904297	14.168724442276	78.052046055532
577.14001464844	14.256762607508	78.855577140038
577.64801025391	14.347997746410	79.672864873285
578.15600585938	14.442584008145	80.504410487800
578.66400146484	14.540636336261	81.350531142920
579.17199707031	14.642319940847	82.211720252257
579.67999267578	14.747762185771	83.088319924363
580.18798828125	14.857152374100	83.980913791886
580.69598388672	14.970639603586	84.889869230750
581.20397949219	15.088385007895	85.815671989441
581.71197509766	15.210576632227	86.758819702890
582.21997070313	15.337422665571	87.719928291144
582.72802734375	15.469094958719	88.699497218104
583.23602294922	15.605803478642	89.697989573716
583.74401855469	15.747784357177	90.716123136104
584.25201416016	15.895250702100	91.754488326515
584.76000976563	16.048457785146	92.813715673039
585.26800537109	16.207638551960	93.894480805957
585.77600097656	16.373075941105	94.997486509497
586.28399658203	16.545040418864	96.123458055797
586.79199218750	16.723848827490	97.273125970868
587.29998779297	16.909799217894	98.447312409041
587.80798339844	17.103215949459	99.646882663939
588.31597900391	17.304446115012	100.87267005660
588.82397460938	17.513879992472	102.12559466839
589.33197021484	17.731883701470	103.40660134951
589.84002685547	17.958882841810	104.71671691565
590.34802246094	18.195303657558	106.05696706474
590.85601806641	18.441603312785	107.42847180598
591.36401367188	18.698303999863	108.83235986080
591.87200927734	18.965898575311	110.26988701735
592.38000488281	19.244972023060	111.74227834556
592.88800048828	19.536067507384	113.25092136454
593.39599609375	19.839871491244	114.79718784467
593.90399169922	20.157012383383	116.38259069935
594.41198730469	20.488250055330	118.00865716030
594.91998291016	20.834294252463	119.67712367169
595.42797851563	21.196015912026	121.38967198325
595.93597412109	21.574264485744	123.14813838664
596.44396972656	21.969993168911	124.95444355276
596.95202636719	22.384212208249	126.81069756230
597.46002197266	22.817990414200	128.71906535446
597.96801757813	23.272519641254	130.68180102614
598.47601318359	23.749027733523	132.70141698524
598.98400878906	24.248897245953	134.78043538042
599.49200439453	24.773568038890	136.92164978138
600.00000000000	25.324637088525	139.12791451219
