#Parameters = {a=1500; t=0.1}
#"Frequency / GHz"	"Z1,1 [Real/Imaginary Part] [Re]"	"Z1,1 [Real/Imaginary Part] [Im]"
#-------------------------------------------------------------------------------------
1.0000000000000	221.79907191079	-1590.1201393993
1.9989999532700	54.993803779668	-806.05533781130
2.9979999065399	23.550046468248	-537.67937209661
3.9969999790192	12.523309446443	-402.36641371380
4.9959998130798	7.4367174322956	-320.70387712880
5.9949998855591	4.6975235218830	-265.95745798962
6.9939999580383	3.0713808068119	-226.62013386814
7.9930000305176	2.0416208101139	-196.92526890552
8.9919996261597	1.3608493516220	-173.66473690282
9.9910001754761	0.89823122072106	-154.91200462787
10.989999771118	0.57929537430391	-139.44020275894
11.989000320435	0.35891887191523	-126.43097940477
12.987999916077	0.20832836979603	-115.31752285033
13.987000465393	0.10850293787190	-105.69474101313
14.986000061035	0.046279231081238	-97.265375448648
15.984999656677	0.012369950964535	-89.806297530748
16.983999252319	-4.8664397223675e-07	-83.146741227822
17.982999801636	0.0041303472337141	-77.153726276160
18.982000350952	0.020932484777133	-71.722125613998
19.981000900269	0.047483208904534	-66.767686598779
20.979999542236	0.081490070387412	-62.222106308749
21.979000091553	0.12114295466641	-58.029349563668
22.978000640869	0.16501730686285	-54.143016999784
23.976999282837	0.21197209884508	-50.524319881039
24.975999832153	0.26111622022716	-47.140614848645
25.975000381470	0.31172998527583	-43.964130077577
26.974000930786	0.36325346001492	-40.971141507981
27.972999572754	0.41525555966106	-38.141176188483
28.972000122070	0.46740942684395	-35.456535852395
29.971000671387	0.51948085008411	-32.901773958718
30.969999313354	0.57131677167131	-30.463347213913
31.968999862671	0.62284062343841	-28.129308972153
32.967998504639	0.67403249000940	-25.889074896960
33.966999053955	0.72494269550610	-23.733184722861
34.965999603271	0.77567670967218	-21.653204390999
35.965000152588	0.82639713393146	-19.641511547955
36.964000701904	0.87734031307481	-17.691225981772
37.963001251221	0.92879292508084	-15.796068533122
38.962001800537	0.98111269522543	-13.950329922443
39.960998535156	1.0347212908962	-12.148746317762
40.959999084473	1.0901243495288	-10.386472838514
41.958999633789	1.1479002897624	-8.6590146911485
42.958000183105	1.2087336178581	-6.9622201815181
43.957000732422	1.2733857322942	-5.2921666804376
44.956001281738	1.3427453963713	-3.6452221895824
45.955001831055	1.4177965728369	-2.0179596622422
46.953998565674	1.4996686544211	-0.40714962315311
47.952999114990	1.5896271988567	1.1902364921106
48.951999664307	1.6890877427441	2.7770625491941
49.951000213623	1.7996317011052	4.3560119447735
50.950000762939	1.9230275716808	5.9296335713602
51.949001312256	2.0612389247926	7.5002579683771
52.948001861572	2.2164561356148	9.0701001928899
53.946998596191	2.3910853517914	10.641138683108
54.945999145508	2.5878055226007	12.215196917832
55.944999694824	2.8095568468212	13.793834950723
56.944000244141	3.0595756160874	15.378374506304
57.943000793457	3.3413956839297	16.969826514143
58.942001342773	3.6588889608095	18.568870430860
59.941001892090	4.0162545040527	20.175785430125
60.939998626709	4.4180184828711	21.790348454737
61.938999176025	4.8690440800149	23.411792369002
62.937999725342	5.3744928670493	25.038691323239
63.937000274658	5.9398076727134	26.668876131232
64.935997009277	6.5706145552942	28.299250190386
65.934997558594	7.2726623915918	29.925757904811
66.933998107910	8.0516888105343	31.543199075604
67.932998657227	8.9132323958207	33.145110599477
68.931999206543	9.8624556804519	34.723700459062
69.930999755859	10.903826785792	36.269731366321
70.930000305176	12.040835436346	37.772509372593
71.929000854492	13.275636988908	39.219931660572
72.928001403809	14.608636963960	40.598638047378
73.927001953125	16.038124908953	41.894204512629
74.926002502441	17.559853880366	43.091514182580
75.925003051758	19.166755698403	44.175281067691
76.924003601074	20.848740210671	45.130649083850
77.922996520996	22.592601322711	45.943837332408
78.921997070313	24.382178433653	46.602973365342
79.920997619629	26.198715248534	47.098770432641
80.919998168945	28.021446270259	47.425243165589
81.918998718262	29.828297005639	47.580091560316
82.917999267578	31.596877171609	47.565052022191
83.916999816895	33.305318769959	47.385823036889
84.916000366211	34.933274390292	47.051863568574
85.915000915527	36.462577545844	46.575743940974
86.914001464844	37.877915768639	45.972600162978
87.913002014160	39.167049720989	45.259228340385
88.912002563477	40.320977383089	44.453380806885
89.911003112793	41.333692546323	43.572987377300
90.910003662109	42.201977636606	42.635623619649
91.908996582031	42.924887698408	41.658032987192
92.907997131348	43.503442252593	40.655985633922
93.906997680664	43.940147131550	39.644106876823
94.905998229980	44.238618432808	38.635888762884
95.904998779297	44.403399050612	37.643827063128
96.903999328613	44.439758077168	36.679502990474
97.902999877930	44.353675315851	35.753722545618
98.902000427246	44.151709078870	34.876530360113
99.901000976563	43.841168730815	34.057307530178
100.90000152588	43.430002541989	33.304666128191
101.89900207520	42.926885107022	32.626402816866
102.89800262451	42.341166310979	32.029383900708
103.89700317383	41.682807656148	31.519430868589
104.89600372314	40.962187354178	31.101146625278
105.89499664307	40.190098226732	30.777950981861
106.89399719238	39.377385375315	30.551877306681
107.89299774170	38.534863471179	30.423692211364
108.89199829102	37.673051684228	30.392859394527
109.89099884033	36.802045828129	30.457641737765
110.88999938965	35.931357812377	30.615273138947
111.88899993896	35.069737894694	30.861990810486
112.88800048828	34.225154624966	31.193234228712
113.88700103760	33.404716043138	31.603816043463
114.88600158691	32.614654410826	32.088038389404
115.88500213623	31.860293857627	32.639789870330
116.88400268555	31.146110301824	33.252721329217
117.88300323486	30.475710218033	33.920287558722
118.88200378418	29.851918067117	34.635880418094
119.88099670410	29.276727967284	35.392830398498
120.87999725342	28.751394088010	36.184537123908
121.87899780273	28.276403172256	37.004450658749
122.87799835205	27.851514296933	37.846198210316
123.87699890137	27.475773277655	38.703644290247
124.87599945068	27.147449515872	39.570821161914
125.87500000000	26.864159507306	40.442224083455
126.87400054932	26.622799683886	41.312760848216
127.87300109863	26.419558169900	42.177852123492
128.87199401855	26.250084476499	43.033651002311
129.87100219727	26.109406523806	43.877002127097
130.86999511719	25.992206027019	44.705695122852
131.86900329590	25.892850969663	45.518502988671
132.86799621582	25.805603801986	46.315238648946
133.86700439453	25.724791685912	47.096763538513
134.86599731445	25.645062585038	47.865062100864
135.86500549316	25.561559723401	48.623137872969
136.86399841309	25.470092766555	49.374853173379
137.86300659180	25.367396977819	50.124854473242
138.86199951172	25.251210680975	50.878418630368
139.86099243164	25.120336560151	51.641049683170
140.86000061035	24.974719102022	52.418390160839
141.85899353027	24.815434013497	53.216033843675
142.85800170898	24.644544164182	54.039136267388
143.85699462891	24.465110494507	54.892427009397
144.85600280762	24.280955604041	55.779892088126
145.85499572754	24.096482124133	56.704725569575
146.85400390625	23.916577543745	57.669228831834
147.85299682617	23.746350212968	58.674773756379
148.85200500488	23.590956480871	59.721755333988
149.85099792480	23.455452619907	60.809694835288
150.85000610352	23.344593382613	61.937195635755
151.84899902344	23.262604814203	63.101970017583
152.84800720215	23.213099774319	64.301132259906
153.84700012207	23.198843714944	65.531092279606
154.84599304199	23.221629020124	66.787898510485
155.84500122070	23.282156837848	68.067364829226
156.84399414063	23.379873884500	69.365308505198
157.84300231934	23.512968513305	70.677852403964
158.84199523926	23.678269629101	72.001741726007
159.84100341797	23.871388744103	73.334736453130
160.83999633789	24.086749641463	74.675974953644
161.83900451660	24.317898895475	76.026298184588
162.83799743652	24.557761879308	77.388680704188
163.83700561523	24.799075410281	78.768420399485
164.83599853516	25.034900205690	80.173476402686
165.83500671387	25.259096688945	81.614464580249
166.83399963379	25.466913161060	83.104757432981
167.83299255371	25.655544833388	84.660409907095
168.83200073242	25.824620659724	86.299906287782
169.83099365234	25.976731863777	88.044145150867
170.83000183105	26.117808306204	89.916076282565
171.82899475098	26.257533392241	91.940624555244
172.82800292969	26.409822305516	94.144514889853
173.82699584961	26.593272090316	96.556412806545
174.82600402832	26.831882378892	99.206829797319
175.82499694824	27.155955407221	102.12846878163
176.82400512695	27.603492928787	105.35640657426
177.82299804688	28.222035017460	108.92831944335
178.82200622559	29.071310644802	112.88458907966
179.82099914551	30.227076458991	117.26815914653
180.82000732422	31.786060131876	122.12331773581
181.81900024414	33.872922401158	127.49374616150
182.81799316406	36.649719354769	133.41758641597
183.81700134277	40.327858934426	139.91851437788
184.81599426270	45.183263893059	146.98979239377
185.81500244141	51.573130972697	154.56581649202
186.81399536133	59.950706257651	162.47406859503
187.81300354004	70.865968948919	170.35758420662
188.81199645996	84.928117251367	177.55861157180
189.81100463867	102.68032175844	182.96876189169
190.80999755859	124.31471528080	184.89941100301
191.80900573730	149.17460199751	181.12886898944
192.80799865723	175.15786132127	169.40844923612
193.80700683594	198.51813819990	148.61453852557
194.80599975586	214.79929348481	120.08445372534
195.80499267578	220.88889285880	87.840344263840
196.80400085449	216.65655339718	56.935366011672
197.80299377441	204.65095629054	31.165504786689
198.80200195313	188.37451629312	12.023652598684
199.80099487305	170.78307806665	-0.83691748402670
200.80000305176	153.75047379777	-8.6242914979670
201.79899597168	138.20537122107	-12.680159321383
202.79800415039	124.46364553633	-14.145003383179
203.79699707031	112.51223199019	-13.877705402781
204.79600524902	102.19070518630	-12.485282206017
205.79499816895	93.290483446481	-10.381907437333
206.79400634766	85.602906041944	-7.8444531502271
207.79299926758	78.939578133493	-5.0556287573684
208.79200744629	73.138440320218	-2.1347336538812
209.79100036621	68.063722191652	0.84118856740045
210.78999328613	63.603172945429	3.8231382804531
211.78900146484	59.664607147657	6.7806676893910
212.78799438477	56.172513737539	9.6955542227403
213.78700256348	53.065063538449	12.557583634723
214.78599548340	50.291582913396	15.361723850500
215.78500366211	47.810461032558	18.106217988420
216.78399658203	45.587467389028	20.791302245470
217.78300476074	43.594354635173	23.418320477268
218.78199768066	41.807755549904	25.989117192979
219.78100585938	40.208269065522	28.505646579766
220.77999877930	38.779678557054	30.969647600530
221.77900695801	37.508336905979	33.382485247808
222.77799987793	36.382618291861	35.744990737920
223.77699279785	35.392435088009	38.057439909897
224.77600097656	34.528820918573	40.319459278025
225.77499389648	33.783589122967	42.530147029437
226.77400207520	33.148946951547	44.688050322816
227.77299499512	32.617235975618	46.791322325614
228.77200317383	32.180706768933	48.837906705974
229.77099609375	31.831261081247	50.825677465529
230.77000427246	31.560397915097	52.752748475321
231.76899719238	31.359083723492	54.617737561011
232.76800537109	31.217820434939	56.419969091907
233.76699829102	31.126765824410	58.159854981967
234.76600646973	31.075881130363	59.838994055702
235.76499938965	31.055214977611	61.460507105711
236.76400756836	31.055272965304	63.028986096279
237.76300048828	31.067257064028	64.550512729836
238.76199340820	31.083558879191	66.032671545221
239.76100158691	31.097947095258	67.484231742566
240.75999450684	31.105880654086	68.914889594327
241.75900268555	31.104687192571	70.334932009817
242.75799560547	31.093601741325	71.754953423042
243.75700378418	31.073854375282	73.185408745190
244.75599670410	31.048475499176	74.636263946812
245.75500488281	31.022240428932	76.116816856981
246.75399780273	31.001442497796	77.635269128932
247.75300598145	30.993665043154	79.198774767245
248.75199890137	31.007589275459	80.813050579562
249.75100708008	31.052735481748	82.482482940703
250.75000000000	31.139305915091	84.210012684834
251.74899291992	31.277899787899	85.996989644782
252.74800109863	31.479415881047	87.843380014740
253.74699401855	31.754800481416	89.747606372004
254.74600219727	32.114911615612	91.706581101057
255.74499511719	32.570388995557	93.715748976882
256.74398803711	33.131326832152	95.769121342767
257.74301147461	33.807227126835	97.859385725392
258.74200439453	34.606747696675	99.977885827084
259.74099731445	35.537499145786	102.11491805493
260.73999023438	36.605923598549	104.25963956311
261.73901367188	37.817035993163	106.40070556126
262.73800659180	39.174470021479	108.52606670910
263.73699951172	40.680360236587	110.62374664530
264.73599243164	42.335433960078	112.68182673014
265.73498535156	44.139232491607	114.68905332121
266.73400878906	46.090337046471	116.63484686046
267.73300170898	48.186802703495	118.50968527069
268.73199462891	50.426734212255	120.30511572157
269.73098754883	52.808651645117	122.01366237166
270.73001098633	55.332212943836	123.62836655314
271.72900390625	57.998565916526	125.14248659025
272.72799682617	60.810741291003	126.54863688441
273.72698974609	63.773850210190	127.83792594986
274.72601318359	66.894894587477	128.99880925221
275.72500610352	70.182325169761	130.01604551804
276.72399902344	73.645277526151	130.86957353224
277.72299194336	77.292268222127	131.53333749582
278.72198486328	81.129410430570	131.97445496345
279.72100830078	85.158346277460	132.15295844990
280.72000122070	89.373485502168	132.02157224934
281.71899414063	93.759035769398	131.52691230942
282.71798706055	98.286037453431	130.61129805265
283.71701049805	102.90922915189	129.21585104856
284.71600341797	107.56500984461	127.28520447109
285.71499633789	112.17042346311	124.77326978575
286.71398925781	116.62420242160	121.64988995012
287.71301269531	120.81048344790	117.90795015358
288.71200561523	124.60512230994	113.56908592781
289.71099853516	127.88480080139	108.68785404712
290.70999145508	130.53768283205	103.35174154280
291.70901489258	132.47411786039	97.677688240965
292.70800781250	133.63558338755	91.804011530720
293.70700073242	134.00042211770	85.880023235115
294.70599365234	133.58482868394	80.053495759782
295.70498657227	132.43954254995	74.459671346241
296.70401000977	130.64299428113	69.212213010396
297.70300292969	128.29231549120	64.397908258496
298.70199584961	125.49389828449	60.074788666457
299.70098876953	122.35496017754	56.273569441671
300.70001220703	118.97691499844	53.001277550142
301.69900512695	115.45084508370	50.245944527321
302.69799804688	111.85499250864	47.981623972011
303.69699096680	108.25402129227	46.173191957425
304.69601440430	104.69932448874	44.780242638057
305.69500732422	101.23031415400	43.760301319279
306.69400024414	97.875903880522	43.071133427880
307.69299316406	94.656285939804	42.672282322398
308.69198608398	91.584479785135	42.526040629235
309.69100952148	88.667922735438	42.598047773631
310.69000244141	85.909756323359	42.857426294916
311.68899536133	83.309843086915	43.276735607820
312.68798828125	80.865692743643	43.831876722048
313.68701171875	78.573209569090	44.501772638446
314.68600463867	76.427121755899	45.268123445438
315.68499755859	74.421523993446	46.115092622107
316.68399047852	72.550118251239	47.029011041970
317.68301391602	70.806475859384	47.998113591326
318.68200683594	69.184222096649	49.012275461801
319.68099975586	67.677125948604	50.062805993294
320.67999267578	66.279218706334	51.142201889892
321.67898559570	64.984837812497	52.243997492323
322.67800903320	63.788682987214	53.362617238506
323.67700195313	62.685788259914	54.493190158802
324.67599487305	61.671576840683	55.631467905318
325.67498779297	60.741816633454	56.773639443346
326.67401123047	59.892659578083	57.916318954968
327.67300415039	59.120565649943	59.056392438969
328.67199707031	58.422292290646	60.190957855665
329.67098999023	57.794862175168	61.317247187853
330.67001342773	57.235528394756	62.432548578265
331.66900634766	56.741684978553	63.534190749916
332.66799926758	56.310875152907	64.619450780227
333.66699218750	55.940662312600	65.685585344683
334.66598510742	55.628609870130	66.729745948647
335.66500854492	55.372185038300	67.748988519373
336.66400146484	55.168735399541	68.740330719556
337.66299438477	55.015349559992	69.700751564543
338.66198730469	54.908867740911	70.627146953891
339.66101074219	54.845762798087	71.516563551948
340.66000366211	54.822172610346	72.366135387475
341.65899658203	54.833815107155	73.173149376076
342.65798950195	54.875996774237	73.935253614559
343.65701293945	54.943621199518	74.650465438604
344.65600585938	55.031248055687	75.317316661779
345.65499877930	55.133157380459	75.934938588325
346.65399169922	55.243403839187	76.503133385747
347.65301513672	55.355975946031	77.022421406635
348.65200805664	55.464884168472	77.494156767808
349.65100097656	55.564332665677	77.920452739197
350.64999389648	55.648848511037	78.304240633625
351.64898681641	55.713451334195	78.649127902579
352.64801025391	55.753749623686	78.959393526806
353.64700317383	55.766042789767	79.239799647086
354.64599609375	55.747456546748	79.495536895791
355.64498901367	55.695950867420	79.731996163206
356.64401245117	55.610367825962	79.954667065725
357.64300537109	55.490364722658	80.168935348841
358.64199829102	55.336395436330	80.379926105727
359.64099121094	55.149631002664	80.592449145234
360.64001464844	54.931860826317	80.810813995074
361.63900756836	54.685342638887	81.038779064495
362.63800048828	54.412714221973	81.279528130075
363.63699340820	54.116814188743	81.535573195321
364.63598632813	53.800657314510	81.808885207512
365.63500976563	53.467097963367	82.100694168438
366.63400268555	53.119040266793	82.411883504735
367.63299560547	52.758998635735	82.742685102958
368.63198852539	52.389363530722	83.093017054601
369.63101196289	52.012112984281	83.462504670127
370.63000488281	51.628859702597	83.850489256400
371.62899780273	51.240938108324	84.256307204034
372.62799072266	50.848961326715	84.678993889286
373.62701416016	50.453699561448	85.118007684603
374.62600708008	50.055144155185	85.572602467111
375.62500000000	49.653302478243	86.042418721493
376.62399291992	49.247847343466	86.527253172659
377.62298583984	48.838458976933	87.027284632958
378.62200927734	48.424559053585	87.542833108440
379.62100219727	48.005852454270	88.074772641484
380.61999511719	47.581798151946	88.623899777708
381.61898803711	47.152380314577	89.191652803674
382.61801147461	46.717577364387	89.779496433707
383.61700439453	46.277700127375	90.389067214660
384.61599731445	45.833390945803	91.022168771941
385.61499023438	45.385608980075	91.680634729709
386.61401367188	44.935724646012	92.366298940558
387.61300659180	44.485388694561	93.080867750360
388.61199951172	44.036550383264	93.825865637622
389.61099243164	43.591526570501	94.602639501098
390.60998535156	43.152846929423	95.412255641452
391.60900878906	42.723338892547	96.255515669029
392.60800170898	42.305803673129	97.132707581409
393.60699462891	41.903365274897	98.043978847867
394.60598754883	41.519020495285	98.988904960458
395.60501098633	41.155772829550	99.966661995850
396.60400390625	40.816617892025	100.97624272520
397.60299682617	40.504270770940	102.01594177343
398.60198974609	40.221332273148	103.08398062083
399.60101318359	39.970070983136	104.17817082673
400.60000610352	39.752468812671	105.29602418062
401.59899902344	39.570141344099	106.43481785840
402.59799194336	39.424277491797	107.59176144712
403.59698486328	39.315674861504	108.76392310043
404.59600830078	39.244620526501	109.94837209827
405.59500122070	39.211025924593	111.14224539129
406.59399414063	39.214334988574	112.34284840199
407.59298706055	39.253580376529	113.54773072266
408.59201049805	39.327493628996	114.75472996761
409.59100341797	39.434439521575	115.96209104368
410.58999633789	39.572625151640	117.16855418280
411.58898925781	39.740137730177	118.37327619446
412.58801269531	39.935030187239	119.57592486183
413.58700561523	40.155450802446	120.77676772407
414.58599853516	40.399758423827	121.97649119730
415.58499145508	40.666644561888	123.17624804827
416.58401489258	40.955138551551	124.37769820621
417.58300781250	41.264870939860	125.58267885828
418.58200073242	41.595933137385	126.79325621661
419.58099365234	41.949078408259	128.01168932599
420.57998657227	42.325703155349	129.24007281145
421.57901000977	42.727801974631	130.48041416418
422.57800292969	43.158006682812	131.73449926251
423.57699584961	43.619489903393	133.00362467405
424.57598876953	44.115922815741	134.28867660930
425.57501220703	44.651388717772	135.58983581335
426.57400512695	45.230280956383	136.90670272244
427.57299804688	45.857152699808	138.23814916201
428.57199096680	46.536656263219	139.58215358685
429.57101440430	47.273356562266	140.93604064701
430.57000732422	48.071589909172	142.29631807805
431.56900024414	48.935437083234	143.65872428048
432.56799316406	49.868425254144	145.01826685686
433.56698608398	50.873541779131	146.36950922368
434.56600952148	51.953172593438	147.70625742565
435.56500244141	53.108820637744	149.02210580622
436.56399536133	54.341299970197	150.31037835616
437.56298828125	55.650537179511	151.56424163897
438.56201171875	57.035713612002	152.77684295790
439.56100463867	58.495152846156	153.94154701591
440.55999755859	60.026559141292	155.05201039427
441.55899047852	61.626956371874	156.10227841926
442.55801391602	63.292969165925	157.08681608617
443.55700683594	65.020782194869	158.00062059429
444.55599975586	66.806503829774	158.83905167516
445.55499267578	68.646024476458	159.59813990260
446.55398559570	70.535335226856	160.27400985863
447.55300903320	72.470511027515	160.86308341659
448.55200195313	74.447702865959	161.36191399088
449.55099487305	76.463198516890	161.76696926931
450.54998779297	78.513263938108	162.07446915533
451.54901123047	80.594083959560	162.28022468841
452.54800415039	82.701519275471	162.37973178866
453.54699707031	84.830896798209	162.36790149603
454.54598999023	86.976781201044	162.23928896457
455.54501342773	89.132629060993	161.98810100456
456.54400634766	91.290714276241	161.60845158419
457.54299926758	93.441777324959	161.09450027705
458.54199218750	95.574837187219	160.44102466580
459.54098510742	97.677324516648	159.64370009378
460.54000854492	99.734987282111	158.69956023217
461.53900146484	101.73204712230	157.60757703679
462.53799438477	103.65164345045	156.36889095024
463.53698730469	105.47615057534	154.98755263481
464.53601074219	107.18780446814	153.47034552161
465.53500366211	108.76925839397	151.82728033686
466.53399658203	110.20435869781	150.07148501785
467.53298950195	111.47877440012	148.21891227829
468.53201293945	112.58066782752	146.28812614260
469.53100585938	113.50115023534	144.29953885652
470.52999877930	114.23469843995	142.27503441704
471.52899169922	114.77942217571	140.23704343890
472.52801513672	115.13701068442	138.20802795515
473.52700805664	115.31261269957	136.20942267475
474.52600097656	115.31458576774	134.26131834975
475.52499389648	115.15398353552	132.38189699726
476.52398681641	114.84408350104	130.58668474297
477.52301025391	114.39983639842	128.88887722306
478.52200317383	113.83725367175	127.29859926636
479.52099609375	113.17287659408	125.82339473094
480.51998901367	112.42333895450	124.46809926255
481.51901245117	111.60478836102	123.23511042457
482.51800537109	110.73272975588	122.12455627563
483.51699829102	109.82156548296	121.13466154048
484.51599121094	108.88452408877	120.26207381451
485.51501464844	107.93347991847	119.50212004676
486.51400756836	106.97889923334	118.84919087656
487.51300048828	106.02975889602	118.29684828820
488.51199340820	105.09371557223	117.83823098909
489.51098632813	104.17704453353	117.46628369692
490.51000976563	103.28475169141	117.17383135602
491.50900268555	102.42073534751	116.95395444961
492.50799560547	101.58786818450	116.79987219733
493.50698852539	100.78809640000	116.70528353779
494.50601196289	100.02267371156	116.66426912857
495.50500488281	99.292189397397	116.67151060633
496.50399780273	98.596812448250	116.72220323274
497.50299072266	97.936349607018	116.81212922962
498.50201416016	97.310393601971	116.93747121128
499.50100708008	96.718466570292	117.09515506659
500.50000000000	96.160100340518	117.28240957712
501.49899291992	95.634863234256	117.49688920406
502.49798583984	95.142514521066	117.73647211164
503.49700927734	94.683059833370	117.99934419591
504.49600219727	94.256651231482	118.28379881435
505.49499511719	93.863719947306	118.58816197677
506.49398803711	93.504903772424	118.91074064424
507.49301147461	93.181023895817	119.24950767355
508.49200439453	92.893018520660	119.60248870443
509.49099731445	92.641902448075	119.96721423347
510.48999023438	92.428648026823	120.34104530116
511.48901367188	92.254150976252	120.72093253599
512.48797607422	92.119067929156	121.10346621891
513.48699951172	92.023762448697	121.48505121663
514.48602294922	91.968238447632	121.86157719132
515.48498535156	91.951975731140	122.22890328731
516.48400878906	91.973955297951	122.58266216663
517.48297119141	92.032502839351	122.91849652049
518.48199462891	92.125297992322	123.23195862091
519.48101806641	92.249377094772	123.51897172802
520.47998046875	92.401074208598	123.77573673891
521.47900390625	92.576159085773	123.99887463413
522.47802734375	92.769799639394	124.18558192667
523.47698974609	92.976757825384	124.33371787947
524.47601318359	93.191405569213	124.44207356055
525.47497558594	93.407957958828	124.51026724926
526.47399902344	93.620578932937	124.53865353023
527.47302246094	93.823618277221	124.52870862280
528.47198486328	94.011741968696	124.48268473769
529.47100830078	94.180036969175	124.40367057778
530.46997070313	94.324251312366	124.29544753123
531.46899414063	94.440849334181	124.16229676562
532.46801757813	94.527219526442	124.00905925776
533.46697998047	94.581497126186	123.84072345265
534.46600341797	94.602770315413	123.66230207421
535.46502685547	94.591021184912	123.47881485838
536.46398925781	94.547016800478	123.29493322178
537.46301269531	94.472206463635	123.11491422899
538.46197509766	94.368673476918	122.94255396506
539.46099853516	94.238949767783	122.78103926134
540.46002197266	94.085952199380	122.63287406101
541.45898437500	93.912658968700	122.49991831406
542.45800781250	93.722237629940	122.38331428073
543.45697021484	93.517602309987	122.28365797172
544.45599365234	93.301627820915	122.20093493473
545.45501708984	93.076745120512	122.13466230943
546.45397949219	92.845080371705	122.08398327966
547.45300292969	92.608334123388	122.04773608433
548.45202636719	92.367706128107	122.02459757766
549.45098876953	92.123994845563	122.01325940107
550.45001220703	91.877488925595	122.01229495991
551.44897460938	91.628149043524	122.02061474746
552.44799804688	91.375531911442	122.03721900165
553.44702148438	91.118999114460	122.06151910870
554.44598388672	90.857705180357	122.09318603563
555.44500732422	90.590716826320	122.13225325316
556.44396972656	90.317139271201	122.17921839833
557.44299316406	90.036169456691	122.23486391381
558.44201660156	89.747244293429	122.30031684265
559.44097900391	89.450016477639	122.37692572316
560.44000244141	89.144507487329	122.46630238539
561.43902587891	88.831074861531	122.57014243426
562.43798828125	88.510536710543	122.69013248391
563.43701171875	88.184089146249	122.82792791716
564.43597412109	87.853247549975	122.98496462953
565.43499755859	87.519939332275	123.16248139941
566.43402099609	87.186360285311	123.36142770364
567.43298339844	86.854904984501	123.58234217523
568.43200683594	86.528159426573	123.82528539255
569.43103027344	86.208734816128	124.09009173215
570.42999267578	85.899206050380	124.37589371586
571.42901611328	85.602078629260	124.68141351773
572.42797851563	85.319619347580	125.00515853136
573.42700195313	85.053853718064	125.34506915365
574.42602539063	84.806373277371	125.69880624262
575.42498779297	84.578515686714	126.06384398120
576.42401123047	84.371050921205	126.43737309102
577.42297363281	84.184302650389	126.81655629778
578.42199707031	84.018139133603	127.19861242489
579.42102050781	83.871950579508	127.58071935659
580.41998291016	83.744665081946	127.96032466827
581.41900634766	83.634774338994	128.33515461744
582.41802978516	83.540442824543	128.70326465620
583.41699218750	83.459586341265	129.06307591045
584.41601562500	83.389890371570	129.41341749332
585.41497802734	83.328958884993	129.75377387897
586.41400146484	83.274446945876	130.08389804772
587.41302490234	83.224042335979	130.40410923448
588.41198730469	83.175652935080	130.71515340032
589.41101074219	83.127487369596	131.01819069935
590.40997314453	83.078102629854	131.31453330032
591.40899658203	83.026430801936	131.60592295722
592.40802001953	82.971868171592	131.89403704465
593.40698242188	82.914239898430	132.18064034680
594.40600585938	82.853844395763	132.46744388405
595.40502929688	82.791321354376	132.75594224485
596.40399169922	82.727699561605	133.04735320482
597.40301513672	82.664287642026	133.34266244885
598.40197753906	82.602597465914	133.64235053080
599.40100097656	82.544213846803	133.94658058700
600.40002441406	82.490770899644	134.25502649653
601.39898681641	82.443799906463	134.56692973785
602.39801025391	82.404605028550	134.88121812117
603.39697265625	82.374303596476	135.19622141331
604.39599609375	82.353634885868	135.51029773041
605.39501953125	82.342870530012	135.82135324873
606.39398193359	82.341853236479	136.12730389491
607.39300537109	82.350012675200	136.42600577530
608.39202880859	82.366193135933	136.71535279030
609.39099121094	82.388796718615	136.99353752265
610.39001464844	82.415875306301	137.25892657336
611.38897705078	82.445037211769	137.51034232322
612.38800048828	82.473656311867	137.74707669875
613.38702392578	82.498866023266	137.96894166552
614.38598632813	82.517812131900	138.17617699742
615.38500976563	82.527662983443	138.36976310452
616.38397216797	82.525700935430	138.55110227117
617.38299560547	82.509593296639	138.72216468786
618.38201904297	82.477236724341	138.88535163250
619.38098144531	82.427158654082	139.04340381345
620.38000488281	82.358302016409	139.19932480679
621.37902832031	82.270202508988	139.35632271263
622.37799072266	82.163026139545	139.51746020109
623.37701416016	82.037452056172	139.68593681428
624.37597656250	81.894732435954	139.86452302408
625.37500000000	81.736612551013	140.05578246302
626.37402343750	81.565209012566	140.26187401289
627.37298583984	81.382935717522	140.48453345612
628.37200927734	81.192490131320	140.72486026964
629.37097167969	80.996577918733	140.98359355842
630.36999511719	80.797993062282	141.26074606703
631.36901855469	80.599335580727	141.55600558038
632.36798095703	80.403013883595	141.86842207687
633.36700439453	80.211191115740	142.19668585790
634.36602783203	80.025522299217	142.53918477595
635.36499023438	79.847371216850	142.89401114327
636.36401367188	79.677569186779	143.25908311007
637.36297607422	79.516397719520	143.63230708632
638.36199951172	79.363779608952	144.01162962511
639.36102294922	79.219034530007	144.39515898193
640.35998535156	79.081157510765	144.78109603970
641.35900878906	78.948701239888	145.16828043632
642.35797119141	78.819977155327	145.55560281044
643.35699462891	78.693128230513	145.94264782469
644.35601806641	78.566313425296	146.32956522222
645.35498046875	78.437417203467	146.71660484531
646.35400390625	78.304778476662	147.10494717133
647.35302734375	78.166632683939	147.49586298737
648.35198974609	78.021798023135	147.89120345363
649.35101318359	77.869517899559	148.29311669186
650.34997558594	77.709359673441	148.70402054288
651.34899902344	77.541297258816	149.12620747163
652.34802246094	77.365944088152	149.56216899624
653.34698486328	77.184685936971	150.01444863851
654.34600830078	76.998682690142	150.48488259837
655.34497070313	76.810288086515	150.97575462783
656.34399414063	76.621593711859	151.48824969799
657.34301757813	76.435625390689	152.02379294322
658.34197998047	76.254864559990	152.58272644030
659.34100341797	76.082289118028	153.16519828112
660.34002685547	75.920780398959	153.77088204565
661.33898925781	75.773161220292	154.39887283840
662.33801269531	75.641956339073	155.04776175635
663.33697509766	75.529467414285	155.71589381667
664.33599853516	75.437433133868	156.40097782178
665.33502197266	75.367436200805	157.10078164953
666.33398437500	75.320395585577	157.81287936548
667.33300781250	75.296789032724	158.53467767322
668.33197021484	75.296541376693	159.26359598994
669.33099365234	75.319164640826	159.99731654504
670.33001708984	75.363649266207	160.73375824359
671.32897949219	75.428671780252	161.47115726583
672.32800292969	75.512576752880	162.20825366425
673.32702636719	75.613518347517	162.94416432348
674.32598876953	75.729585650843	163.67874811019
675.32501220703	75.858905279180	164.41218829208
676.32397460938	75.999739565055	165.14540907627
677.32299804688	76.150761500184	165.87961944502
678.32202148438	76.310910500629	166.61664022918
679.32098388672	76.479689800637	167.35860564700
680.32000732422	76.657180558988	168.10784608650
681.31896972656	76.844135607370	168.86678809633
682.31799316406	77.041880015875	169.63796058276
683.31701660156	77.252562966029	170.42351392712
684.31597900391	77.478868597870	171.22546147640
685.31500244141	77.724055987707	172.04540080459
686.31402587891	77.992010176047	172.88416478139
687.31298828125	78.286905906922	173.74217552823
688.31201171875	78.613301890316	174.61891952319
689.31097412109	78.975796399471	175.51317096587
690.30999755859	79.379116911710	176.42276302656
691.30902099609	79.827799912427	177.34469555760
692.30798339844	80.326056384513	178.27515592531
693.30700683594	80.877608281271	179.20953364736
694.30603027344	81.485613813968	180.14234488105
695.30499267578	82.152513847855	181.06760536231
696.30401611328	82.879796869435	181.97873470306
697.30297851563	83.668057717911	182.86888497502
698.30200195313	84.516740085703	183.73097270113
699.30102539063	85.424372372451	184.55782201505
700.29998779297	86.388338728059	185.34260504134
701.29901123047	87.404943078683	186.07874797862
702.29797363281	88.469631174727	186.76035533521
703.29699707031	89.576960348996	187.38220195222
704.29602050781	90.720801797287	187.93996395523
705.29498291016	91.894645526517	188.43026976292
706.29400634766	93.091568401600	188.85080941867
707.29302978516	94.304674405496	189.20035970886
708.29199218750	95.527121967908	189.47866532302
709.29101562500	96.752508190914	189.68635958409
710.28997802734	97.974756407836	189.82504664010
711.28900146484	99.188569696239	189.89673408996
712.28802490234	100.38928107859	189.90404545377
713.28698730469	101.57289494902	189.84990931676
714.28601074219	102.73620833487	189.73710894405
715.28497314453	103.87656848397	189.56864770665
716.28399658203	104.99195284228	189.34692723342
717.28302001953	106.08058679700	189.07431723018
718.28198242188	107.14098116068	188.75266520121
719.28100585938	108.17169599125	188.38337524264
720.28002929688	109.17111521952	187.96754222128
721.27899169922	110.13743156989	187.50584114904
722.27801513672	111.06837931871	186.99896838230
723.27697753906	111.96126013445	186.44747979425
724.27600097656	112.81282450270	185.85212213990
725.27502441406	113.61931674211	185.21404313966
726.27398681641	114.37664533949	184.53482748247
727.27301025391	115.08026167591	183.81689198696
728.27197265625	115.72567171564	183.06343005773
729.27099609375	116.30821779767	182.27847790517
730.27001953125	116.82365819078	181.46726866366
731.26898193359	117.26826846681	180.63553277780
732.26800537109	117.63897597304	179.79035623042
733.26702880859	117.93366574325	178.93925986336
734.26599121094	118.15139334751	178.09028280148
735.26501464844	118.29242800307	177.25197911929
736.26397705078	118.35827937622	176.43270807414
737.26300048828	118.35188649083	175.64077158745
738.26202392578	118.27737515460	174.88411773646
739.26098632813	118.14006209808	174.16987229657
740.26000976563	117.94635100290	173.50427899733
741.25897216797	117.70343326482	172.89251434243
742.25799560547	117.41915673298	172.33863261545
743.25701904297	117.10177756701	171.84538246506
744.25598144531	116.75976347941	171.41417288131
745.25500488281	116.40149594262	171.04517360620
746.25402832031	116.03512175890	170.73710799981
747.25299072266	115.66824961342	170.48774465988
748.25201416016	115.30786382005	170.29373343112
749.25097656250	114.96013431460	170.15076307496
750.25000000000	114.63027768286	170.05376983841
751.24902343750	114.32246301688	169.99719790267
752.24798583984	114.03974809385	169.97511438461
753.24700927734	113.78411913156	169.98142007030
754.24597167969	113.55635720364	170.00994960735
755.24499511719	113.35619044139	170.05507898736
756.24401855469	113.18244064568	170.11133985996
757.24298095703	113.03290556802	170.17412355315
758.24200439453	112.90481146596	170.23928642133
759.24102783203	112.79471867665	170.30389903494
760.23999023438	112.69894560692	170.36573045183
761.23901367188	112.61362063644	170.42371431648
762.23797607422	112.53496537177	170.47773195851
763.23699951172	112.45951030303	170.52849311020
764.23602294922	112.38431588293	170.57768186485
765.23498535156	112.30706953835	170.62759972364
766.23400878906	112.22623984291	170.68100987775
767.23297119141	112.14124007317	170.74111498085
768.23199462891	112.05238405039	170.81106234814
769.23101806641	111.96084359252	170.89407934471
770.22998046875	111.86886151996	170.99286330662
771.22900390625	111.77926601643	171.10972965059
772.22802734375	111.69566384586	171.24620063421
773.22698974609	111.62213242724	171.40306203722
774.22601318359	111.56301671441	171.58009053779
775.22497558594	111.52280716796	171.77614499502
776.22399902344	111.50586905973	171.98897730578
777.22302246094	111.51620555463	172.21553595907
778.22198486328	111.55738799610	172.45164280965
779.22100830078	111.63214949249	172.69240830372
780.21997070313	111.74238505067	172.93237304866
781.21899414063	111.88900237646	173.16550784623
782.21801757813	112.07167829927	173.38547962078
783.21697998047	112.28895754155	173.58595046322
784.21600341797	112.53821912373	173.76081295763
785.21502685547	112.81550740455	173.90442943001
786.21398925781	113.11599734993	174.01182430151
787.21301269531	113.43382750636	174.07887721572
788.21197509766	113.76235352855	174.10275554400
789.21099853516	114.09452097218	174.08181079534
790.21002197266	114.42298639773	174.01562291068
791.20898437500	114.74053820432	173.90539590498
792.20800781250	115.04026623939	173.75353873500
793.20697021484	115.31594662213	173.56368652095
794.20599365234	115.56225755428	173.34066278610
795.20501708984	115.77493905622	173.09001455474
796.20397949219	115.95102027180	172.81802098539
797.20300292969	116.08885099554	172.53117438641
798.20202636719	116.18817239067	172.23597285876
799.20098876953	116.24999037622	171.93864263821
800.20001220703	116.27647824163	171.64473548362
801.19897460938	116.27087386235	171.35924864073
802.19799804688	116.23719559399	171.08603456906
803.19702148438	116.17997543227	170.82783640490
804.19598388672	116.10407039942	170.58623031893
805.19500732422	116.01432670927	170.36166933402
806.19396972656	115.91533970304	170.15342959456
807.19299316406	115.81126741398	169.95969199797
808.19201660156	115.70552841325	169.77775195808
809.19097900391	115.60065244569	169.60432871553
810.19000244141	115.49819367831	169.43540257722
811.18902587891	115.39852260970	169.26691798729
812.18798828125	115.30103636039	169.09475632933
813.18701171875	115.20389259498	168.91503202368
814.18597412109	115.10431077890	168.72443384201
815.18499755859	114.99854566858	168.52035775489
816.18402099609	114.88229247907	168.30114740308
817.18298339844	114.75066455624	168.06622207211
818.18200683594	114.59862056323	167.81617608324
819.18103027344	114.42117572827	167.55283387015
820.17999267578	114.21367713691	167.27923322030
821.17901611328	113.97215616975	166.99947241659
822.17797851563	113.69337569872	166.71858110905
823.17700195313	113.37527649115	166.44226770725
824.17602539063	113.01696759409	166.17676049074
825.17498779297	112.61874248083	165.92852725656
826.17401123047	112.18228209526	165.70391568748
827.17297363281	111.71051197184	165.50893325343
828.17199707031	111.20743193972	165.34901033747
829.17102050781	110.67818003022	165.22865837659
830.16998291016	110.12857385468	165.15154171923
831.16900634766	109.56505072337	165.12002660409
832.16802978516	108.99446789491	165.13530055208
833.16699218750	108.42368932806	165.19734995407
834.16601562500	107.85949671045	165.30475047808
835.16497802734	107.30828848903	165.45496667335
836.16400146484	106.77582790071	165.64435057913
837.16302490234	106.26706873319	165.86818737661
838.16198730469	105.78605490682	166.12097611766
839.16101074219	105.33561903383	166.39671338654
840.15997314453	104.91741308184	166.68884609445
841.15899658203	104.53189288247	166.99068456487
842.15802001953	104.17807365580	167.29570595536
843.15698242188	103.85381849925	167.59759464109
844.15600585938	103.55571453771	167.89085004417
845.15502929688	103.27934224231	168.17050934641
846.15399169922	103.01941228690	168.43286314613
847.15301513672	102.76995432368	168.67525621788
848.15197753906	102.52461725579	168.89643285133
849.15100097656	102.27697007708	169.09645269089
850.15002441406	102.02068532065	169.27690489730
851.14898681641	101.75004916128	169.44041010399
852.14801025391	101.45997659023	169.59099856445
853.14697265625	101.14638025186	169.73362351568
854.14599609375	100.80640740567	169.87387925487
855.14501953125	100.43841442451	170.01806353082
856.14398193359	100.04214982835	170.17237163669
857.14300537109	99.618754696965	170.34310068758
858.14202880859	99.170602629658	170.53603775898
859.14099121094	98.701219986168	170.75639221121
860.14001464844	98.215115362772	171.00844429463
861.13897705078	97.717621609844	171.29544474001
862.13800048828	97.214541079263	171.61948201291
863.13702392578	96.712003829379	171.98146304781
864.13598632813	96.216126622646	172.38086524999
865.13500976563	95.732801484969	172.81607569447
866.13397216797	95.267397150233	173.28420316218
867.13299560547	94.824646970653	173.78149023394
868.13201904297	94.408305120816	174.30311296856
869.13098144531	94.021082049131	174.84366852551
870.13000488281	93.664546719674	175.39722105190
871.12902832031	93.338877358320	175.95778600318
872.12799072266	93.043063672839	176.51925704118
873.12701416016	92.774721375442	177.07595615099
874.12597656250	92.530279229447	177.62283901416
875.12500000000	92.305109549707	178.15567449263
876.12402343750	92.093685157463	178.67140366535
877.12298583984	91.889926768888	179.16811054847
878.12200927734	91.687303715660	179.64548592473
879.12097167969	91.479299318226	180.10451806607
880.11999511719	91.259690715855	180.54768344468
881.11901855469	91.022921029109	180.97890336278
882.11798095703	90.764216448205	181.40330567976
883.11700439453	90.480048252668	181.82697352924
884.11602783203	90.168220743435	182.25682958656
885.11499023438	89.828047104101	182.70005877302
886.11401367188	89.460374016912	183.16418163025
887.11297607422	89.067601078310	183.65631780884
888.11199951172	88.653591931342	184.18314367859
889.11102294922	88.223514106064	184.75050470236
890.10998535156	87.783698486058	185.36309328283
891.10900878906	87.341331773182	186.02452997337
892.10797119141	86.904228417224	186.73678493796
893.10699462891	86.480550522089	187.50052207893
894.10601806641	86.078595321365	188.31453353388
895.10498046875	85.706271064118	189.17648693801
896.10400390625	85.371006438691	190.08226796970
897.10302734375	85.079397739208	191.02646367604
898.10198974609	84.836982159381	192.00240184087
899.10101318359	84.647953495908	193.00258388980
900.09997558594	84.514968070559	194.01860482820
901.09899902344	84.439096570783	195.04160052773
902.09802246094	84.419576599747	196.06277024927
903.09698486328	84.453865886310	197.07348392695
904.09600830078	84.537633497245	198.06565448780
905.09497070313	84.665054202600	199.03234817285
906.09399414063	84.828762042357	199.96793197280
907.09301757813	85.020383671105	200.86847101564
908.09197998047	85.230713160743	201.73191955149
909.09100341797	85.450348502487	202.55842273511
910.09002685547	85.669966907865	203.35015314338
911.08898925781	85.880979000271	204.11139268552
912.08801269531	86.075851936825	204.84833980149
913.08697509766	86.248593442236	205.56900060955
914.08599853516	86.395132061157	206.28235025191
915.08502197266	86.513474676098	206.99856441511
916.08398437500	86.604003663597	207.72788631747
917.08300781250	86.669270812557	208.48062042095
918.08197021484	86.714209975953	209.26639111211
919.08099365234	86.745835285881	210.09369113587
920.08001708984	86.772879996238	210.96972013651
921.07897949219	86.805691095761	211.89957839881
922.07800292969	86.855634341615	212.88648504391
923.07702636719	86.935020690122	213.93133256698
924.07598876953	87.055915957283	215.03239433063
925.07501220703	87.230510030099	216.18554258533
926.07397460938	87.470631142971	217.38470153933
927.07299804688	87.786203189075	218.62088027866
928.07202148438	88.185948680383	219.88303668977
929.07098388672	88.676805840433	221.15910533937
930.07000732422	89.262754309666	222.43470050148
931.06896972656	89.945038891195	223.69483501015
932.06799316406	90.722505434943	224.92455566089
933.06701660156	91.590346951634	226.10865240592
934.06597900391	92.540674890679	227.23308602176
935.06500244141	93.563351144634	228.28587402600
936.06402587891	94.644771327854	229.25668140006
937.06298828125	95.770353825186	230.13892205050
938.06201171875	96.923381360688	230.92872347006
939.06097412109	98.087405291785	231.62638942509
940.05999755859	99.245687938092	232.23568978916
941.05902099609	100.38346591572	232.76431195902
942.05798339844	101.48778089361	233.22318258838
943.05700683594	102.54891222081	233.62568843092
944.05603027344	103.56059474468	233.98729209316
945.05499267578	104.52031373383	234.32446232497
946.05401611328	105.42988192946	234.65366749828
947.05297851563	106.29493089926	234.99058223283
948.05200195313	107.12480949539	235.34909597544
949.05102539063	107.93194997475	235.74063720266
950.04998779297	108.73176439422	236.17321598449
951.04901123047	109.54098306923	236.65148798245
952.04797363281	110.37789187505	237.17566532527
953.04699707031	111.26065485917	237.74202109446
954.04602050781	112.20684149198	238.34219272986
955.04498291016	113.23236286853	238.96402841867
956.04400634766	114.35063970100	239.59127470257
957.04302978516	115.57170893179	240.20429307647
958.04199218750	116.90154277479	240.78062355474
959.04101562500	118.34120907870	241.29615038456
960.03997802734	119.88627118327	241.72585731519
961.03900146484	121.52693390388	242.04477402841
962.03802490234	123.24728785728	242.23000610693
963.03698730469	125.02623636872	242.26158904703
964.03601074219	126.83781496336	242.12391858712
965.03497314453	128.65236634175	241.80698088867
966.03399658203	130.43764487096	241.30770755764
967.03302001953	132.16101054097	240.62976062564
968.03198242188	133.79063607337	239.78455110415
969.03100585938	135.29774300079	238.78997471600
970.03002929688	136.65808230839	237.67030915868
971.02899169922	137.85319663657	236.45458291537
972.02801513672	138.87172941581	235.17469801111
973.02697753906	139.70947024264	233.86405255447
974.02600097656	140.36963563485	232.55572317397
975.02502441406	140.86220485375	231.28030232594
976.02398681641	141.20323438263	230.06517323742
977.02301025391	141.41351562303	228.93288884620
978.02197265625	141.51761031896	227.90053058516
979.02099609375	141.54218199709	226.97939049849
980.02001953125	141.51484997090	226.17444106220
981.01898193359	141.46295039906	225.48506786749
982.01800537109	141.41219401729	224.90482324023
983.01702880859	141.38592270105	224.42235988209
984.01599121094	141.40407610467	224.02158036688
985.01501464844	141.48217092878	223.68327636767
986.01397705078	141.63120108781	223.38511725979
987.01300048828	141.85674715471	223.10321887687
988.01202392578	142.15882159291	222.81295244751
989.01098632813	142.53179100680	222.49049338044
990.01000976563	142.96442823911	222.11362547789
991.00897216797	143.44047602050	221.66336988544
992.00799560547	143.93928822837	221.12468411810
993.00701904297	144.43678177497	220.48810192941
994.00598144531	144.90692046192	219.74999510477
995.00500488281	145.32292007073	218.91322492451
996.00402832031	145.65925052774	217.98718201491
997.00299072266	145.89283287382	216.98746815251
998.00201416016	146.00483176455	215.93473163151
999.00097656250	145.98148521952	214.85416789309
1000.0000000000	145.81539725798	213.77339572478
