#Parameters = {a=1500; t=0.1}
#"Frequency / GHz"	"Z1,1 [Real/Imaginary Part] [Re]"	"Z1,1 [Real/Imaginary Part] [Im]"
#-------------------------------------------------------------------------------------
1.0000000000000	-465.45492140284	-3394.5128435361
1.9989999532700	-53.643823853162	-1757.1349062128
2.9979999065399	15.882058371775	-1201.1615502252
3.9969999790192	30.321706775010	-925.00678577860
4.9959998130798	27.147906779792	-758.65271098867
5.9949998855591	17.441261282179	-644.12914839303
6.9939999580383	6.8695146989897	-557.12611272193
7.9930000305176	-1.2254397038499	-487.01533607021
8.9919996261597	-5.5364641746434	-429.34026683815
9.9910001754761	-6.3802907430136	-382.05898708561
10.989999771118	-4.9058167187644	-343.74311051864
11.989000320435	-2.3933198640409	-312.98128256167
12.987999916077	0.10760434427533	-288.31956069257
13.987000465393	1.8929943701862	-268.32895043790
14.986000061035	2.6246149529359	-251.67215991894
15.984999656677	2.3223299934493	-237.18267060696
16.983999252319	1.3111951505920	-223.97367554805
17.982999801636	0.084743728210614	-211.53295175187
18.982000350952	-0.89111828159351	-199.72481423008
19.981000900269	-1.3400123554827	-188.67229672641
20.979999542236	-1.2271293178182	-178.58273813789
21.979000091553	-0.70781520121012	-169.60572535027
22.978000640869	-0.031432583650540	-161.76321889417
23.976999282837	0.55133023332411	-154.94174977432
24.975999832153	0.85935715677254	-148.92257491732
25.975000381470	0.82615086151498	-143.43638852852
26.974000930786	0.51065918956190	-138.23364594840
27.972999572754	0.065293779566387	-133.15086657427
28.972000122070	-0.33041832739912	-128.14419438927
29.971000671387	-0.54086767937909	-123.27467724888
30.969999313354	-0.51724926039273	-118.65619887863
31.968999862671	-0.29966667041162	-114.39599518455
32.967998504639	0.011148524886052	-110.55105504075
33.966999053955	0.29481726135041	-107.10958868724
34.965999603271	0.45238412409663	-103.99539065720
35.965000152588	0.43793930027309	-101.09200535448
36.964000701904	0.27205174601091	-98.280490409199
37.963001251221	0.030324442098383	-95.478530596186
38.962001800537	-0.18954981158867	-92.664521261106
39.960998535156	-0.30743522570653	-89.875696417065
40.959999084473	-0.28893483712522	-87.183720230139
41.958999633789	-0.15240626522461	-84.661382909843
42.958000183105	0.043099566713282	-82.354111365609
43.957000732422	0.22164844877417	-80.264110547676
44.956001281738	0.31756065714455	-78.349615704102
45.955001831055	0.29865186425537	-76.538924709261
46.953998565674	0.17767859180925	-74.755644337853
47.952999114990	0.0063526348564594	-72.946404819128
48.951999664307	-0.14666891564555	-71.099084348145
49.951000213623	-0.22364292493333	-69.243444568571
50.950000762939	-0.19895362329303	-67.435031383435
51.949001312256	-0.086114217271890	-65.731475841123
52.948001861572	0.069489194447671	-64.170601026489
53.946998596191	0.20789009559346	-62.756432042766
54.945999145508	0.27628470754894	-61.457276599054
55.944999694824	0.24888755329953	-60.215887949648
56.944000244141	0.13750948593005	-58.970289549299
57.943000793457	-0.012734779901501	-57.677777712083
58.942001342773	-0.14189914555371	-56.330933293174
59.941001892090	-0.19940483559050	-54.958873854621
60.939998626709	-0.16308561958486	-53.614057344241
61.938999176025	-0.046376014121957	-52.351109590904
62.937999725342	0.10711229184491	-51.206744843509
63.937000274658	0.23888281362765	-50.185703451458
64.935997009277	0.29649093744855	-49.256819574524
65.934997558594	0.25429063470932	-48.362269911113
66.933998107910	0.12572483684372	-47.438374185333
67.932998657227	-0.039989579281252	-46.441099179962
68.931999206543	-0.17689027331346	-45.364356635522
69.930999755859	-0.22842094284320	-44.242414788063
70.930000305176	-0.16897257148619	-43.136491161394
71.929000854492	-0.013465244369310	-42.112526658813
72.928001403809	0.18606711827157	-41.217893485770
73.927001953125	0.35533376397284	-40.462665892258
74.926002502441	0.42207736351420	-39.810015361838
75.925003051758	0.34492866987976	-39.181947421484
76.924003601074	0.13615981107010	-38.483739692179
77.922996520996	-0.13541982055432	-37.640527278531
78.921997070313	-0.36622729928746	-36.628407311575
79.920997619629	-0.45376929666804	-35.484950709681
80.919998168945	-0.32858281998328	-34.296713610371
81.918998718262	0.028376477766522	-33.175387277746
82.917999267578	0.58141916034699	-32.232988299965
83.916999816895	1.2433804765202	-31.559222842686
84.916000366211	1.8852067814631	-31.198703774228
85.915000915527	2.3577593947577	-31.127622862990
86.914001464844	2.5319106498709	-31.241177801264
87.913002014160	2.3492316817244	-31.370278367321
88.912002563477	1.8552539398943	-31.335340799021
89.911003112793	1.1862809589580	-31.014167290657
90.910003662109	0.51322393604267	-30.382006852748
91.908996582031	-0.021072653880850	-29.503384549866
92.907997131348	-0.33764365039006	-28.492563445805
93.906997680664	-0.42554914018123	-27.471395483189
94.905998229980	-0.32786398216011	-26.539662884270
95.904998779297	-0.12180990132482	-25.758401895602
96.903999328613	0.10290637330117	-25.142221435336
97.902999877930	0.26711081458076	-24.660129645364
98.902000427246	0.32375333916142	-24.247761393845
99.901000976563	0.27022244077584	-23.830936103103
100.90000152588	0.14416045178641	-23.352617111624
101.89900207520	0.0039622262028199	-22.791050543619
102.89800262451	-0.095984124008310	-22.161727391311
103.89700317383	-0.12396502275972	-21.505291197876
104.89600372314	-0.078140666886416	-20.869282586745
105.89499664307	0.016985248008216	-20.290985057523
106.89399719238	0.12177381290851	-19.785828636404
107.89299774170	0.19649725643495	-19.343566067240
108.89199829102	0.21596614119478	-18.933541089084
109.89099884033	0.17825049786763	-18.517523958343
110.88999938965	0.10384873427869	-18.065107801570
111.88899993896	0.025710696276513	-17.564926264095
112.88800048828	-0.024736142311721	-17.027050664102
113.88700103760	-0.029268649025603	-16.477010716822
114.88600158691	0.011651639084475	-15.944781990044
115.88500213623	0.080496108468812	-15.453441934448
116.88400268555	0.15013243484767	-15.011010919106
117.88300323486	0.19446119288721	-14.607943655102
118.88200378418	0.19854948649681	-14.221375143618
119.88099670410	0.16419788311230	-13.824638070268
120.87999725342	0.10846599276098	-13.398090212699
121.87899780273	0.055981320350675	-12.936566119610
122.87799835205	0.028742093375030	-12.450379999667
123.87699890137	0.037814449359667	-11.960306582847
124.87599945068	0.079736414003698	-11.489024057085
125.87500000000	0.13846454935719	-11.052414413595
126.87400054932	0.19187093248895	-10.653550725998
127.87300109863	0.22052263273228	-10.281696938860
128.87199401855	0.21547971573076	-9.9167253698889
129.87100219727	0.18173043916819	-9.5374506823287
130.86999511719	0.13577246666590	-9.1302766842864
131.86900329590	0.098504957688825	-8.6943693348250
132.86799621582	0.086738871342959	-8.2414023579328
133.86700439453	0.10678363309477	-7.7904576264053
134.86599731445	0.15231977678570	-7.3603702379982
135.86500549316	0.20706290880012	-6.9623434254966
136.86399841309	0.25123912766808	-6.5955612670674
137.86300659180	0.26956901358273	-6.2474072380090
138.86199951172	0.25752983538091	-5.8985707664242
139.86099243164	0.22320126444428	-5.5310797086640
140.86000061035	0.18372897254355	-5.1356030220995
141.85899353027	0.15817117031641	-4.7150748699617
142.85800170898	0.15982153437180	-4.2831445964993
143.85699462891	0.19107255368434	-3.8585887184291
144.85600280762	0.24255893006262	-3.4578342413796
145.85499572754	0.29679876896966	-3.0884084712898
146.85400390625	0.33515322282837	-2.7457013669230
147.85299682617	0.34548715350026	-2.4145770182562
148.85200500488	0.32737088033608	-2.0755262784707
149.85099792480	0.29236230716511	-1.7127521330400
150.85000610352	0.25921134664486	-1.3207210348007
151.84899902344	0.24615934502069	-0.90633992937953
152.84800720215	0.26363763852484	-0.48611723292368
153.84700012207	0.31006622361108	-0.079614701228215
154.84599304199	0.37227803130253	0.29828061616630
155.84500122070	0.43047091409154	0.64355328322526
156.84399414063	0.46610608908680	0.96517440581404
157.84300231934	0.46975331135077	1.2818246455052
158.84199523926	0.44537696605528	1.6143679892555
159.84100341797	0.40894564024036	1.9770439908869
160.83999633789	0.38194711848913	2.3714912356399
161.83900451660	0.38262851826274	2.7859626960087
162.83799743652	0.41858023993670	3.1998225957368
163.83700561523	0.48332051970076	3.5915718052139
164.83599853516	0.55819413454381	3.9476263519756
165.83500671387	0.61931191573644	4.2684565930227
166.83399963379	0.64732190470536	4.5695586624514
167.83299255371	0.63610801321574	4.8758430928510
168.83200073242	0.59627574827726	5.2115227007186
169.83099365234	0.55150674898409	5.5898318744354
170.83000183105	0.52932360657745	6.0071056621271
171.82899475098	0.55018633722356	6.4435318985305
172.82800292969	0.61896728608158	6.8701544257001
173.82699584961	0.72175265557295	7.2597278345230
174.82600402832	0.82957637844142	7.5982094964353
175.82499694824	0.90894151437728	7.8925677951104
176.82400512695	0.93610378774328	8.1707713741850
177.82299804688	0.90934165392707	8.4724107187424
178.82200622559	0.85305472841548	8.8328289502427
179.82099914551	0.81127838910042	9.2677348747514
180.82000732422	0.83355055175786	9.7642514234164
181.81900024414	0.95829231004033	10.281103737698
182.81799316406	1.1982287896241	10.756808836694
183.81700134277	1.5305920009758	11.124673681903
184.81599426270	1.8951398222795	11.333066177476
185.81500244141	2.2044017832412	11.367169263076
186.81399536133	2.3681399214947	11.263598007956
187.81300354004	2.3257833142521	11.106626182307
188.81199645996	2.0710452937413	11.002669190990
189.81100463867	1.6542063793163	11.044301707686
190.80999755859	1.1617684199618	11.282665469907
191.80900573730	0.68707987220155	11.719541660744
192.80799865723	0.30632950782330	12.316163508541
193.80700683594	0.065604470740509	13.009590210594
194.80599975586	-0.022629241156204	13.729269067485
195.80499267578	0.022993647451979	14.411498069439
196.80400085449	0.15992473344309	15.011384325678
197.80299377441	0.33342010385374	15.511136483689
198.80200195313	0.49160659102711	15.921901962538
199.80099487305	0.59982553227886	16.277038746062
200.80000305176	0.64845744870956	16.618248281883
201.79899597168	0.65124151538342	16.980493157770
202.79800415039	0.63553271010659	17.381607476706
203.79699707031	0.62975947911164	17.819956991072
204.79600524902	0.65314165075153	18.279272096786
205.79499816895	0.71050677915936	18.737335517744
206.79400634766	0.79285677612148	19.175123047342
207.79299926758	0.88261545807994	19.583659613905
208.79200744629	0.96133951302140	19.966225180200
209.79100036621	1.0169525345302	20.335839307185
210.78999328613	1.0477479056754	20.709209856967
211.78900146484	1.0617686943075	21.099724520785
212.78799438477	1.0724696601549	21.512867370093
213.78700256348	1.0928727459164	21.945179372292
214.78599548340	1.1306156756182	22.386718413107
215.78500366211	1.1856847647208	22.825744812901
216.78399658203	1.2512064977112	23.253465293927
217.78300476074	1.3168320881571	23.667275802302
218.78199768066	1.3731458218430	24.071253188795
219.78100585938	1.4153184624802	24.473995854988
220.77999877930	1.4446041554867	24.884849577339
221.77900695801	1.4672525455160	25.310161603635
222.77799987793	1.4915278158515	25.751185932672
223.77699279785	1.5243238182868	26.204162142783
224.77600097656	1.5685959259431	26.662349867885
225.77499389648	1.6226203589462	27.119007822363
226.77400207520	1.6811066186678	27.570078238353
227.77299499512	1.7376183120262	28.015583214477
228.77200317383	1.7872241817851	28.459332382006
229.77099609375	1.8283477968507	28.907126586796
230.77000427246	1.8630474820202	29.364241732679
231.76899719238	1.8958475759315	29.833540900767
232.76800537109	1.9317071555153	30.314566352450
233.76699829102	1.9740176498463	30.804132897513
234.76600646973	2.0233981676281	31.297896397182
235.76499938965	2.0776841737571	31.792212313057
236.76400756836	2.1329922219728	32.285499231921
237.76300048828	2.1853152567312	32.778818703150
238.76199340820	2.2320163430236	33.275157582383
239.76100158691	2.2725981829723	33.778294014026
240.75999450684	2.3085304262876	34.291246137825
241.75900268555	2.3423276615982	34.815461544104
242.75799560547	2.3763087188799	35.350564200421
243.75700378418	2.4115965087913	35.894944277960
244.75599670410	2.4476763919304	36.446774152558
245.75500488281	2.4825988299578	37.004967677209
246.75399780273	2.5137113189894	37.569845892750
247.75300598145	2.5384903939364	38.143150623568
248.75199890137	2.5552102977044	38.727722876191
249.75100708008	2.5631987308117	39.326821465493
250.75000000000	2.5626986005740	39.943614136604
251.74899291992	2.5544440775593	40.580836626091
252.74800109863	2.5391926341470	41.240785128276
253.74699401855	2.5174237810008	41.925694809709
254.74600219727	2.4892531356565	42.638172976385
255.74499511719	2.4545748850973	43.381541864522
256.74398803711	2.4134712684741	44.160331428110
257.74301147461	2.3667595146164	44.980426530633
258.74200439453	2.3167197198278	45.849113781757
259.74099731445	2.2679568435752	46.774810681986
260.73999023438	2.2282421305694	47.766389133731
261.73901367188	2.2092555054380	48.832010121039
262.73800659180	2.2268402417737	49.977534169781
263.73699951172	2.3006014237076	51.204502748637
264.73599243164	2.4525379230637	52.508335673554
265.73498535156	2.7047945783456	53.876726083586
266.73400878906	3.0765045841719	55.289203155023
267.73300170898	3.5802415940797	56.717950483455
268.73199462891	4.2187204437501	58.130461179445
269.73098754883	4.9827851898165	59.493843706374
270.73001098633	5.8515707601091	60.780076066495
271.72900390625	6.7954896533311	61.971007768119
272.72799682617	7.7815291683948	63.061194042717
273.72698974609	8.7793504576469	64.057670999282
274.72601318359	9.7661996938978	64.976435865777
275.72500610352	10.728884173554	65.837276444059
276.72399902344	11.662630049106	66.658976751201
277.72299194336	12.567791293995	67.456498325732
278.72198486328	13.446361545807	68.240931803859
279.72100830078	14.299894480020	69.021449784879
280.72000122070	15.129573106346	69.807487433132
281.71899414063	15.937996280659	70.610006337049
282.71798706055	16.731326542682	71.440557596515
283.71701049805	17.520144568294	72.308951804881
284.71600341797	18.318413867788	73.220292301069
285.71499633789	19.140324137074	74.173442737411
286.71398925781	19.996546224315	75.161669144720
287.71301269531	20.891510874391	76.175835622825
288.71200561523	21.823033386970	77.208753701567
289.71099853516	22.785049532235	78.259148772604
290.70999145508	23.772472519954	79.333241498830
291.70901489258	24.786095307391	80.442649895592
292.70800781250	25.835330941142	81.599445618886
293.70700073242	26.937191658703	82.810372621451
294.70599365234	28.111502165416	84.072772640457
295.70498657227	29.374253014890	85.374217691985
296.70401000977	30.731951577202	86.696992645490
297.70300292969	32.179558676214	88.025184012865
298.70199584961	33.703892306269	89.352546412255
299.70098876953	35.291599248192	90.686592069470
300.70001220703	36.938688358905	92.046634899117
301.69900512695	38.657173339702	93.455873077696
302.69799804688	40.475346034805	94.930301981636
303.69699096680	42.430722613227	96.469489981079
304.69601440430	44.558051648831	98.053411244510
305.69500732422	46.877134281664	99.647803575955
306.69400024414	49.386226376650	101.21709200787
307.69299316406	52.065182240165	102.73968410883
308.69198608398	54.889033895220	104.21945054075
309.69100952148	57.847500928616	105.68542986852
310.69000244141	60.961649658217	107.17841558911
311.68899536133	64.288609520351	108.72842163828
312.68798828125	67.910925404059	110.33238869186
313.68701171875	71.912926609536	111.94251708931
314.68600463867	76.352936542476	113.47185610109
315.68499755859	81.243696996283	114.81834530542
316.68399047852	86.552832982090	115.89963050503
317.68301391602	92.230006117694	116.68254078911
318.68200683594	98.253896669368	117.18776674305
319.68099975586	104.67721257239	117.45736161175
320.67999267578	111.64348756938	117.49204261790
321.67898559570	119.35850502701	117.18158623922
322.67800903320	128.01753878354	116.25854100648
323.67700195313	137.70653135220	114.30136259958
324.67599487305	148.31096197018	110.80209609241
325.67498779297	159.48263084272	105.29028589470
326.67401123047	170.70507815352	97.454667631706
327.67300415039	181.43424298194	87.168227709024
328.67199707031	191.19056018623	74.365727848584
329.67098999023	199.45006651158	58.870323803461
330.67001342773	205.31447509241	40.414367973380
331.66900634766	207.21516132638	19.098300848483
332.66799926758	203.18447260254	-3.7855329727753
333.66699218750	192.06808447899	-25.328655948433
334.66598510742	174.91329280316	-42.013874240112
335.66500854492	154.84830924094	-51.717315835145
336.66400146484	135.30894652143	-54.671451278641
337.66299438477	118.49694017134	-52.648238927351
338.66198730469	105.16586467094	-47.659714335905
339.66101074219	95.172207764117	-41.256866908632
340.66000366211	88.027192519489	-34.429041236812
341.65899658203	83.202649891190	-27.749523544255
342.65798950195	80.243169662864	-21.543089672755
343.65701293945	78.778937735067	-16.005588991615
344.65600585938	78.499814100851	-11.271465260751
345.65499877930	79.121152161952	-7.4395248691237
346.65399169922	80.358609886963	-4.5685652879188
347.65301513672	81.924510226528	-2.6559926630949
348.65200805664	83.551118614335	-1.6189221357446
349.65100097656	85.031459664459	-1.2988908383867
350.64999389648	86.253104267785	-1.4989154140577
351.64898681641	87.200297680687	-2.0383693119777
352.64801025391	87.920348351441	-2.7966396788967
353.64700317383	88.473213844939	-3.7244551743590
354.64599609375	88.890262048536	-4.8228637826759
355.64498901367	89.158182650943	-6.1057255362631
356.64401245117	89.229925584477	-7.5651901278743
357.64300537109	89.052884962127	-9.1549500626307
358.64199829102	88.598930845667	-10.796492998688
359.64099121094	87.881135250508	-12.403231338908
360.64001464844	86.949917730637	-13.908029061944
361.63900756836	85.872973975901	-15.280191460261
362.63800048828	84.710836699476	-16.525298009085
363.63699340820	83.499976140665	-17.670865945596
364.63598632813	82.248949715346	-18.746802837570
365.63500976563	80.946661014176	-19.769621626985
366.63400268555	79.576914418162	-20.736042459803
367.63299560547	78.132212661848	-21.626830957950
368.63198852539	76.621086730491	-22.417514428482
369.63101196289	75.066854902990	-23.090146260756
370.63000488281	73.499739220112	-23.640719271143
371.62899780273	71.947082948353	-24.079792812463
372.62799072266	70.426024980359	-24.427330206952
373.62701416016	68.941146812162	-24.704900815841
374.62600708008	67.487088694634	-24.928802972198
375.62500000000	66.054059908995	-25.106517015634
376.62399291992	64.633772101496	-25.237127067351
377.62298583984	63.223445725742	-25.314738730283
378.62200927734	61.826841512303	-25.333121543028
379.62100219727	60.452444562418	-25.289518256841
380.61999511719	59.110234222740	-25.186431607402
381.61898803711	57.808330214930	-25.031153943420
382.61801147461	56.550868161033	-24.833703730814
383.61700439453	55.337431328890	-24.604206925768
384.61599731445	54.163971914740	-24.350667566083
385.61499023438	53.024546730209	-24.077678332223
386.61401367188	51.913319606571	-23.786275695831
387.61300659180	50.826194369634	-23.474723868202
388.61199951172	49.761819140290	-23.139980519025
389.61099243164	48.721633144216	-22.779283193663
390.60998535156	47.709226475903	-22.391634740502
391.60900878906	46.728964237043	-21.978639158071
392.60800170898	45.784436289798	-21.544587588317
393.60699462891	44.876954051297	-21.095633476337
394.60598754883	44.004793943787	-20.638288675996
395.60501098633	43.163319721012	-20.177620106139
396.60400390625	42.346155646590	-19.715738204666
397.60299682617	41.547141229838	-19.251199465182
398.60198974609	40.762333245080	-18.779602263347
399.60101318359	39.991459458226	-18.295403001329
400.60000610352	39.237957214222	-17.794265717429
401.59899902344	38.507612563327	-17.275143527245
402.59799194336	37.806132062063	-16.741170615820
403.59698486328	37.136535376042	-16.198881107096
404.59600830078	36.497485371487	-15.656005055194
405.59500122070	35.883207170546	-15.118548789633
406.59399414063	35.285286563275	-14.588311276516
407.59298706055	34.695655493617	-14.061915919922
408.59201049805	34.109757446281	-13.531867736286
409.59100341797	33.528484985086	-12.989467142145
410.58999633789	32.957955990849	-12.428354521181
411.58898925781	32.407075664859	-11.847355696632
412.58801269531	31.883796082196	-11.251262753641
413.58700561523	31.391536399775	-10.649151973021
414.58599853516	30.927286459627	-10.050790749879
415.58499145508	30.482246735262	-9.4624436651560
416.58401489258	30.044968546163	-8.8838378006594
417.58300781250	29.605902457000	-8.3075361601163
418.58200073242	29.161540632922	-7.7213387087324
419.58099365234	28.716339106893	-7.1128826583763
420.57998657227	28.281343478681	-6.4746355892530
421.57901000977	27.869917927924	-5.8070694416096
422.57800292969	27.492285863760	-5.1186059004679
423.57699584961	27.151027944809	-4.4221593524141
424.57598876953	26.839508510884	-3.7294635133732
425.57501220703	26.544057374610	-3.0452888100765
426.57400512695	26.249443962094	-2.3639027861675
427.57299804688	25.945789549762	-1.6695365566369
428.57199096680	25.634030381257	-0.94115278462123
429.57101440430	25.327412072595	-0.15988169178793
430.57000732422	25.047965167627	0.68399039756737
431.56900024414	24.819243363705	1.5876074635774
432.56799316406	24.658238226933	2.5373864901143
433.56698608398	24.569728501372	3.5156940342020
434.56600952148	24.545711193581	4.5104296768482
435.56500244141	24.571188080069	5.5241393926796
436.56399536133	24.635646862564	6.5787637622217
437.56298828125	24.747071921864	7.7128336961048
438.56201171875	24.943579276733	8.9701822239052
439.56100463867	25.298161338079	10.382941153233
440.55999755859	25.915205758802	11.953228865974
441.55899047852	26.920425118834	13.636634981703
442.55801391602	28.445861648727	15.326825233588
443.55700683594	30.607185369536	16.839137940881
444.55599975586	33.463693760854	17.895008768962
445.55499267578	36.948859313953	18.123458927583
446.55398559570	40.773699451154	17.118774486702
447.55300903320	44.357322834627	14.602819538484
448.55200195313	46.910600530442	10.673075546542
449.55099487305	47.761471437891	5.9502994160194
450.54998779297	46.746694325660	1.3837480299190
451.54901123047	44.298185559487	-2.2132325586634
452.54800415039	41.140500256852	-4.4916043903685
453.54699707031	37.920036489476	-5.5412618920533
454.54598999023	35.032167349309	-5.6741762337908
455.54501342773	32.634149872944	-5.2343219504567
456.54400634766	30.725767296584	-4.5029693378654
457.54299926758	29.224855651220	-3.6721610123214
458.54199218750	28.020325312738	-2.8491479766675
459.54098510742	27.007060239922	-2.0727702485804
460.54000854492	26.107509612974	-1.3354972675817
461.53900146484	25.280703226778	-0.60829438056065
462.53799438477	24.518708524424	0.13669152670290
463.53698730469	23.833667480898	0.91139457335694
464.53601074219	23.241649456354	1.7077643396325
465.53500366211	22.749644880609	2.5031149467716
466.53399658203	22.349313907480	3.2704772857603
467.53298950195	22.018113993049	3.9894159440920
468.53201293945	21.726213255251	4.6534613427702
469.53100585938	21.446167931960	5.2717429455197
470.52999877930	21.161437383470	5.8645576200132
471.52899169922	20.870363329400	6.4547732065241
472.52801513672	20.584077133564	7.0588468064146
473.52700805664	20.319677586857	7.6812728138667
474.52600097656	20.091934178889	8.3143215909910
475.52499389648	19.906845307311	8.9425008277251
476.52398681641	19.759259953096	9.5496003839650
477.52301025391	19.635066793610	10.125475260982
478.52200317383	19.516833095386	10.670096170577
479.52099609375	19.390615239345	11.193318690096
480.51998901367	19.251119382338	11.710620139162
481.51901245117	19.103084187299	12.236694657317
482.51800537109	18.958545194205	12.779699179803
483.51699829102	18.831240160369	13.338515613106
484.51599121094	18.730822855969	13.903940264193
485.51501464844	18.658999065783	14.462916636030
486.51400756836	18.609095274617	15.004162042637
487.51300048828	18.568930808746	15.522788236319
488.51199340820	18.525894787684	16.022216362949
489.51098632813	18.472081403079	16.512643243856
490.51000976563	18.407344774030	17.006687505335
491.50900268555	18.339046269560	17.514180789244
492.50799560547	18.278694030538	18.038330469301
493.50698852539	18.237036398650	18.574712801584
494.50601196289	18.219735402778	19.113440635821
495.50500488281	18.225209017116	19.643426899433
496.50399780273	18.245500310573	20.156965360712
497.50299072266	18.269717843550	20.652903766972
498.50201416016	18.288615030163	21.137010940341
499.50100708008	18.298528476857	21.619470366526
500.50000000000	18.302815078225	22.110511934675
501.49899291992	18.310406818432	22.616195881969
502.49798583984	18.332024235061	23.135915799021
503.49700927734	18.375842110228	23.662815689710
504.49600219727	18.444286541288	24.186648205552
505.49499511719	18.533251798997	24.697975925341
506.49398803711	18.634006665436	25.191981851431
507.49301147461	18.737010844376	25.670288264347
508.49200439453	18.836089229215	26.140076688828
509.49099731445	18.931210237084	26.610861046644
510.48999023438	19.028573561414	27.090137752854
511.48901367188	19.138146277605	27.580038881152
512.48797607422	19.269649305800	28.076153352773
513.48699951172	19.428687863953	28.569000174305
514.48602294922	19.614607244083	29.047545456604
515.48498535156	19.820949071340	29.503266097755
516.48400878906	20.038299341287	29.933139662016
517.48297119141	20.258347162801	30.340165829006
518.48199462891	20.477548800526	30.731277312254
519.48101806641	20.698620502635	31.113356541957
520.47998046875	20.929268701402	31.489146112767
521.47900390625	21.178627063479	31.854731678404
522.47802734375	21.452900341554	32.199731063319
523.47698974609	21.751964023757	32.510071172726
524.47601318359	22.068263639493	32.772161697127
525.47497558594	22.388501362798	32.976937176744
526.47399902344	22.697363621718	33.121943753013
527.47302246094	22.981605445703	33.210565678520
528.47198486328	23.232686652071	33.248864147887
529.47100830078	23.446443170746	33.241468819415
530.46997070313	23.619977846258	33.188680414009
531.46899414063	23.747200386470	33.086522319144
532.46801757813	23.815031130871	32.929974816241
533.46697998047	23.802591569158	32.718501186843
534.46600341797	23.684046912602	32.461380177937
535.46502685547	23.434688042156	32.180649073256
536.46398925781	23.038024850004	31.909889499802
537.46301269531	22.491061268287	31.688981186221
538.46197509766	21.805735299507	31.556913220143
539.46099853516	21.006262483963	31.545283344680
540.46002197266	20.123918516033	31.674607222028
541.45898437500	19.191420353881	31.953979842700
542.45800781250	18.238870303914	32.383333229062
543.45697021484	17.291732978552	32.956481334455
544.45599365234	16.370794335520	33.664010216988
545.45501708984	15.493120415987	34.494868542246
546.45397949219	14.673129135379	35.436941249806
547.45300292969	13.923088913283	36.476716834284
548.45202636719	13.252893421371	37.598888089186
549.45098876953	12.669157150882	38.786345605589
550.45001220703	12.174133543889	40.020910705611
551.44897460938	11.765025987517	41.284875190475
552.44799804688	11.434123238976	42.563047498190
553.44702148438	11.170077328886	43.844658763635
554.44598388672	10.960171838810	45.124526170209
555.44500732422	10.792993763034	46.402892838939
556.44396972656	10.660701330256	47.683778690474
557.44299316406	10.560014004529	48.972374504983
558.44201660156	10.491620177576	50.272436523272
559.44097900391	10.458143605104	51.584362625423
560.44000244141	10.461490369111	52.905060004729
561.43902587891	10.500628570746	54.229220010306
562.43798828125	10.570613916186	55.551868649442
563.43701171875	10.663402171186	56.871029666084
564.43597412109	10.770171878709	58.189185236024
565.43499755859	10.884202854367	59.513282129999
566.43402099609	11.003213634726	60.852714236840
567.43298339844	11.129995068982	62.216333275690
568.43200683594	11.271106440166	63.609526546888
569.43103027344	11.434042858029	65.032750218237
570.42999267578	11.624019499443	66.482031850038
571.42901611328	11.841602716651	67.951225740389
572.42797851563	12.082296430264	69.435554245072
573.42700195313	12.338267940858	70.934471237226
574.42602539063	12.601615757492	72.453235005550
575.42498779297	12.868033608918	74.001857887830
576.42401123047	13.139033472743	75.592092167090
577.42297363281	13.421948255064	77.233687765444
578.42199707031	13.727546598000	78.931137563272
579.42102050781	14.066123296761	80.682781376907
580.41998291016	14.443763594243	82.482290692324
581.41900634766	14.860133934149	84.322283815160
582.41802978516	15.309020061270	86.198805898119
583.41699218750	15.781440328543	88.114466715678
584.41601562500	16.270360040331	90.079047720907
585.41497802734	16.774781549358	92.107485398603
586.41400146484	17.301823745710	94.214939807047
587.41302490234	17.865413811929	96.412195085052
588.41198730469	18.482211802193	98.702256255064
589.41101074219	19.166309990251	101.08046450170
590.40997314453	19.924844651937	103.53760565788
591.40899658203	20.756402648221	106.06550298005
592.40802001953	21.653172371954	108.66273859720
593.40698242188	22.606487502698	111.33761463546
594.40600585938	23.613285501013	114.10766014953
595.40502929688	24.681061394175	116.99467383434
596.40399169922	25.828958318362	120.01767624784
597.40301513672	27.084048114676	123.18655878362
598.40197753906	28.474470992022	126.49897738698
599.40100097656	30.021795599996	129.94225195589
600.40002441406	31.735758877479	133.49978634023
601.39898681641	33.614191158586	137.15979826795
602.39801025391	35.648712754335	140.92251959248
603.39697265625	37.834004950812	144.80255594855
604.39599609375	40.177466363228	148.82431985359
605.39501953125	42.703590462678	153.01205468245
606.39398193359	45.451409457103	157.37818764644
607.39300537109	48.464339032037	161.91525455497
608.39202880859	51.775825718684	166.59550006437
609.39099121094	55.396593542731	171.37955874413
610.39001464844	59.308636765618	176.23236229015
611.38897705078	63.469460033873	181.14041704192
612.38800048828	67.826027998563	186.12347669895
613.38702392578	72.331476841624	191.23589466200
614.38598632813	76.957098105914	196.55798642601
615.38500976563	81.693518592906	202.18413479172
616.38397216797	86.540604147137	208.21764402639
617.38299560547	91.494344025767	214.77936126228
618.38201904297	96.540655293337	222.03115848338
619.38098144531	101.66548747786	230.20911096039
620.38000488281	106.88509650935	239.65562383012
621.37902832031	112.29213003003	250.84186406648
622.37799072266	118.10949689732	264.38008226019
623.37701416016	124.74832724457	281.03483315458
624.37597656250	132.87944108058	301.74786838229
625.37500000000	143.54503051648	327.69364315478
626.37402343750	158.36393426938	360.37455104152
627.37298583984	179.93040885865	401.76211985279
628.37200927734	212.62000086917	454.45156863729
629.37097167969	264.27641378783	521.67778863808
630.36999511719	349.90734630832	606.43192066409
631.36901855469	499.74029199547	706.34194797810
632.36798095703	772.88156847776	789.85704517555
633.36700439453	1237.2697436331	708.44297739374
634.36602783203	1672.4135741676	139.58848282626
635.36499023438	1442.0461690875	-612.62195272338
636.36401367188	909.47398774763	-846.70849220494
637.36297607422	556.92634966360	-788.09933510124
638.36199951172	364.88359298974	-679.18256771559
639.36102294922	257.50213426205	-582.12713353806
640.35998535156	193.24502680115	-504.57849384110
641.35900878906	152.06575875694	-443.49413769504
642.35797119141	124.03265299189	-394.85472016570
643.35699462891	103.96593643130	-355.41954466407
644.35601806641	89.027110233926	-322.83326841089
645.35498046875	77.582709946657	-295.43815707845
646.35400390625	68.637661178065	-272.07732979846
647.35302734375	61.541707917337	-251.93600439283
648.35198974609	55.836125294487	-234.42415831067
649.35101318359	51.177751356118	-219.09363287897
650.34997558594	47.302946035203	-205.58534055340
651.34899902344	44.012310451789	-193.59897947049
652.34802246094	41.162270963230	-182.87941147698
653.34698486328	38.656869582225	-173.21240393108
654.34600830078	36.437569745458	-164.42449055015
655.34497070313	34.470214961649	-156.38182245889
656.34399414063	32.732525742882	-148.98562264649
657.34301757813	31.203790644668	-142.16429415684
658.34197998047	29.859266891912	-135.86363919809
659.34100341797	28.669610457563	-130.03741569528
660.34002685547	27.603754242376	-124.64088670517
661.33898925781	26.633513949238	-119.62823800267
662.33801269531	25.737793130981	-114.95311656065
663.33697509766	24.904358871132	-110.57175149058
664.33599853516	24.129189269307	-106.44662929816
665.33502197266	23.413409831927	-102.54890336043
666.33398437500	22.759241788671	-98.858731920663
667.33300781250	22.166530306419	-95.363242946164
668.33197021484	21.630984140149	-92.053372894270
669.33099365234	21.144283091154	-88.920310049453
670.33001708984	20.696141297813	-85.953153407493
671.32897949219	20.276853479625	-83.138178051569
672.32800292969	19.879614521349	-80.459653958532
673.32702636719	19.501609392691	-77.902021034817
674.32598876953	19.143684709907	-75.451977049673
675.32501220703	18.808652402042	-73.099937183828
676.32397460938	18.499315033160	-70.840167682448
677.32299804688	18.216627340508	-68.669918549840
678.32202148438	17.958956911228	-66.587558724393
679.32098388672	17.722372558536	-64.590824112768
680.32000732422	17.501878375892	-62.675709604829
681.31896972656	17.292971309321	-60.836215287238
682.31799316406	17.092832621487	-59.065218311210
683.31701660156	16.900839036030	-57.355565859937
684.31597900391	16.718191413494	-55.701406508782
685.31500244141	16.546915142361	-54.098893215555
686.31402587891	16.388712798288	-52.546139410634
687.31298828125	16.244069793666	-51.042535451190
688.31201171875	16.111996213104	-49.587753657488
689.31097412109	15.990352371900	-48.180834324595
690.30999755859	15.876632261619	-46.819740544770
691.30902099609	15.768779449306	-45.501464610535
692.30798339844	15.665664604750	-44.222516094358
693.30700683594	15.567194524825	-42.979622707407
694.30603027344	15.473961817369	-41.770252931469
695.30499267578	15.386688450006	-40.592701021822
696.30401611328	15.305793469813	-39.446017878056
697.30297851563	15.231172192923	-38.329490042258
698.30200195313	15.162335968477	-37.242353506562
699.30102539063	15.098658258980	-36.183631761019
700.29998779297	15.039647879178	-35.152217841010
701.29901123047	14.984957371155	-34.147113406243
702.29797363281	14.934241250418	-33.167638573403
703.29699707031	14.886799812492	-32.213320977573
704.29602050781	14.841471316250	-31.283612885778
705.29498291016	14.796683035618	-30.377380723999
706.29400634766	14.751029539647	-29.492706954186
707.29302978516	14.703855323638	-28.626977294415
708.29199218750	14.655801721418	-27.777619705342
709.29101562500	14.608682789231	-26.943061866448
710.28997802734	14.564615915125	-26.123580819560
711.28900146484	14.524603296315	-25.321566509320
712.28802490234	14.486948273854	-24.540582683894
713.28698730469	14.446335583356	-23.783439957615
714.28601074219	14.394241889342	-23.049706199225
715.28497314453	14.321019899198	-22.333395730416
716.28399658203	14.219390336328	-21.622160287493
717.28302001953	14.088368770768	-20.898649849056
718.28198242188	13.936160112464	-20.144275586687
719.28100585938	13.780574799705	-19.344381237865
720.28002929688	13.646503160020	-18.493331290449
721.27899169922	13.560790290897	-17.597487661598
722.27801513672	13.546222919710	-16.675380762407
723.27697753906	13.616082290836	-15.754877645305
724.27600097656	13.770567026785	-14.868078640080
725.27502441406	13.995817494750	-14.045117645460
726.27398681641	14.265820395430	-13.307826869203
727.27301025391	14.547186718889	-12.664692354355
728.27197265625	14.806261484203	-12.108450461045
729.27099609375	15.016961696465	-11.617642861397
730.27001953125	15.166925917547	-11.162374299587
731.26898193359	15.259615962562	-10.712638172166
732.26800537109	15.311357791105	-10.246376692723
733.26702880859	15.344628981725	-9.7543350013862
734.26599121094	15.380203007018	-9.2401693170508
735.26501464844	15.431059275865	-8.7164902843930
736.26397705078	15.499755289916	-8.1986654389279
737.26300048828	15.579681117522	-7.6986457942490
738.26202392578	15.659186854985	-7.2208821445130
739.26098632813	15.727133208081	-6.7614747148401
740.26000976563	15.777567166154	-6.3104968821231
741.25897216797	15.812023048491	-5.8566729864980
742.25799560547	15.838466436194	-5.3921026392310
743.25701904297	15.867760182578	-4.9153801724377
744.25598144531	15.909128773609	-4.4317453275199
745.25500488281	15.966574094554	-3.9506464334534
746.25402832031	16.037571600406	-3.4817298395424
747.25299072266	16.114379003545	-3.0308871556810
748.25201416016	16.187415700274	-2.5980210833317
749.25097656250	16.249246128793	-2.1772107346938
750.25000000000	16.297639204365	-1.7593605390418
751.24902343750	16.336324109617	-1.3359939179873
752.24798583984	16.373266863723	-0.90276536018342
753.24700927734	16.417220687933	-0.46108411278858
754.24597167969	16.474095645975	-0.017319759104621
755.24499511719	16.544578452043	0.42000275265915
756.24401855469	16.623967301882	0.84381421221045
757.24298095703	16.704190088809	1.2514517549301
758.24200439453	16.777200409539	1.6457738111264
759.24102783203	16.838367173248	2.0339977845189
760.23999023438	16.888370833844	2.4246213376040
761.23901367188	16.932857584817	2.8239059222847
762.23797607422	16.979988148322	3.2333783064016
763.23699951172	17.036982277304	3.6492737989464
764.23602294922	17.107125699431	4.0642846925283
765.23498535156	17.188455141336	4.4707155435023
766.23400878906	17.274607509858	4.8637551828161
767.23297119141	17.357516957812	5.2435566933738
768.23199462891	17.430833149873	5.6152826170544
769.23101806641	17.492627518004	5.9869642653813
770.22998046875	17.546223456346	6.3661644749416
771.22900390625	17.598776319366	6.7568662181495
772.22802734375	17.658259078485	7.1579241992494
773.22698974609	17.730123724523	7.5636237434104
774.22601318359	17.815077664120	7.9662241813596
775.22497558594	17.908816487086	8.3592856201400
776.22399902344	18.003878408602	8.7404932239351
777.22302246094	18.092825595899	9.1127483193243
778.22198486328	18.171477649415	9.4830684928846
779.22100830078	18.240767067968	9.8597368492643
780.21997070313	18.306430997889	10.248855547810
781.21899414063	18.376645763787	10.651892100901
782.21801757813	18.458675765932	11.065183024706
783.21697998047	18.555900666054	11.481574692252
784.21600341797	18.666530456569	11.893549520028
785.21502685547	18.784417573141	12.296521290595
786.21398925781	18.901785310931	12.690928707871
787.21301269531	19.012669068772	13.082190708755
788.21197509766	19.115672553041	13.478657125777
789.21099853516	19.214785430505	13.888109805993
790.21002197266	19.317969496731	14.314616074933
791.20898437500	19.434017713538	14.756903986705
792.20800781250	19.569137325385	15.208992514318
793.20697021484	19.724633478726	15.662778925597
794.20599365234	19.896640101987	16.111513983363
795.20501708984	20.078032953836	16.552782214459
796.20397949219	20.261829547715	16.989644425454
797.20300292969	20.444612059216	17.429492058086
798.20202636719	20.628575047858	17.880980214405
799.20098876953	20.821217385267	18.350298781951
800.20001220703	21.032814895999	18.838485985636
801.19897460938	21.272775652487	19.340734731085
802.19799804688	21.546352496861	19.848156597662
803.19702148438	21.853117689572	20.351145869165
804.19598388672	22.187774486125	20.843036152877
805.19500732422	22.543070327415	21.322476917252
806.19396972656	22.913744709236	21.793574400448
807.19299316406	23.299720356477	22.263451642977
808.19201660156	23.707142993492	22.738279748066
809.19097900391	24.146781619218	23.219399890101
810.19000244141	24.630280581053	23.701141897838
811.18902587891	25.165844273207	24.171392390762
812.18798828125	25.754981295685	24.614589369405
813.18701171875	26.391733195417	25.016159340315
814.18597412109	27.064714534573	25.366587669066
815.18499755859	27.761322352986	25.663374886977
816.18402099609	28.472262873671	25.909913947661
817.18298339844	29.194429128543	26.111687260194
818.18200683594	29.930523203456	26.271307533626
819.18103027344	30.685512747403	26.384906978150
820.17999267578	31.461272748889	26.441589910717
821.17901611328	32.251872534799	26.426647169016
822.17797851563	33.041700146579	26.327302921602
823.17700195313	33.807789922836	26.138832798342
824.17602539063	34.525649931219	25.868163534618
825.17498779297	35.176471171090	25.533031033606
826.17401123047	35.752335023400	25.156713129028
827.17297363281	36.257015110320	24.760622363497
828.17199707031	36.701903582943	24.358113245135
829.17102050781	37.099113134783	23.952417572483
830.16998291016	37.455072159029	23.539391255342
831.16900634766	37.767479347444	23.113661021318
832.16802978516	38.027106987279	22.675172824577
833.16699218750	38.223415323971	22.232998783475
834.16601562500	38.351454697873	21.804395616490
835.16497802734	38.416546435833	21.409533802557
836.16400146484	38.434442126708	21.064286774465
837.16302490234	38.426821229717	20.774549709942
838.16198730469	38.414164751447	20.534629232954
839.16101074219	38.409299984940	20.330360903600
840.15997314453	38.414191938099	20.145459323976
841.15899658203	38.421301533341	19.968433888247
842.15802001953	38.418857889600	19.797164577729
843.15698242188	38.397820108874	19.639162260044
844.15600585938	38.357425530203	19.507442924822
845.15502929688	38.306798901506	19.413812564812
846.15399169922	38.262027966350	19.362715243385
847.15301513672	38.239986540446	19.348331432909
848.15197753906	38.251795499064	19.356152072813
849.15100097656	38.298637053953	19.368227217397
850.15002441406	38.371671785219	19.369924675833
851.14898681641	38.456144572524	19.355338646465
852.14801025391	38.538068089303	19.329050575470
853.14697265625	38.610597279959	19.303316079232
854.14599609375	38.677252869492	19.291805353119
855.14501953125	38.750511238722	19.302707267451
856.14398193359	38.846368508166	19.334236117731
857.14300537109	38.977320271770	19.374505572398
858.14202880859	39.146775917830	19.405779237331
859.14099121094	39.347223305247	19.411273527222
860.14001464844	39.563042173852	19.381737696302
861.13897705078	39.776852044609	19.318943971055
862.13800048828	39.976830431092	19.234428755027
863.13702392578	40.161645040794	19.143832939009
864.13598632813	40.340742424229	19.059271463309
865.13500976563	40.529666164422	18.983235379276
866.13397216797	40.742639140482	18.906761852689
867.13299560547	40.985519407662	18.812648186507
868.13201904297	41.252267585694	18.682372928846
869.13098144531	41.526474794076	18.503853187861
870.13000488281	41.787434582852	18.276674881662
871.12902832031	42.018397283198	18.012364705179
872.12799072266	42.213227909493	17.729303046047
873.12701416016	42.378330335155	17.444443234763
874.12597656250	42.528789214486	17.165666486597
875.12500000000	42.680574425438	16.888328592055
876.12402343750	42.842252244613	16.597533055374
877.12298583984	43.009961924096	16.275111083092
878.12200927734	43.167879607892	15.908325845177
879.12097167969	43.294081437827	15.496484884264
880.11999511719	43.369521535648	15.052413747567
881.11901855469	43.385986892000	14.597801481616
882.11798095703	43.349294070201	14.154438392739
883.11700439453	43.276120565143	13.735420340652
884.11602783203	43.186005453604	13.340453111850
885.11499023438	43.092262710266	12.957296128946
886.11401367188	42.995927797590	12.568555165368
887.11297607422	42.885296818195	12.160740459324
888.11199951172	42.741337216710	11.731628219418
889.11102294922	42.546576474337	11.292578693039
890.10998535156	42.293570770670	10.864594157207
891.10900878906	41.988875388830	10.469815745938
892.10797119141	41.650687598888	10.122476584256
893.10699462891	41.301287795886	9.8234877970071
894.10601806641	40.957943968369	9.5610216319942
895.10498046875	40.626328945325	9.3165472621923
896.10400390625	40.299097663348	9.0735397124544
897.10302734375	39.960207054406	8.8251111205791
898.10198974609	39.593001971017	8.5772760945901
899.10101318359	39.188619204349	8.3463648108647
900.09997558594	38.750786297602	8.1516982686132
901.09899902344	38.294884093474	8.0069153665662
902.09802246094	37.841768016164	7.9139613869308
903.09698486328	37.409344871025	7.8623047952423
904.09600830078	37.005625669420	7.8335271382952
905.09497070313	36.626121941474	7.8090326230401
906.09399414063	36.256502797427	7.7777379296416
907.09301757813	35.879417029268	7.7404315279841
908.09197998047	35.482562086891	7.7089651622257
909.09100341797	35.064469304638	7.7005748198637
910.09002685547	34.635401097241	7.7298283612249
911.08898925781	34.213006784070	7.8018989754789
912.08801269531	33.814839844675	7.9100952511825
913.08697509766	33.451096754895	8.0385070290908
914.08599853516	33.120559044539	8.1684982006189
915.08502197266	32.811362240470	8.2862448667379
916.08398437500	32.506192540334	8.3882405778624
917.08300781250	32.189823245280	8.4824233252081
918.08197021484	31.855790404490	8.5844035425726
919.08099365234	31.509184055234	8.7102654496604
920.08001708984	31.164367310142	8.8692691392270
921.07897949219	30.838641469814	9.0596576580279
922.07800292969	30.544816167428	9.2692407417781
923.07702636719	30.285811176356	9.4804416471848
924.07598876953	30.053378874713	9.6774394463250
925.07501220703	29.831552731551	9.8527240789130
926.07397460938	29.603337146634	10.010089860547
927.07299804688	29.358013034313	10.162922135914
928.07202148438	29.095714376466	10.328183258940
929.07098388672	28.827282659945	10.518884909075
930.07000732422	28.569425717158	10.738321111524
931.06896972656	28.337444825838	10.978588525701
932.06799316406	28.138655784762	11.223880585389
933.06701660156	27.969229984734	11.457026342038
934.06597900391	27.815643437361	11.666688557688
935.06500244141	27.660266237779	11.852101902591
936.06402587891	27.488858412997	12.023504630170
937.06298828125	27.296675659840	12.197662689173
938.06201171875	27.090524821494	12.390529169114
939.06097412109	26.885706685824	12.610228259917
940.05999755859	26.699344676551	12.853533898814
941.05902099609	26.542967816694	13.107198961072
942.05798339844	26.417579746294	13.353504832973
943.05700683594	26.313042883951	13.577663907554
944.05603027344	26.212198203540	13.774138231000
945.05499267578	26.098067904117	13.949115857881
946.05401611328	25.961156864116	14.117955625906
947.05297851563	25.803651994988	14.298533700526
948.05200195313	25.638412265430	14.503389676854
949.05102539063	25.483350008298	14.734282863475
950.04998779297	25.353669310185	14.981364040282
951.04901123047	25.255332753067	15.227352856580
952.04797363281	25.182370275628	15.454722988910
953.04699707031	25.119154292398	15.653166066640
954.04602050781	25.046900338393	15.824138266626
955.04498291016	24.951658319943	15.980400174298
956.04400634766	24.830444295767	16.140613363359
957.04302978516	24.692546306065	16.321143099851
958.04199218750	24.555428880488	16.528923826076
959.04101562500	24.437092568403	16.758422805847
960.03997802734	24.348293173609	16.993995032556
961.03900146484	24.287783490178	17.216429546981
962.03802490234	24.242553152616	17.411113400994
963.03698730469	24.193069214814	17.574421955328
964.03601074219	24.121530661575	17.715601337749
965.03497314453	24.019547625472	17.852971244090
966.03399658203	23.891894659918	18.006049724268
967.03302001953	23.754314241338	18.187066238785
968.03198242188	23.626634275882	18.395752559056
969.03100585938	23.524113054333	18.619540030288
970.03002929688	23.450829107958	18.838963578296
971.02899169922	23.397731373299	19.036030444722
972.02801513672	23.346207292243	19.202102567052
973.02697753906	23.275906598375	19.342034761266
974.02600097656	23.173598432284	19.472458653681
975.02502441406	23.039128535184	19.614818714984
976.02398681641	22.885595023395	19.786146892642
977.02301025391	22.733684089749	19.991770176563
978.02197265625	22.602832302335	20.223205855568
979.02099609375	22.503021809845	20.461885771799
980.02001953125	22.430556916876	20.687068821247
981.01898193359	22.369530538969	20.884776196633
982.01800537109	22.298523578406	21.054018824159
983.01702880859	22.199973536973	21.207621437256
984.01599121094	22.068066019453	21.366850843401
985.01501464844	21.911564288277	21.552217089638
986.01397705078	21.750112682231	21.774502694058
987.01300048828	21.605919203674	22.030178582265
988.01202392578	21.494373508641	22.302835586062
989.01098632813	21.417626528873	22.570066495687
990.01000976563	21.363556624622	22.812811038424
991.00897216797	21.310703871127	23.023539111456
992.00799560547	21.237418197484	23.209789104469
993.00701904297	21.131396443060	23.391138910112
994.00598144531	20.995286699961	23.590744246882
995.00500488281	20.845684218450	23.825192226274
996.00402832031	20.705994268882	24.097257734055
997.00299072266	20.596493034685	24.394682054397
998.00201416016	20.525746151105	24.695223325989
999.00097656250	20.486860345783	24.975861755183
1000.0000000000	20.460038620853	25.222531955283
