#Parameters = {w=5; s=24; i_y=110; i_x=110; eps_eff=6; a=2000; t=0.1}
#"Frequency / GHz"	"Z1,1 [Real/Imaginary Part] [Re]"	"Z1,1 [Real/Imaginary Part] [Im]"
#-------------------------------------------------------------------------------------
92.000000000000	0.080198336502266	-24.790339148340
92.508003234863	0.079979424566997	-24.496849886077
93.015998840332	0.079721076407390	-24.205463394196
93.524002075195	0.079431097538185	-23.916138039464
94.031997680664	0.079111327004466	-23.628837795126
94.540000915527	0.078767081041028	-23.343531874792
95.047996520996	0.078401623105613	-23.060151602269
95.555999755859	0.078015089913229	-22.778693651555
96.064002990723	0.077619047389675	-22.499109997393
96.571998596191	0.077213713000723	-22.221363063112
97.080001831055	0.076801741477650	-21.945413916514
97.587997436523	0.076392383750372	-21.671244904645
98.096000671387	0.075985747733397	-21.398816033683
98.603996276855	0.075589048642185	-21.128090956700
99.111999511719	0.075204179745630	-20.859041471294
99.620002746582	0.074841719036411	-20.591641339098
100.12799835205	0.074494754478084	-20.325850215350
100.63600158691	0.074179960510266	-20.061654210337
101.14399719238	0.073890327072580	-19.799016970937
101.65200042725	0.073637249477669	-19.537911072187
102.16000366211	0.073414331489298	-19.278321274919
102.66799926758	0.073240955303590	-19.020209851506
103.17600250244	0.073109880023539	-18.763548305096
103.68399810791	0.073030660316173	-18.508323508913
104.19200134277	0.072999802212173	-18.254506863718
104.69999694824	0.073032135064896	-18.002074870649
105.20800018311	0.073116816875477	-17.751011614931
105.71600341797	0.073270135661076	-17.501284771676
106.22399902344	0.073486434473389	-17.252881498841
106.73200225830	0.073772304085713	-17.005779784317
107.23999786377	0.074133008538874	-16.759948685847
107.74800109863	0.074562746607443	-16.515389007443
108.25599670410	0.075067537367511	-16.272058947700
108.76399993896	0.075657485184642	-16.029967308909
109.27200317383	0.076320927065205	-15.789060707864
109.77999877930	0.077075304547389	-15.549347525496
110.28800201416	0.077906456865088	-15.310802044878
110.79599761963	0.078830582353776	-15.073415824796
111.30400085449	0.079837284727822	-14.837158952901
111.81199645996	0.080934248908907	-14.602016084743
112.31999969482	0.082118114576453	-14.367974658864
112.82800292969	0.083399584579304	-14.135031114042
113.33599853516	0.084767218218276	-13.903147609044
113.84400177002	0.086226136521745	-13.672321696391
114.35199737549	0.087783381682939	-13.442551894954
114.86000061035	0.089424172373282	-13.213791956827
115.36799621582	0.091165554889218	-12.986059744153
115.87599945068	0.092990683517730	-12.759323713920
116.38400268555	0.094911584805010	-12.533566355037
116.89199829102	0.096925264561591	-12.308791934258
117.40000152588	0.099025915020396	-12.084973911798
117.90799713135	0.10122124686924	-11.862094268162
118.41600036621	0.10350068771155	-11.640154351452
118.92400360107	0.10586488560074	-11.419130656156
119.43199920654	0.10831752372649	-11.199019048803
119.94000244141	0.11085290415146	-10.979795576399
120.44799804688	0.11347485935162	-10.761461094493
120.95600128174	0.11617451289627	-10.543996283408
121.46399688721	0.11895389624275	-10.327384730320
121.97200012207	0.12180744672041	-10.111628326968
122.48000335693	0.12473801146863	-9.8966981660541
122.98799896240	0.12774361015163	-9.6825891006616
123.49600219727	0.13081304852752	-9.4692909754462
124.00399780273	0.13395519788168	-9.2567944924248
124.51200103760	0.13716071368875	-9.0450687239041
125.01999664307	0.14042899434655	-8.8341304454069
125.52799987793	0.14375535774406	-8.6239555624889
126.03600311279	0.14714309455722	-8.4145201638446
126.54399871826	0.15058216095769	-8.2058295737137
127.05200195313	0.15407245917917	-7.9978563470878
127.55999755859	0.15761434705978	-7.7906059918836
128.06799316406	0.16119889046365	-7.5840539070298
128.57600402832	0.16483014637730	-7.3782009894599
129.08399963379	0.16849932522724	-7.1730117219426
129.59199523926	0.17220332622097	-6.9684960277275
130.10000610352	0.17594637216885	-6.7646342859700
130.60800170898	0.17972012301915	-6.5614117204978
131.11599731445	0.18351959835401	-6.3588252652827
131.62399291992	0.18734404618377	-6.1568501080847
132.13200378418	0.19119575875903	-5.9554798753454
132.63999938965	0.19506607822996	-5.7547023072266
133.14799499512	0.19895399013016	-5.5545062588031
133.65600585938	0.20285588884501	-5.3548784033856
134.16400146484	0.20677466573449	-5.1558114437820
134.67199707031	0.21069899865811	-4.9572845745872
135.17999267578	0.21463171530121	-4.7592908271767
135.68800354004	0.21857411528326	-4.5618069222895
136.19599914551	0.22251982695856	-4.3648423891793
136.70399475098	0.22646621658504	-4.1683608633718
137.21200561523	0.23041253690022	-3.9723670226704
137.72000122070	0.23435689799132	-3.7768357029152
138.22799682617	0.23829872205294	-3.5817614130989
138.73599243164	0.24223555596699	-3.3871310014616
139.24400329590	0.24616550143734	-3.1929381791694
139.75199890137	0.25008815508141	-2.9991523766063
140.25999450684	0.25400662014649	-2.8057737535027
140.76800537109	0.25791043955927	-2.6127895472199
141.27600097656	0.26180869035904	-2.4201880885829
141.78399658203	0.26569324884325	-2.2279453152999
142.29200744629	0.26956978402957	-2.0360669630026
142.80000305176	0.27343490197849	-1.8445230871940
143.30799865723	0.27728897982032	-1.6533085170374
143.81599426270	0.28113522770995	-1.4624229276638
144.32400512695	0.28496711241889	-1.2718244060433
144.83200073242	0.28879108826624	-1.0815315436968
145.33999633789	0.29260575988340	-0.89150881448921
145.84800720215	0.29641393136403	-0.70175662814990
146.35600280762	0.30021298596393	-0.51225742198156
146.86399841309	0.30401041557957	-0.32300581759693
147.37199401855	0.30779876145932	-0.13398429248543
147.88000488281	0.31158687581204	0.054818471402054
148.38800048828	0.31537444961091	0.24341384643608
148.89599609375	0.31915955305949	0.43181308579602
149.40400695801	0.32295221944929	0.62002759129201
149.91200256348	0.32674709893728	0.80807422987134
150.41999816895	0.33055108796576	0.99595869609574
150.92799377441	0.33436484641307	1.1836921140632
151.43600463867	0.33819078607830	1.3712792927426
151.94400024414	0.34203707003123	1.5587558502755
152.45199584961	0.34589667440305	1.7461024824396
152.96000671387	0.34978086026864	1.9333484214085
153.46800231934	0.35368914775490	2.1204928980864
153.97599792480	0.35762768640742	2.3075649948346
154.48399353027	0.36159767640051	2.4945455339759
154.99200439453	0.36560378955952	2.6814759575657
155.50000000000	0.36964833539664	2.8683430899148
156.00799560547	0.37373827405445	3.0551760663206
156.51600646973	0.37787170505609	3.2419614048381
157.02400207520	0.38205828952912	3.4287289468256
157.53199768066	0.38629865267436	3.6154712891450
158.03999328613	0.39059999148206	3.8022117065673
158.54800415039	0.39496683717407	3.9889490191018
159.05599975586	0.39939643116903	4.1756997689939
159.56399536133	0.40390145621669	4.3624703502514
160.07200622559	0.40848431533771	4.5492648127498
160.58000183105	0.41314312669927	4.7360941549971
161.08799743652	0.41789130859295	4.9229703665438
161.59599304199	0.42272653284506	5.1098908664771
162.10400390625	0.42765796583674	5.2968740977018
162.61199951172	0.43268201686595	5.4839242346630
163.11999511719	0.43781352749308	5.6710478882313
163.62800598145	0.44305100760839	5.8582481849506
164.13600158691	0.44839888492700	6.0455370690429
164.64399719238	0.45386479194076	6.2329262213814
165.15199279785	0.45944867034835	6.4204139981955
165.66000366211	0.46515525854227	6.6080058618215
166.16799926758	0.47099287882062	6.7957123181594
166.67599487305	0.47695827731992	6.9835452459883
167.18400573730	0.48306776897490	7.1714987162846
167.69200134277	0.48931253944152	7.3595935306655
168.19999694824	0.49570299835585	7.5478180709554
168.70799255371	0.50224114627099	7.7361898358646
169.21600341797	0.50893091603053	7.9247197204431
169.72399902344	0.51577590658194	8.1133947878650
170.23199462891	0.52278124215125	8.3022386228949
170.74000549316	0.52994874355202	8.4912499846991
171.24800109863	0.53728143236926	8.6804345529526
171.75599670410	0.54478274200858	8.8697973065375
172.26400756836	0.55245430887173	9.0593349960507
172.77200317383	0.56030755633087	9.2490773298978
173.27999877930	0.56833674855016	9.4390057194147
173.78799438477	0.57654204646727	9.6291269989039
174.29600524902	0.58493455010804	9.8194591564126
174.80400085449	0.59351391591538	10.010002157373
175.31199645996	0.60228179812253	10.200760021481
175.82000732422	0.61124088255076	10.391738835574
176.32800292969	0.62039399975888	10.582944707199
176.83599853516	0.62974040127901	10.774380358616
177.34399414063	0.63928703923511	10.966047413241
177.85200500488	0.64903197125499	11.157963656887
178.36000061035	0.65897528318468	11.350119489433
178.86799621582	0.66912633587816	11.542531632806
179.37600708008	0.67947661755263	11.735205707339
179.88400268555	0.69003212931748	11.928132546286
180.39199829102	0.70079744902729	12.121342795129
180.89999389648	0.71176489527568	12.314819302643
181.40800476074	0.72294861503440	12.508581241809
181.91600036621	0.73433550794047	12.702626347982
182.42399597168	0.74593935492259	12.896964450503
182.93200683594	0.75775094035148	13.091606981132
183.44000244141	0.76977373228432	13.286559091851
183.94799804688	0.78201016332498	13.481814835874
184.45599365234	0.79446564793440	13.677393437494
184.96400451660	0.80712690132275	13.873303402457
185.47200012207	0.82000814697494	14.069542291025
185.97999572754	0.83310343820705	14.266132280882
186.48800659180	0.84641265329196	14.463060128960
186.99600219727	0.85993731612492	14.660348441304
187.50399780273	0.87367686491368	14.858000953981
188.01199340820	0.88763614992300	15.056028678315
188.52000427246	0.90180885862939	15.254441407251
189.02799987793	0.91619615817090	15.453231418945
189.53599548340	0.93080549797017	15.652433566378
190.04400634766	0.94562517157138	15.852035329875
190.55200195313	0.96066869728792	16.052059546409
191.05999755859	0.97592692394041	16.252505218102
191.56799316406	0.99140537773591	16.453391889314
192.07600402832	1.0071044042351	16.654722930783
192.58399963379	1.0230232837667	16.856517812815
193.09199523926	1.0391566227412	17.058764652859
193.60000610352	1.0555140540965	17.261503555296
194.10800170898	1.0720923926554	17.464728499186
194.61599731445	1.0888921361732	17.668460074557
195.12399291992	1.1059203255026	17.872702069902
195.63200378418	1.1231643281686	18.077458009375
196.13999938965	1.1406422300113	18.282762917129
196.64799499512	1.1583404860401	18.488612915623
197.15600585938	1.1762738055897	18.695022535476
197.66400146484	1.1944292876957	18.902006416917
198.17199707031	1.2128268130234	19.109581594997
198.67999267578	1.2314564951161	19.317753742320
199.18800354004	1.2503157786429	19.526544288533
199.69599914551	1.2694192253404	19.735966224945
200.20399475098	1.2887645049316	19.946022237643
200.71200561523	1.3083586266357	20.156752966175
201.22000122070	1.3281919949085	20.368139711520
201.72799682617	1.3482857320346	20.580232097108
202.23599243164	1.3686320465628	20.793017914651
202.74400329590	1.3892357915625	21.006521998771
203.25199890137	1.4101028654044	21.220763016095
203.75999450684	1.4312365356549	21.435752070175
204.26800537109	1.4526466324456	21.651512276423
204.77600097656	1.4743326279344	21.868051219589
205.28399658203	1.4962939799281	22.085384384405
205.79200744629	1.5185521355027	22.303545311694
206.30000305176	1.5411053983412	22.522540931147
206.80799865723	1.5639600586327	22.742383807844
207.31599426270	1.5871169342916	22.963091821322
207.82400512695	1.6105923197305	23.184694739855
208.33200073242	1.6343915582943	23.407202029744
208.83999633789	1.6585148422886	23.630622915585
209.34800720215	1.6829807103769	23.854996840449
209.85600280762	1.7077863338203	24.080321135438
210.36399841309	1.7329500035361	24.306623825480
210.87199401855	1.7584802514118	24.533934155300
211.38000488281	1.7843785844409	24.762254665054
211.88800048828	1.8106629245342	24.991607884188
212.39599609375	1.8373350351247	25.222012252545
212.90400695801	1.8644148287728	25.453500063345
213.41200256348	1.8919107609128	25.686073062154
213.91999816895	1.9198303586511	25.919764390499
214.42799377441	1.9481838507909	26.154588054642
214.93600463867	1.9769898724420	26.390562553726
215.44400024414	2.0062618463967	26.627723615710
215.95199584961	2.0360008151962	26.866058802700
216.46000671387	2.0662330027847	27.105618524589
216.96800231934	2.0969675710665	27.346408537416
217.47599792480	2.1282187032037	27.588474370541
217.98399353027	2.1599954130079	27.831784295364
218.49200439453	2.1923177921298	28.076415178031
219.00000000000	2.2252035700446	28.322351128451
219.50799560547	2.2586690545550	28.569638289056
220.01600646973	2.2927225257149	28.818279779996
220.52400207520	2.3273796776886	29.068293458527
221.03199768066	2.3626658167389	29.319724836332
221.53999328613	2.3985957391997	29.572574145388
222.04800415039	2.4351895958651	29.826874464329
222.55599975586	2.4724542437786	30.082632335132
223.06399536133	2.5104202401268	30.339894164996
223.57200622559	2.5491044775701	30.598661176578
224.08000183105	2.5885215912816	30.858969585005
224.58799743652	2.6286915551136	31.120824287954
225.09599304199	2.6696422806670	31.384271315502
225.60400390625	2.7113862394618	31.649319148675
226.11199951172	2.7539465750347	31.915985299396
226.61999511719	2.7973439061413	32.184301142065
227.12800598145	2.8416043840675	32.454288576048
227.63600158691	2.8867426623624	32.725966086783
228.14399719238	2.9327890721190	32.999361927221
228.65199279785	2.9797680419803	33.274502077604
229.16000366211	3.0276928885595	33.551404593220
229.66799926758	3.0765979908232	33.830097820235
230.17599487305	3.1265064346367	34.110612826960
230.68400573730	3.1774360387226	34.392956591180
231.19200134277	3.2294133419168	34.677159073441
231.69999694824	3.2824758352228	34.963243987701
232.20799255371	3.3366400221719	35.251252061961
232.71600341797	3.3919354054696	35.541191568059
233.22399902344	3.4483891050862	35.833093982303
233.73199462891	3.5060295553955	36.126986007617
234.24000549316	3.5648820763885	36.422891267002
234.74800109863	3.6249791157851	36.720835547267
235.25599670410	3.6863527549976	37.020855414317
235.76400756836	3.7490299424678	37.322964765024
236.27200317383	3.8130452388181	37.627202070838
236.77999877930	3.8784261362771	37.933584275197
237.28799438477	3.9452008295179	38.242150162830
237.79600524902	4.0134120415452	38.552914497020
238.30400085449	4.0830852569434	38.865918477033
238.81199645996	4.1542589391297	39.181198612251
239.32000732422	4.2269692909168	39.498763874928
239.82800292969	4.3012420990751	39.818646980063
240.33599853516	4.3771282060882	40.140903559236
240.84399414063	4.4546491151974	40.465537125805
241.35200500488	4.5338584522022	40.792604976406
241.86000061035	4.6147842609618	41.122113040182
242.36799621582	4.6974658743858	41.454110748835
242.87600708008	4.7819557939213	41.788628454943
243.38400268555	4.8682776681068	42.125681206082
243.89199829102	4.9564868799054	42.465342549619
244.39999389648	5.0466208242823	42.807625015965
244.90800476074	5.1387359077884	43.152560723572
245.41600036621	5.2328558329076	43.500188696519
245.92399597168	5.3290480209272	43.850561324661
246.43200683594	5.4273486216435	44.203694148431
246.94000244141	5.5278144222447	44.559644546334
247.44799804688	5.6304929288209	44.918449534766
247.95599365234	5.7354290236977	45.280125158622
248.46400451660	5.8426860236826	45.644751032046
248.97200012207	5.9523158857500	46.012344174073
249.47999572754	6.0643731967830	46.382955420001
249.98800659180	6.1789163374154	46.756612064857
250.49600219727	6.2960078513886	47.133387102810
251.00399780273	6.4157106467190	47.513309877646
251.51199340820	6.5380778906218	47.896434750638
252.02000427246	6.6631803900622	48.282790772662
252.52799987793	6.7910957602365	48.672453392745
253.03599548340	6.9218685510287	49.065446030096
253.54400634766	7.0555875165369	49.461821008948
254.05200195313	7.1923274378708	49.861658050200
254.55999755859	7.3321557337008	50.264967259894
255.06799316406	7.4751607468543	50.671840720594
255.57600402832	7.6214138909072	51.082301780999
256.08401489258	7.7710003256038	51.496433058137
256.59201049805	7.9240059212036	51.914269908311
257.10000610352	8.0805227036208	52.335872349116
257.60800170898	8.2406385730353	52.761301233440
258.11599731445	8.4044509097171	53.190606486617
258.62399291992	8.5720651483532	53.623887231321
259.13198852539	8.7435662408569	54.061145493306
259.64001464844	8.9190704038289	54.502480755435
260.14801025391	9.0986909028786	54.947959710319
260.65600585938	9.2825313196781	55.397620637772
261.16400146484	9.4707148983685	55.851556559325
261.67199707031	9.6633592122363	56.309834194951
262.17999267578	9.8605880284328	56.772479883965
262.68798828125	10.062530515252	57.239604726381
263.19601440430	10.269325393317	57.711260639048
263.70401000977	10.481117033043	58.187502332157
264.21200561523	10.698035823620	58.668430060735
264.72000122070	10.920240791679	59.154100191240
265.22799682617	11.147893583238	59.644593392442
265.73599243164	11.381143543712	60.139956805924
266.24398803711	11.620160441911	60.640302356815
266.75201416016	11.865123502657	61.145671301804
267.26000976563	12.116206026501	61.656139535335
267.76800537109	12.373601792234	62.171804285762
268.27600097656	12.637497745406	62.692723618301
268.78399658203	12.908088216786	63.218968131648
269.29199218750	13.185608523174	63.750627984573
269.79998779297	13.470255130436	64.287755307688
270.30801391602	13.762261008999	64.830453116450
270.81600952148	14.061854009034	65.378775883804
271.32400512695	14.369281004556	65.932791009842
271.83200073242	14.684793162527	66.492584477620
272.33999633789	15.008647346470	67.058207336560
272.84799194336	15.341135032356	67.629774269947
273.35598754883	15.682514966556	68.207295932893
273.86401367188	16.033101646850	68.790873734279
274.37200927734	16.393191165738	69.380564634066
274.88000488281	16.763080320040	69.976425685139
275.38800048828	17.143144091372	70.578543116280
275.89599609375	17.533675868177	71.186888675436
276.40399169922	17.935069169189	71.801626181955
276.91198730469	18.347684243321	72.422745988250
277.42001342773	18.771893906179	73.050276215903
277.92800903320	19.208094612035	73.684301460671
278.43600463867	19.656728402851	74.324829031686
278.94400024414	20.118186227002	74.971873902873
279.45199584961	20.592944014981	75.625455372817
279.95999145508	21.081450495016	76.285615576618
280.46798706055	21.584196846868	76.952326966672
280.97601318359	22.101684376957	77.625604837109
281.48400878906	22.634411439154	78.305407380672
281.99200439453	23.182966297596	78.991766068527
282.50000000000	23.747870307368	79.684620851067
283.00799560547	24.329715731878	80.383894735991
283.51599121094	24.929089915413	81.089500699931
284.02398681641	25.546629676159	81.801382193157
284.53201293945	26.183030588266	82.519531391705
285.04000854492	26.838870613590	83.243656622472
285.54800415039	27.514937617959	83.973797311589
286.05599975586	28.211890370110	84.709641671860
286.56399536133	28.930534964817	85.451120898653
287.07199096680	29.671594013874	86.197963172900
287.57998657227	30.435893194551	86.949950742746
288.08801269531	31.224265095819	87.706835755770
288.59600830078	32.037576398251	88.468305137393
289.10400390625	32.876682001836	89.234006714383
289.61199951172	33.742552073235	90.003614445691
290.11999511719	34.636056054945	90.776630794227
290.62799072266	35.558226962976	91.552695846584
291.13598632813	36.510051122908	92.331250681355
291.64401245117	37.492551046833	93.111754364582
292.15200805664	38.506867061061	93.893676693985
292.66000366211	39.553922521708	94.676130023499
293.16799926758	40.635012249003	95.458651946732
293.67599487305	41.751157022251	96.240224558680
294.18399047852	42.903573777180	97.020049455586
294.69198608398	44.093449047660	97.797208118923
295.20001220703	45.321997858179	98.570644169224
295.70800781250	46.590470289602	99.339214790918
296.21600341797	47.900079478088	100.10171800218
296.72399902344	49.252126516669	100.85679252567
297.23199462891	50.647854809393	101.60307173169
297.73999023438	52.088560660893	102.33895397821
298.24798583984	53.575519946274	103.06280991393
298.75601196289	55.110007498802	103.77283007712
299.26400756836	56.693257086859	104.46709196209
299.77200317383	58.326531714565	105.14351320264
300.27999877930	60.011016612336	105.79987168612
300.78799438477	61.747904279579	106.43381104816
301.29598999023	63.538252602557	107.04272536174
301.80398559570	65.383190470613	107.62398380538
302.31201171875	67.283635975019	108.17462172380
302.82000732422	69.240502870209	108.69162909938
303.32800292969	71.254538536418	109.17168554283
303.83599853516	73.326398257234	109.61136172849
304.34399414063	75.456595170738	110.00701136557
304.85198974609	77.645446489682	110.35478807915
305.35998535156	79.893104078659	110.65061999431
305.86801147461	82.199487174196	110.89026777099
306.37600708008	84.564258346673	111.06929559744
306.88400268555	86.986882894137	111.18309729872
307.39199829102	89.466416430971	111.22686692772
307.89999389648	92.001676149486	111.19564517277
308.40798950195	94.591090375789	111.08430115889
308.91598510742	97.232677899089	110.88761118315
309.42401123047	99.924028900648	110.60022033095
309.93200683594	102.66232985444	110.21671604981
310.44000244141	105.44425434227	109.73164318007
310.94799804688	108.26593062979	109.13954635740
311.45599365234	111.12297418051	108.43499327410
311.96398925781	114.01044188602	107.61265449569
312.47198486328	116.92278228964	106.66737450509
312.98001098633	119.85386466479	105.59419089731
313.48800659180	122.79694851934	104.38840809745
313.99600219727	125.74469406317	103.04571729104
314.50399780273	128.68913127204	101.56221209519
315.01199340820	131.62174112257	99.934424531525
315.51998901367	134.53342146495	98.159651455969
316.02801513672	137.41464246868	96.235693933104
316.53601074219	140.25521697508	94.161043373431
317.04400634766	143.04478160653	91.935222782392
317.55200195313	145.77249098573	89.558476647827
318.05999755859	148.42727976720	87.031996225563
318.56799316406	150.99801035195	84.358080520703
319.07598876953	153.47343630304	81.540014597138
319.58401489258	155.84239219821	78.582098356830
320.09201049805	158.09401652851	75.489891903622
320.60000610352	160.21763304076	72.269844031004
321.10800170898	162.20314373927	68.929582937852
321.61599731445	164.04100054508	65.477756052882
322.12399291992	165.72238078007	61.923954576540
322.63198852539	167.23934150345	58.278689199590
323.14001464844	168.58480454774	54.553212337252
323.64801025391	169.75286237441	50.759526449474
324.15600585938	170.73860548251	46.910162875327
324.66400146484	171.53837743126	43.018068599145
325.17199707031	172.14984569915	39.096548897866
325.67999267578	172.57173619828	35.158950936492
326.18798828125	172.80422372062	31.218686437172
326.69601440430	172.84863077133	27.288976958265
327.20401000977	172.70750340085	23.382755224980
327.71200561523	172.38458386248	19.512538134312
328.22000122070	171.88456412923	15.690261057343
328.72799682617	171.21323067222	11.927223533179
329.23599243164	170.37727656436	8.2339768873641
329.74398803711	169.38413591735	4.6202336441924
330.25201416016	168.24181343865	1.0948150537730
330.76000976563	166.95899674907	-2.3343773697704
331.26800537109	165.54476526224	-5.6604013787592
331.77600097656	164.00853072652	-8.8772848358438
332.28399658203	162.35973664242	-11.979996255127
332.79199218750	160.60821456879	-14.964473562456
333.29998779297	158.76359583800	-17.827549841204
333.80801391602	156.83539266443	-20.566914826953
334.31600952148	154.83309435500	-23.181108965241
334.82400512695	152.76586637089	-25.669421295635
335.33200073242	150.64256518762	-28.031862195845
335.83999633789	148.47167621679	-30.269055872481
336.34799194336	146.26139955700	-32.382264338042
336.85598754883	144.01937833242	-34.373203348029
337.36401367188	141.75292839529	-36.244094540329
337.87200927734	139.46881634470	-37.997519818339
338.38000488281	137.17340867064	-39.636408166874
338.88800048828	134.87260188688	-41.163989280672
339.39599609375	132.57176815690	-42.583664309366
339.90399169922	130.27591268417	-43.899071822663
340.41198730469	127.98951991256	-45.113946159937
340.92001342773	125.71669539709	-46.232111115748
341.42800903320	123.46112830976	-47.257496888575
341.93600463867	121.22611439153	-48.194001414333
342.44400024414	119.01458664687	-49.045563965689
342.95199584961	116.82912261877	-49.816070230978
343.45999145508	114.67199356226	-50.509376566259
343.96798706055	112.54512410791	-51.129255386207
344.47601318359	110.45022183769	-51.679426262944
344.98400878906	108.38869024392	-52.163470891634
345.49200439453	106.36170115258	-52.584914653840
346.00000000000	104.37023150919	-52.947149616396
346.50799560547	102.41502796812	-53.253449496988
347.01599121094	100.49669939888	-53.506997304891
347.52398681641	98.615630683725	-53.710800818083
348.03201293945	96.772102943589	-53.867784047384
348.54000854492	94.966252145578	-53.980722626529
349.04800415039	93.198105993275	-54.052296920558
349.55599975586	91.467562501424	-54.085034509617
350.06399536133	89.774462417320	-54.081361414706
350.57199096680	88.118520287463	-54.043569934338
351.07998657227	86.499424685935	-53.973852980384
351.58801269531	84.916756820876	-53.874269516701
352.09600830078	83.370074898160	-53.746799908461
352.60400390625	81.858876589824	-53.593294870397
353.11199951172	80.382629274322	-53.415510607841
353.61999511719	78.940750720810	-53.215120745776
354.12799072266	77.532656322409	-52.993702613181
354.63598632813	76.157702994572	-52.752714219854
355.14401245117	74.815285998663	-52.493574871131
355.65200805664	73.504712855274	-52.217592016411
356.16000366211	72.225332895040	-51.926006074859
356.66799926758	70.976488248898	-51.619989544270
357.17599487305	69.757488477850	-51.300635192635
357.68399047852	68.567685226574	-50.968997170844
358.19198608398	67.406375791463	-50.626020818038
358.70001220703	66.272898913341	-50.272650466676
359.20800781250	65.166593410670	-49.909703593936
359.71600341797	64.086798748333	-49.538033433578
360.22399902344	63.032855713160	-49.158357390067
360.73199462891	62.004116194032	-48.771406090588
361.23999023438	60.999962401316	-48.377831853932
361.74798583984	60.019759835435	-47.978271721691
362.25601196289	59.062890404548	-47.573299388297
362.76400756836	58.128764192672	-47.163472511067
363.27200317383	57.216785246554	-46.749297240722
363.77999877930	56.326374860340	-46.331266479030
364.28799438477	55.456969092459	-45.909811287457
364.79598999023	54.608022082856	-45.485365712796
365.30398559570	53.778980775183	-45.058311068489
365.81201171875	52.969340390966	-44.629037228434
366.32000732422	52.178559371708	-44.197864188566
366.82800292969	51.406156939683	-43.765131238766
367.33599853516	50.651638209843	-43.331124387649
367.84399414063	49.914524527725	-42.896130909788
368.35198974609	49.194362268809	-42.460423187811
368.85998535156	48.490687455078	-42.024228487994
369.36801147461	47.803079638462	-41.587782137864
369.87600708008	47.131086522189	-41.151284140337
370.38400268555	46.474319625248	-40.714955372492
370.89199829102	45.832349190146	-40.278954476814
371.39999389648	45.204805224067	-39.843468940484
371.90798950195	44.591296711589	-39.408656059083
372.41598510742	43.991439029399	-38.974644917240
372.92401123047	43.404899637450	-38.541596884254
373.43200683594	42.831306058910	-38.109614087185
373.94000244141	42.270327140224	-37.678838186069
374.44799804688	41.721627077246	-37.249363097080
374.95599365234	41.184894992622	-36.821294951746
375.46398925781	40.659802227619	-36.394710931228
375.97198486328	40.146061339444	-35.969720500015
376.48001098633	39.643363873128	-35.546382701855
376.98800659180	39.151431967477	-35.124776111367
377.49600219727	38.669984039097	-34.704962758324
378.00399780273	38.198757113431	-34.287009614390
378.51199340820	37.737476867031	-33.870965032561
379.01998901367	37.285896969894	-33.456874117922
379.52801513672	36.843766087290	-33.044791714256
380.03601074219	36.410846835664	-32.634760818691
380.54400634766	35.986890708233	-32.226795301489
381.05200195313	35.571700097827	-31.820961689594
381.55999755859	35.165018816139	-31.417256886947
382.06799316406	34.766655237049	-31.015725850936
382.57598876953	34.376401753293	-30.616391963777
383.08401489258	33.994033427427	-30.219257243144
383.59201049805	33.619361369198	-29.824335212919
384.10000610352	33.252220896807	-29.431679991863
384.60800170898	32.892386481594	-29.041248018022
385.11599731445	32.539702933676	-28.653095043274
385.62399291992	32.193979022795	-28.267192607897
386.13198852539	31.855044564670	-27.883559430730
386.64001464844	31.522743285465	-27.502202990076
387.14801025391	31.196902707553	-27.123117019276
387.65600585938	30.877364603325	-26.746296995365
388.16400146484	30.563978075150	-26.371743130115
388.67199707031	30.256595209375	-25.999459665429
389.17999267578	29.955066782773	-25.629428411559
389.68798828125	29.659255073307	-25.261652541806
390.19601440430	29.369012649758	-24.896110392679
390.70401000977	29.084217433205	-24.532808580639
391.21200561523	28.804734387872	-24.171729858418
391.72000122070	28.530427123800	-23.812849800857
392.22799682617	28.261184258585	-23.456185747546
392.73599243164	27.996877905766	-23.101684922630
393.24398803711	27.737389386003	-22.749361606452
393.75201416016	27.482606508710	-22.399190447628
394.26000976563	27.232410965739	-22.051144187917
394.76800537109	26.986709051648	-21.705237370474
395.27600097656	26.745379929539	-21.361421837247
395.78399658203	26.508334868516	-21.019700252666
396.29199218750	26.275458939489	-20.680039200278
396.79998779297	26.046659832381	-20.342425389453
397.30801391602	25.821839809834	-20.006831615941
397.81600952148	25.600910331502	-19.673248813969
398.32400512695	25.383778228473	-19.341652731527
398.83200073242	25.170354457660	-19.012021904089
399.33999633789	24.960551934744	-18.684326340199
399.84799194336	24.754291751058	-18.358557222308
400.35598754883	24.551480640260	-18.034674753770
400.86401367188	24.352050658319	-17.712673092564
401.37200927734	24.155926052833	-17.392529008904
401.88000488281	23.963021518164	-17.074213622192
402.38800048828	23.773265257170	-16.757696448119
402.89599609375	23.586589072212	-16.442965012870
403.40399169922	23.402917227418	-16.129989182205
403.91198730469	23.222188801167	-15.818748921448
404.42001342773	23.044336114587	-15.509220371675
404.92800903320	22.869287637123	-15.201373921314
405.43600463867	22.696987716530	-14.895186656975
405.94400024414	22.527373492310	-14.590628573216
406.45199584961	22.360381218479	-14.287690268677
406.95999145508	22.195953693722	-13.986331269157
407.46798706055	22.034042817812	-13.686540877072
407.97601318359	21.874583552599	-13.388273754854
408.48400878906	21.717521272580	-13.091520620893
408.99200439453	21.562805882859	-12.796248136431
409.50000000000	21.410393984506	-12.502441432041
410.00799560547	21.260228074116	-12.210065340130
410.51599121094	21.112261537335	-11.919101297772
411.02398681641	20.966446601453	-11.629510699151
411.53201293945	20.822743541620	-11.341288808663
412.04000854492	20.681100378014	-11.054395134182
412.54800415039	20.541480308733	-10.768811428065
413.05599975586	20.403835469731	-10.484508824576
413.56399536133	20.268128893000	-10.201469204152
414.07199096680	20.134319077887	-9.9196520808921
414.57998657227	20.002375077709	-9.6390546548810
415.08801269531	19.872249601716	-9.3596330680515
415.59600830078	19.743911811955	-9.0813717120443
416.10400390625	19.617326996254	-8.8042455540043
416.61199951172	19.492457191571	-8.5282290312970
417.11999511719	19.369275011355	-8.2533010380935
417.62799072266	19.247743880636	-7.9794331826540
418.13598632813	19.127832766010	-7.7066032617133
418.64401245117	19.009514495034	-7.4347828091439
419.15200805664	18.892757108612	-7.1639558168867
419.66000366211	18.777535334215	-6.8941005461431
420.16799926758	18.663818099384	-6.6251848997901
420.67599487305	18.551581623336	-6.3571952339619
421.18399047852	18.440801545627	-6.0901027855606
421.69198608398	18.331450978989	-5.8238886621982
422.20001220703	18.223505050751	-5.5585271059177
422.70800781250	18.116942835701	-5.2939982403625
423.21600341797	18.011737228653	-5.0302813992430
423.72399902344	17.907871408562	-4.7673479371053
424.23199462891	17.805323647546	-4.5051878557314
424.73999023438	17.704072189048	-4.2437770080331
425.24798583984	17.604095861319	-3.9830909228573
425.75601196289	17.505379379410	-3.7231060754514
426.26400756836	17.407902803237	-3.4638084784573
426.77200317383	17.311649596835	-3.2051849201738
427.27999877930	17.216597731107	-2.9472003963530
427.78799438477	17.122736560717	-2.6898481553354
428.29598999023	17.030048075850	-2.4331042208398
428.80398559570	16.938515954138	-2.1769453185003
429.31201171875	16.848125002202	-1.9213582888088
429.82000732422	16.758862212507	-1.6663257997292
430.32800292969	16.670712231658	-1.4118347770808
430.83599853516	16.583664835274	-1.1578570252288
431.34399414063	16.497702894412	-0.90438001331328
431.85198974609	16.412812561037	-0.65139133140285
432.35998535156	16.328982035358	-0.39886811658745
432.86801147461	16.246210199921	-0.14679822238015
433.37600708008	16.164472895698	0.10484138132550
433.88400268555	16.083764730035	0.35605754522601
434.39199829102	16.004070301010	0.60687302001867
434.89999389648	15.925382669808	0.85729464921206
435.40798950195	15.847695399347	1.1073346111772
435.91598510742	15.770991585589	1.3570209315940
436.42401123047	15.695262929063	1.6063658088006
436.93200683594	15.620504523724	1.8553760397851
437.44000244141	15.546704439838	2.1040580534317
437.94799804688	15.473852051640	2.3524457185625
438.45599365234	15.401944713979	2.6005350848574
438.96398925781	15.330965648604	2.8483487289522
439.47198486328	15.260909958397	3.0958940558286
439.98001098633	15.191770425735	3.3431823263586
440.48800659180	15.123539577038	3.5902317934299
440.99600219727	15.056209654750	3.8370440733520
441.50399780273	14.989770304199	4.0836478381812
442.01199340820	14.924210639160	4.3300374730676
442.51998901367	14.859534205223	4.5762385671066
443.02801513672	14.795726332434	4.8222456377779
443.53601074219	14.732776303550	5.0680831319143
444.04400634766	14.670679873273	5.3137522236475
444.55200195313	14.609433262001	5.5592707318565
445.05999755859	14.549024665736	5.8046461496931
445.56799316406	14.489449400043	6.0498918576943
446.07598876953	14.430699488497	6.2950142115891
446.58401489258	14.372768649002	6.5400267858615
447.09201049805	14.315643195247	6.7849319398176
447.60000610352	14.259319676049	7.0297467044926
448.10800170898	14.203796581856	7.2744809045841
448.61599731445	14.149061225241	7.5191398306833
449.12399291992	14.095104183109	7.7637388270467
449.63198852539	14.041919730551	8.0082798831314
450.14001464844	13.989507398872	8.2527771073032
450.64801025391	13.937847624154	8.4972311493051
451.15600585938	13.886937639554	8.7416679356160
451.66400146484	13.836770941765	8.9860904615252
452.17199707031	13.787343295426	9.2304963587911
452.67999267578	13.738643601847	9.4749171781561
453.18798828125	13.690663301583	9.7193423220143
453.69601440430	13.643392361921	9.9637934037474
454.20401000977	13.596826462927	10.208274822037
454.71200561523	13.550953494039	10.452792708601
455.22000122070	13.505771570018	10.697362842531
455.72799682617	13.461268041480	10.941995179963
456.23599243164	13.417435559082	11.186700520671
456.74398803711	13.374263845012	11.431484355593
457.25201416016	13.331750663259	11.676360118761
457.76000976563	13.289877975727	11.921334989694
458.26800537109	13.248645239907	12.166426480411
458.77600097656	13.208044340334	12.411645019319
459.28399658203	13.168059378520	12.656994793640
459.79199218750	13.128684620004	12.902482340344
460.29998779297	13.089911955690	13.148133107641
460.80801391602	13.051736717666	13.393952291420
461.31600952148	13.014146373101	13.639957542108
461.82400512695	12.977126991544	13.886151855554
462.33200073242	12.940675083434	14.132557630611
462.83999633789	12.904781209429	14.379169606925
463.34799194336	12.869434784613	14.626020060804
463.85598754883	12.834629357004	14.873121081123
464.36401367188	12.800353919851	15.120466815474
464.87200927734	12.766604751959	15.368097978070
465.38000488281	12.733361197312	15.616017060504
465.88800048828	12.700624409885	15.864223321674
466.39599609375	12.668379050538	16.112755076417
466.90399169922	12.636625089902	16.361622028985
467.41198730469	12.605347196860	16.610833675337
467.92001342773	12.574537293264	16.860404615856
468.42800903320	12.544186636377	17.110353188951
468.93600463867	12.514287596969	17.360705558131
469.44400024414	12.484827961720	17.611473354211
469.95199584961	12.455805215931	17.862669399570
470.45999145508	12.427209952301	18.114315459545
470.96798706055	12.399029063277	18.366424840744
471.47601318359	12.371268356225	18.619034946056
471.98400878906	12.343899135231	18.872141194524
472.49200439453	12.316922915719	19.125773513021
473.00000000000	12.290339773166	19.379945914880
473.50799560547	12.264140308056	19.634695255693
474.01599121094	12.238305204910	19.890029872395
474.52398681641	12.212839619569	20.145972012697
475.03201293945	12.187738740218	20.402544916632
475.54000854492	12.162980999957	20.659757880170
476.04800415039	12.138577614983	20.917657289112
476.55599975586	12.114511042528	21.176257310822
477.06399536133	12.090783029266	21.435563956226
477.57199096680	12.067382020665	21.695631759800
478.07998657227	12.044304308556	21.956461235252
478.58801269531	12.021550287899	22.218079216878
479.09600830078	11.999111211622	22.480525651037
479.60400390625	11.976981916871	22.743813589769
480.11199951172	11.955160969196	23.007966060578
480.61999511719	11.933648844909	23.273021962803
481.12799072266	11.912431383199	23.539001144481
481.63598632813	11.891509584403	23.805912356770
482.14401245117	11.870891967596	24.073821017369
482.65200805664	11.850563144386	24.342732886271
483.16000366211	11.830517810815	24.612666273364
483.66799926758	11.810772999204	24.883675721061
484.17599487305	11.791308629236	25.155763049482
484.68399047852	11.772141991393	25.428977454246
485.19198608398	11.753258750471	25.703338139061
485.70001220703	11.734662429455	25.978874854694
486.20800781250	11.716349771752	26.255618798613
486.71600341797	11.698332082327	26.533617220111
487.22399902344	11.680602370046	26.812879689162
487.73199462891	11.663169136160	27.093444275134
488.23999023438	11.646022552411	27.375346178985
488.74798583984	11.629176116808	27.658610753209
489.25601196289	11.612628271931	27.943275867770
489.76400756836	11.596381259759	28.229376462802
490.27200317383	11.580443409259	28.516942896248
490.77999877930	11.564810043477	28.805999378675
491.28799438477	11.549487977494	29.096584407893
491.79598999023	11.534493864088	29.388754282366
492.30398559570	11.519812640333	29.682509843319
492.81201171875	11.505459513152	29.977903048550
493.32000732422	11.491443078583	30.274965544842
493.82800292969	11.477770971780	30.573737837356
494.33599853516	11.464440581267	30.874247945972
494.84399414063	11.451462355255	31.176532560974
495.35198974609	11.438841544190	31.480636803183
495.85998535156	11.426593809316	31.786592372671
496.36801147461	11.414718515874	32.094433359076
496.87600708008	11.403226319042	32.404200877367
497.38400268555	11.392118249813	32.715922941627
497.89199829102	11.381417232663	33.029655730094
498.39999389648	11.371123036414	33.345421972092
498.90798950195	11.361246629298	33.663278066568
499.41598510742	11.351795657191	33.983244064736
499.92401123047	11.342776644075	34.305360222607
500.43200683594	11.334205965758	34.629689747416
500.94000244141	11.326090351415	34.956247138136
501.44799804688	11.318438633360	35.285085008724
501.95599365234	11.311266977825	35.616252352947
502.46398925781	11.304577296310	35.949786361831
502.97198486328	11.298383554050	36.285721395564
503.48001098633	11.292707258374	36.624105874380
503.98800659180	11.287540539930	36.964985947501
504.49600219727	11.282911215501	37.308410877872
505.00399780273	11.278819735915	37.654424598763
505.51199340820	11.275284570877	38.003052099148
506.01998901367	11.272313479451	38.354366213471
506.52801513672	11.269918955354	38.708408892383
507.03601074219	11.268112881803	39.065220700631
507.54400634766	11.266907092746	39.424857036083
508.05200195313	11.266310514039	39.787352091426
508.55999755859	11.266344091851	40.152790514853
509.06799316406	11.267012054844	40.521180089745
509.57598876953	11.268329741028	40.892610134075
510.08401489258	11.270308208421	41.267120117698
510.59201049805	11.272956545573	41.644760872962
511.10000610352	11.276287923091	42.025584347136
511.60800170898	11.280326574458	42.409661990625
512.11602783203	11.285070420417	42.797052781260
512.62402343750	11.290536561371	43.187800072602
513.13201904297	11.296737383325	43.581972367141
513.64001464844	11.303691884034	43.979637248125
514.14801025391	11.311393692944	44.380839893134
514.65600585938	11.319875802647	44.785678951750
515.16400146484	11.329146382842	45.194187849554
515.67199707031	11.339206808773	45.606444954363
516.17999267578	11.350085629513	46.022535684441
516.68798828125	11.361779401209	46.442510749238
517.19598388672	11.374307657820	46.866461597292
517.70397949219	11.387681441819	47.294449069445
518.21197509766	11.401918176858	47.726570507199
518.71997070313	11.417031255060	48.162878421266
519.22802734375	11.433022419004	48.603465553623
519.73602294922	11.449910392497	49.048434824821
520.24401855469	11.467716386764	49.497867559499
520.75201416016	11.486439529613	49.951827649760
521.26000976563	11.506100725025	50.410425254970
521.76800537109	11.526713606199	50.873774586626
522.27600097656	11.548286951461	51.341944726667
522.78399658203	11.570837349118	51.815042223312
523.29199218750	11.594374365042	52.293178269653
523.79998779297	11.618915628418	52.776465775854
524.30798339844	11.644475657504	53.264995473915
524.81597900391	11.671063863075	53.758900911681
525.32397460938	11.698703671677	54.258303511229
525.83197021484	11.727400132413	54.763304426881
526.34002685547	11.757177465416	55.274058979072
526.84802246094	11.788046150333	55.790675103638
527.35601806641	11.820019210428	56.313277249641
527.86401367188	11.853113933283	56.842033369458
528.37200927734	11.887356812616	57.377074606091
528.88000488281	11.922755274024	57.918550758553
529.38800048828	11.959338672735	58.466616925955
529.89599609375	11.997110419899	59.021419061422
530.40399169922	12.036106959021	59.583147811436
530.91198730469	12.076332125328	60.151945053881
531.41998291016	12.117828028625	60.728013082890
531.92797851563	12.160609631362	61.311532711464
532.43597412109	12.204687651626	61.902675673777
532.94396972656	12.250096644394	62.501646902268
533.45202636719	12.296867204429	63.108659943498
533.96002197266	12.345021604798	63.723906245114
534.46801757813	12.394586729572	64.347628114642
534.97601318359	12.445595942641	64.980029678254
535.48400878906	12.498086349980	65.621381305726
535.99200439453	12.552080226326	66.271872425298
536.50000000000	12.607620884407	66.931793968031
537.00799560547	12.664748985067	67.601413923439
537.51599121094	12.723488366609	68.280976995806
538.02398681641	12.783902771867	68.970768767224
538.53198242188	12.846028331968	69.671118015256
539.03997802734	12.909909532387	70.382287321542
539.54797363281	12.975586751398	71.104605328016
540.05603027344	13.043143268375	71.838424782840
540.56402587891	13.112598862871	72.584066067179
541.07202148438	13.184031349177	73.341892458887
541.58001708984	13.257511995648	74.112267519461
542.08801269531	13.333095847662	74.895544073484
542.59600830078	13.410858121163	75.692189840932
543.10400390625	13.490871979951	76.502576542359
543.61199951172	13.573222457805	77.327144987895
544.11999511719	13.657982591796	78.166337409456
544.62799072266	13.745259564210	79.020644250632
545.13598632813	13.835137879392	79.890525403220
545.64398193359	13.927720585287	80.776510104347
546.15197753906	14.023122544442	81.679144804159
546.65997314453	14.121456795719	82.598946893901
547.16802978516	14.222832700134	83.536520396658
547.67602539063	14.327411295350	84.492424587048
548.18402099609	14.435306669908	85.467369063458
548.69201660156	14.546671499017	86.461925176097
549.20001220703	14.661659352880	87.476843733638
549.70800781250	14.780434854223	88.512799818990
550.21600341797	14.903185488917	89.570579497671
550.72399902344	15.030100313998	90.650937763970
551.23199462891	15.161373226565	91.754686415800
551.73999023438	15.297235197749	92.882742325037
552.24798583984	15.437898584123	94.035949626787
552.75598144531	15.583603127286	95.215295272767
553.26397705078	15.734631745640	96.421741539304
553.77197265625	15.891253213400	97.656340215371
554.28002929688	16.053764804379	98.920170596642
554.78802490234	16.222473691201	100.21441563552
555.29602050781	16.397735473066	101.54023438467
555.80401611328	16.579929676418	102.89892058365
556.31201171875	16.769401956364	104.29181803421
556.82000732422	16.966615562565	105.72032123365
557.32800292969	17.171977413075	107.18591922786
557.83599853516	17.386004673386	108.69015449128
558.34399414063	17.609181464214	110.23469542804
558.85198974609	17.842099323900	111.82128216171
559.35998535156	18.085329521506	113.45175407681
559.86798095703	18.339525462865	115.12803857012
560.37597656250	18.605365405022	116.85223402932
560.88397216797	18.883579182868	118.62648509692
561.39202880859	19.175040040347	120.45313712851
561.90002441406	19.480579400703	122.33465482707
562.40802001953	19.801140364344	124.27366535679
562.91601562500	20.137722637464	126.27280007603
563.42401123047	20.491458689493	128.33513347944
563.93200683594	20.863559978947	130.46384093725
564.44000244141	21.255322485741	132.66216298581
564.94799804688	21.668166893893	134.93378679279
565.45599365234	22.103629755413	137.28238614557
565.96398925781	22.563404956559	139.71211904908
566.47198486328	23.049403071991	142.22740482893
566.97998046875	23.563569544600	144.83289092772
567.48797607422	24.108120539629	147.53347223866
567.99597167969	24.685564661928	150.33469678458
568.50402832031	25.298565590092	153.24235322669
569.01202392578	25.950062163458	156.26264268005
569.52001953125	26.643316478361	159.40232052306
570.02801513672	27.381909388553	162.66859680645
570.53601074219	28.169944865867	166.06943554667
571.04400634766	29.011714103300	169.61322852025
571.55200195313	29.912314264579	173.30928950832
572.05999755859	30.877154048408	177.16750872428
572.56799316406	31.912547230175	181.19902839705
573.07598876953	33.025293870847	185.41540810873
573.58398437500	34.223194138765	189.82975593179
574.09197998047	35.514987322536	194.45615634832
574.59997558594	36.910644517637	199.31007428933
575.10797119141	38.421317998875	204.40844830219
575.61602783203	40.059787291579	209.76993783547
576.12402343750	41.840585204802	215.41494644365
576.63201904297	43.780351902294	221.36610490253
577.14001464844	45.898174916514	227.64828446919
577.64801025391	48.216048744670	234.28908747769
578.15600585938	50.759355060068	241.31897616584
578.66400146484	53.557675176276	248.77190259133
579.17199707031	56.645448291781	256.68540734102
579.67999267578	60.063003261406	265.10143407187
580.18798828125	63.857823300874	274.06665947323
580.69598388672	68.085991415799	283.63320557513
581.20397949219	72.814175856505	293.85914064132
581.71197509766	78.122173643887	304.80934221391
582.21997070313	84.105690038178	316.55609482228
582.72802734375	90.880439722801	329.18000040166
583.23602294922	98.587497034530	342.76999099203
583.74401855469	107.39889731664	357.42482355973
584.25201416016	117.52754915697	373.25108061874
584.76000976563	129.23674285681	390.36427302628
585.26800537109	142.85628621014	408.88413837710
585.77600097656	158.80052515175	428.93062050117
586.28399658203	177.59419105585	450.61335733587
586.79199218750	199.90627977435	474.01306955901
587.29998779297	226.59274442918	499.15069541132
587.80798339844	258.75112681545	525.93517772443
588.31597900391	297.78824323479	554.07149245929
588.82397460938	345.49161590879	582.91054207827
589.33197021484	404.08678716322	611.20262179490
589.84002685547	476.22927862987	636.70174448748
590.34802246094	564.80996209886	655.56428633163
590.85601806641	672.32923726356	661.54820133754
591.36401367188	799.42902924806	645.20183655437
591.87200927734	942.11830840156	593.80079056684
592.38000488281	1087.8798128863	493.72183271921
592.88800048828	1213.1171495841	337.24890326564
593.39599609375	1287.4967586187	132.64553592405
593.90399169922	1288.3647536760	-91.270063661914
594.41198730469	1215.8850226938	-295.89731749237
594.91998291016	1092.8014499627	-452.73981730252
595.42797851563	949.19086291087	-553.77208860375
595.93597412109	808.32133644294	-606.65235794371
596.44396972656	682.53924067028	-624.77359269198
596.95202636719	575.83378134911	-620.62803068153
597.46002197266	487.65099017843	-603.51375437146
597.96801757813	415.59916322559	-579.59492946679
598.47601318359	356.88472600739	-552.68836157160
598.98400878906	308.92629562058	-525.04626800212
599.49200439453	269.55203910522	-497.93400927311
600.00000000000	237.01083029455	-472.02363712417
