#Parameters = {a=1500; t=0.1}
#"Frequency / GHz"	"Z1,1 [Real/Imaginary Part] [Re]"	"Z1,1 [Real/Imaginary Part] [Im]"
#-------------------------------------------------------------------------------------
1.0000000000000	432.42292654264	-1508.0073857048
1.9989999532700	112.59255011569	-799.34437917591
2.9979999065399	48.983015404218	-537.75961281003
3.9969999790192	26.400737668208	-403.57170025852
4.9959998130798	15.923283550274	-322.03217100976
5.9949998855591	10.254399993589	-267.17606293815
6.9939999580383	6.8703562097055	-227.67691342632
7.9930000305176	4.7108406345833	-197.81811538512
8.9919996261597	3.2672842879831	-174.40596693689
9.9910001754761	2.2707243023229	-155.51722301613
10.989999771118	1.5679146128893	-139.92478056174
11.989000320435	1.0660504760906	-126.80907087001
12.987999916077	0.70617215369656	-115.60174586661
13.987000465393	0.44926445483561	-105.89621218974
14.986000061035	0.26860981253010	-97.393916721567
15.984999656677	0.14532899917947	-89.870611862713
16.983999252319	0.065776378625575	-83.154488490836
17.982999801636	0.019864271418977	-77.111696889598
18.982000350952	1.0188024595865e-06	-71.636341987685
19.981000900269	0.00038555362647596	-66.643521732432
20.979999542236	0.016523595923915	-62.064334223976
21.979000091553	0.044915097464734	-57.842243026498
22.978000640869	0.082786455301154	-53.930390514319
23.976999282837	0.12795285095547	-50.289609429722
24.975999832153	0.17866303072963	-46.886879501443
25.975000381470	0.23352531690312	-43.694165009482
26.974000930786	0.29143205241188	-40.687398809087
27.972999572754	0.35151294136868	-37.845946605650
28.972000122070	0.41306058199645	-35.151878425662
29.971000671387	0.47553142996602	-32.589596239800
30.969999313354	0.53852313767288	-30.145361407994
31.968999862671	0.60172207101247	-27.807106235430
32.967998504639	0.66492632424528	-25.564107825048
33.966999053955	0.72800525446157	-23.406797249632
34.965999603271	0.79091862573992	-21.326643697315
35.965000152588	0.85368707679630	-19.315912626110
36.964000701904	0.91640687212782	-17.367617555316
37.963001251221	0.97926037492445	-15.475403737984
38.962001800537	1.0424738978086	-13.633441052941
39.960998535156	1.1063773222572	-11.836383447989
40.959999084473	1.1713709227729	-10.079263836208
41.958999633789	1.2379558877932	-8.3574967193871
42.958000183105	1.3067098687275	-6.6667731930343
43.957000732422	1.3783360713462	-5.0030905812186
44.956001281738	1.4536501340889	-3.3626596269662
45.955001831055	1.5335896702858	-1.7419040960184
46.953998565674	1.6192369469652	-0.13746745028811
47.952999114990	1.7118252820107	1.4538501909652
48.951999664307	1.8127562026713	3.0350887342400
49.951000213623	1.9236099379469	4.6090773192978
50.950000762939	2.0461707996161	6.1785581457783
51.949001312256	2.1824382345845	7.7460510887795
52.948001861572	2.3346389625204	9.3139355384385
53.946998596191	2.5052658508584	10.884416945609
54.945999145508	2.6970842245410	12.459492900188
55.944999694824	2.9131518307845	14.040928695919
56.944000244141	3.1568458866493	15.630263406728
57.943000793457	3.4318884732055	17.228716153348
58.942001342773	3.7423602924336	18.837158803139
59.941001892090	4.0927147011534	20.456077345537
60.939998626709	4.4877858883082	22.085452463525
61.938999176025	4.9327811204755	23.724670021553
62.937999725342	5.4332880008358	25.372496463439
63.937000274658	5.9952149860654	27.026813193787
64.935997009277	6.6247465756917	28.684627204813
65.934997558594	7.3282472121622	30.341830605954
66.933998107910	8.1121440887705	31.993121805397
67.932998657227	8.9827194640014	33.631771633489
68.931999206543	9.9458938201542	35.249565237238
69.930999755859	11.006929630602	36.836662763481
70.930000305176	12.170075895761	38.381557814386
71.929000854492	13.438126336242	39.871064636659
72.928001403809	14.811980900604	41.290507406500
73.927001953125	16.290146919995	42.623922265840
74.926002502441	17.868284407546	43.854472980463
75.925003051758	19.538780569332	44.965034577602
76.924003601074	21.290506646827	45.938913775463
77.922996520996	23.108690709100	46.760686075394
78.921997070313	24.975119659470	47.417144930006
79.920997619629	26.868538750815	47.898207775427
80.919998168945	28.765373335869	48.197665926590
81.918998718262	30.640731916133	48.313844083385
82.917999267578	32.469493236522	48.249851235326
83.916999816895	34.227521785329	48.013499168787
84.916000366211	35.892766697344	47.616865772256
85.915000915527	37.446215190589	47.075613394648
86.914001464844	38.872549927692	46.408013811616
87.913002014160	40.160290577025	45.633822647457
88.912002563477	41.302009122242	44.773375127233
89.911003112793	42.293786836047	43.846582177718
90.910003662109	43.134853765972	42.872326512022
91.908996582031	43.826904744721	41.867988186721
92.907997131348	44.373382291261	40.849154718872
93.906997680664	44.778988465263	39.829723253427
94.905998229980	45.049233570223	38.822036193815
95.904998779297	45.189978881888	37.837046199047
96.903999328613	45.207329516071	36.884645867002
97.902999877930	45.107596484272	35.973938383101
98.902000427246	44.897207534771	35.113370594651
99.901000976563	44.582949672082	34.310931640511
100.90000152588	44.171988247788	33.574141792142
101.89900207520	43.672037800909	32.910039861697
102.89800262451	43.091346348023	32.325052442774
103.89700317383	42.438845607016	31.824900804897
104.89600372314	41.723984684953	31.414365232693
105.89499664307	40.956731991181	31.097239393585
106.89399719238	40.147316566317	30.876135774645
107.89299774170	39.306151412966	30.752461983933
108.89199829102	38.443534967739	30.726359207964
109.89099884033	37.569544126594	30.796811953938
110.88999938965	36.693776712308	30.961621778088
111.88899993896	35.825264522025	31.217595827803
112.88800048828	34.972310853272	31.560642202861
113.88700103760	34.142450881680	31.985942642680
114.88600158691	33.342331678324	32.488006106542
115.88500213623	32.577777985249	33.060929795078
116.88400268555	31.853741557223	33.698441676811
117.88300323486	31.174298248298	34.393998447466
118.88200378418	30.542689134040	35.140873756052
119.88099670410	29.961372421743	35.932317859352
120.87999725342	29.431990537224	36.761509072793
121.87899780273	28.955405659665	37.621661199813
122.87799835205	28.531724291821	38.506115782839
123.87699890137	28.160220899958	39.408297042836
124.87599945068	27.839464423557	40.321937562245
125.87500000000	27.567208086652	41.241026819602
126.87400054932	27.340452388544	42.160018806248
127.87300109863	27.155393739588	43.073779835070
128.87199401855	27.007603828588	43.977971368994
129.87100219727	26.891933211644	44.868920883186
130.86999511719	26.802774606919	45.743943686620
131.86900329590	26.734049125041	46.601318163366
132.86799621582	26.679554270445	47.440550165871
133.86700439453	26.633040027195	48.262280431880
134.86599731445	26.588476907260	49.068316413584
135.86500549316	26.540324894968	49.861689475784
136.86399841309	26.483769130345	50.646480145301
137.86300659180	26.414899836417	51.427677240416
138.86199951172	26.330846976400	52.210912246057
139.86099243164	26.230007726911	53.002349059682
140.86000061035	26.111978432573	53.808305741430
141.85899353027	25.977624146178	54.635041344589
142.85800170898	25.828999240258	55.488551909673
143.85699462891	25.669233109496	56.374265641694
144.85600280762	25.502352818299	57.296894653524
145.85499572754	25.333128067276	58.260291713050
146.85400390625	25.166875403474	59.267375158374
147.85299682617	25.009235497011	60.320048162513
148.85200500488	24.865964292818	61.419135842623
149.85099792480	24.742765121985	62.564487831690
150.85000610352	24.645047560291	63.754937369139
151.84899902344	24.577741526982	64.988396431344
152.84800720215	24.545153050887	66.261955737430
153.84700012207	24.550727924886	67.572089052477
154.84599304199	24.596921632880	68.914639399640
155.84500122070	24.685022081387	70.285211378223
156.84399414063	24.815015339248	71.679308421729
157.84300231934	24.985523501371	73.092753588255
158.84199523926	25.193707759606	74.521868168794
159.84100341797	25.435370802259	75.964049094911
160.83999633789	25.704987750763	77.418039258186
161.83900451660	25.996017579993	78.884443677945
162.83799743652	26.301160566091	80.366075302795
163.83700561523	26.612820217998	81.868360033073
164.83599853516	26.923653172714	83.399518002649
165.83500671387	27.227079769032	84.970831919490
166.83399963379	27.518021595257	86.596631704195
167.83299255371	27.793450965800	88.294356063754
168.83200073242	28.053036766348	90.084235249904
169.83099365234	28.299670707417	91.989286101312
170.83000183105	28.540087031967	94.035043375500
171.82899475098	28.785273592689	96.249381387115
172.82800292969	29.051072494305	98.662537885774
173.82699584961	29.358859429250	101.30695348582
174.82600402832	29.736407598583	104.21762483469
175.82499694824	30.219101562472	107.43219059601
176.82400512695	30.851623438768	110.99129177360
177.82299804688	31.690483783602	114.93882294679
178.82200622559	32.807476494421	119.32213115233
179.82099914551	34.294409769451	124.19142361067
180.82000732422	36.269934738876	129.59850096200
181.81900024414	38.888751232034	135.59339727738
182.81799316406	42.353908190627	142.21774294101
183.81700134277	46.933242436254	149.49157475719
184.81599426270	52.979142490969	157.39007607121
185.81500244141	60.950298290383	165.80119770667
186.81399536133	71.427169965273	174.45428196172
187.81300354004	85.101487505879	182.80373978964
188.81199645996	102.69491044614	189.86055964018
189.81100463867	124.72562960473	193.99426812196
190.80999755859	151.01833039305	192.82975448039
191.80900573730	179.95156048809	183.54276705565
192.80799865723	207.82895952175	163.95620879105
193.80700683594	229.33852748571	134.33644527421
194.80599975586	239.77379911714	98.511253011720
195.80499267578	237.70355128067	62.578440130413
196.80400085449	225.50910647635	31.859260850945
197.80299377441	207.43809006813	8.8683611208595
198.80200195313	187.36694778088	-6.4855271584148
199.80099487305	167.81561329677	-15.623431263543
200.80000305176	150.02987262312	-20.230927826389
201.79899597168	134.42314644187	-21.750224794082
202.79800415039	120.97097486688	-21.254817959019
203.79699707031	109.46052675078	-19.488901233730
204.79600524902	99.623336403360	-16.948797821029
205.79499816895	91.196751891826	-13.958187861063
206.79400634766	83.947871071908	-10.725040502170
207.79299926758	77.679711787866	-7.3812667550070
208.79200744629	72.229546521015	-4.0092578493436
209.79100036621	67.464565610116	-0.65931129637676
210.78999328613	63.276905316853	2.6389940646719
211.78900146484	59.579103950470	5.8693969910529
212.78799438477	56.300180245244	9.0241211099917
213.78700256348	53.382418152312	12.100711291478
214.78599548340	50.778772076322	15.099945509907
215.78500366211	48.450785228059	18.024463643542
216.78399658203	46.366957946091	20.877849899957
217.78300476074	44.501390475487	23.664003086572
218.78199768066	42.832710377316	26.386739995756
219.78100585938	41.343255987259	29.049520288891
220.77999877930	40.018294551625	31.655246150511
221.77900695801	38.845447622544	34.206145059112
222.77799987793	37.814138761065	36.703704160190
223.77699279785	36.915204412067	39.148664593134
224.77600097656	36.140409981180	41.541007232268
225.77499389648	35.482120288954	43.880019402738
226.77400207520	34.933011634833	46.164429079315
227.77299499512	34.485695693991	48.392482853666
228.77200317383	34.132563537758	50.562230776987
229.77099609375	33.865576999078	52.671675890010
230.77000427246	33.676139551345	54.719116062147
231.76899719238	33.555100368094	56.703396651164
232.76800537109	33.492754000573	58.624239130765
233.76699829102	33.479044966770	60.482521700108
234.76600646973	33.503771402910	62.280493025773
235.76499938965	33.556899288308	64.021985851458
236.76400756836	33.628913986462	65.712390462719
237.76300048828	33.711235813986	67.358829419051
238.76199340820	33.796519827849	68.969715667152
239.76100158691	33.879065495554	70.554815372711
240.75999450684	33.954988542173	72.124736426444
241.75900268555	34.022459704101	73.690675000065
242.75799560547	34.081688890879	75.263895871652
243.75700378418	34.134979430439	76.855536663478
244.75599670410	34.186592174809	78.476083248403
245.75500488281	34.242571967150	80.135217972843
246.75399780273	34.310569714736	81.841417712662
247.75300598145	34.399608728884	83.601968267207
248.75199890137	34.519825150905	85.422612878526
249.75100708008	34.682304373691	87.307618946285
250.75000000000	34.898795048496	89.259605561574
251.74899291992	35.181581475130	91.279619811251
252.74800109863	35.543230704016	93.367016719667
253.74699401855	35.996462411225	95.519376095305
254.74600219727	36.553877305880	97.732716569150
255.74499511719	37.227874922930	100.00124857010
256.74398803711	38.030351766773	102.31757209599
257.74301147461	38.972441003324	104.67263222016
258.74200439453	40.064391647697	107.05585889430
259.74099731445	41.315282140020	109.45523725658
260.73999023438	42.732751027980	111.85761039456
261.73901367188	44.322896281852	114.24891197394
262.73800659180	46.090148651423	116.61446788981
263.73699951172	48.037163206303	118.93936186007
264.73599243164	50.165144448890	121.20883014121
265.73498535156	52.473796226764	123.40877057067
266.73400878906	54.961951132738	125.52565963934
267.73300170898	57.627872134833	127.54717954209
268.73199462891	60.470027928780	129.46172495382
269.73098754883	63.487505133517	131.25854682133
270.73001098633	66.680785742248	132.92692982853
271.72900390625	70.051996209165	134.45564341789
272.72799682617	73.605322977065	135.83175704637
273.72698974609	77.346740176781	137.03952018777
274.72601318359	81.283720724218	138.05900086404
275.72500610352	85.424043131582	138.86461202117
276.72399902344	89.774411430868	139.42397639120
277.72299194336	94.338194747905	139.69688737451
278.72198486328	99.112820453261	139.63468027889
279.72100830078	104.08634358335	139.18077607933
280.72000122070	109.23376347899	138.27181634406
281.71899414063	114.51327422075	136.84030738668
282.71798706055	119.86274275829	134.81919977760
283.71701049805	125.19734103473	132.14783064854
284.71600341797	130.40916543578	128.77973853386
285.71499633789	135.36936430325	124.69099877821
286.71398925781	139.93409342428	119.88896281313
287.71301269531	143.95377484655	114.41874038086
288.71200561523	147.28572054065	108.36658504646
289.71099853516	149.80759198221	101.85788524703
290.70999145508	151.43072985935	95.050368951582
291.70901489258	152.10952863929	88.121763684460
292.70800781250	151.84588439417	81.255004072581
293.70700073242	150.68748656876	74.622855766034
294.70599365234	148.72059804517	68.374757897516
295.70498657227	146.05941429683	62.628004091011
296.70401000977	142.83365931127	57.463740876613
297.70300292969	139.17705026473	52.927460165495
298.70199584961	135.21764580836	49.032924350233
299.70098876953	131.07134284753	45.768244664824
300.70001220703	126.83780973309	43.102423987905
301.69900512695	122.59925353971	40.991867480533
302.69799804688	118.42057503628	39.385735957599
303.69699096680	114.35095996794	38.230367116655
304.69601440430	110.42597935886	37.472381291366
305.69500732422	106.66978940522	37.060858465699
306.69400024414	103.09743775424	36.948635484081
307.69299316406	99.716853428241	37.092969338337
308.69198608398	96.530567951494	37.455772266181
309.69100952148	93.537166709130	38.003523372986
310.69000244141	90.732394064178	38.706981394679
311.68899536133	88.110118602400	39.540892789453
312.68798828125	85.663005366355	40.483511376484
313.68701171875	83.382988229447	41.516219160181
314.68600463867	81.261747480292	42.623124826667
315.68499755859	79.290922427215	43.790698304679
316.68399047852	77.462312997892	45.007391397089
317.68301391602	75.768060336768	46.263431434002
318.68200683594	74.200698247079	47.550478416158
319.68099975586	72.753218171937	48.861412403413
320.67999267578	71.419087121055	50.190155218118
321.67898559570	70.192312803848	51.531486487110
322.67800903320	69.067357845327	52.880850625351
323.67700195313	68.039198489031	54.234277846329
324.67599487305	67.103254420194	55.588250191404
325.67498779297	66.255382973569	56.939529802000
326.67401123047	65.491833271484	58.285170753013
327.67300415039	64.809216454414	59.622338861850
328.67199707031	64.204430399476	60.948299984321
329.67098999023	63.674624199984	62.260310327397
330.67001342773	63.217123031979	63.555611821913
331.66900634766	62.829376240661	64.831340119758
332.66799926758	62.508862472510	66.084546570049
333.66699218750	62.253052705591	67.312129179059
334.66598510742	62.059256688571	68.510848863334
335.66500854492	61.924656781402	69.677413213638
336.66400146484	61.846078769601	70.808366810478
337.66299438477	61.820099580382	71.900295814439
338.66198730469	61.842819966104	72.949796854979
339.66101074219	61.909910277556	73.953601288295
340.66000366211	62.016585117559	74.908652566595
341.65899658203	62.157538399926	75.812266516944
342.65798950195	62.326998115910	76.662173829174
343.65701293945	62.518806383317	77.456722565129
344.65600585938	62.726403128347	78.194905834493
345.65499877930	62.943018309364	78.876552901399
346.65399169922	63.161772540486	79.502309845497
347.65301513672	63.375848642347	80.073774930398
348.65200805664	63.578632305514	80.593436174221
349.65100097656	63.763864874677	81.064683424270
350.64999389648	63.925885879266	81.491769427336
351.64898681641	64.059714136161	81.879624464523
352.64801025391	64.161210864272	82.233807131937
353.64700317383	64.227138501867	82.560299925469
354.64599609375	64.255278833489	82.865312447163
355.64498901367	64.244323798915	83.155105031667
356.64401245117	64.194021446518	83.435847371984
357.64300537109	64.104964017281	83.713430484756
358.64199829102	63.978542540634	83.993301105023
359.64099121094	63.816811543580	84.280286929146
360.64001464844	63.622363189721	84.578707150121
361.63900756836	63.398323204208	84.892110408111
362.63800048828	63.147743097194	85.223285661776
363.63699340820	62.873930254882	85.574394619304
364.63598632813	62.580338723011	85.947005133633
365.63500976563	62.269944544572	86.341933793086
366.63400268555	61.945626003834	86.759602907877
367.63299560547	61.609941604568	87.199992346022
368.63198852539	61.264942402937	87.662645767628
369.63101196289	60.912360756344	88.147007039047
370.63000488281	60.553630701107	88.652490457035
371.62899780273	60.189523372688	89.178312748498
372.62799072266	59.820521331844	89.723862677110
373.62701416016	59.446895669584	90.288734614855
374.62600708008	59.068506459501	90.872706477059
375.62500000000	58.685099939561	91.475869347241
376.62399291992	58.296366816742	92.098666936033
377.62298583984	57.901773695148	92.741754260160
378.62200927734	57.501146671282	93.406332155753
379.62100219727	57.094182344863	94.093684527760
380.61999511719	56.680986799188	94.805564202930
381.61898803711	56.261831705405	95.543779551175
382.61801147461	55.837354731968	96.310420935217
383.61700439453	55.408666941394	97.107641424098
384.61599731445	54.977116774596	97.937606066273
385.61499023438	54.544524183989	98.802379724278
386.61401367188	54.113058578001	99.703910355783
387.61300659180	53.685306996910	100.64395967046
388.61199951172	53.264182412380	101.62410183656
389.61099243164	52.852697279059	102.64527795983
390.60998535156	52.454380186372	103.70845114967
391.60900878906	52.072617233187	104.81385766554
392.60800170898	51.711113357368	105.96151166035
393.60699462891	51.373442521426	107.15079051164
394.60598754883	51.063222309092	108.38088359840
395.60501098633	50.783929084421	109.65031375775
396.60400390625	50.538835057960	110.95726007576
397.60299682617	50.330983265915	112.29952780957
398.60198974609	50.163068350635	113.67451216234
399.60101318359	50.037447664608	115.07947536377
400.60000610352	49.956039206171	116.51123849073
401.59899902344	49.920304861485	117.96660933385
402.59799194336	49.931211324761	119.44229914765
403.59698486328	49.989267892907	120.93491618829
404.59600830078	50.094399324040	122.44132113353
405.59500122070	50.246120373587	123.95847463386
406.59399414063	50.443465726154	125.48373977330
407.59298706055	50.685145140931	127.01471756185
408.59201049805	50.969472044994	128.54961255624
409.59100341797	51.294679226605	130.08715801358
410.58999633789	51.658799750626	131.62654787855
411.58898925781	52.059973428766	133.16774907409
412.58801269531	52.496521622161	134.71116871535
413.58700561523	52.967018360404	136.25788838081
414.58599853516	53.470494449320	137.80947967347
415.58499145508	54.006628941956	139.36789934283
416.58401489258	54.575554786770	140.93553465868
417.58300781250	55.178374801551	142.51480076740
418.58200073242	55.816819977241	144.10830964780
419.58099365234	56.493460505055	145.71837639956
420.57998657227	57.211684983595	147.34723504376
421.57901000977	57.975705728493	148.99654305604
422.57800292969	58.790359340499	150.66733587570
423.57699584961	59.661087167274	152.36010338134
424.57598876953	60.593908258645	154.07432935923
425.57501220703	61.595150371535	155.80853464527
426.57400512695	62.671323043017	157.56028959545
427.57299804688	63.829007795080	159.32609752340
428.57199096680	65.074600824109	161.10129655960
429.57101440430	66.414276022128	162.88001997356
430.57000732422	67.853549180020	164.65552135509
431.56900024414	69.397333969553	166.42003917133
432.56799316406	71.049715354721	168.16477909858
433.56698608398	72.813687981330	169.88041396323
434.56600952148	74.691281731961	171.55685749129
435.56500244141	76.683213889194	173.18375647801
436.56399536133	78.789082843206	174.75046470973
437.56298828125	81.007188320628	176.24646216108
438.56201171875	83.334781328859	177.66132848044
439.56100463867	85.767932171743	178.98498349998
440.55999755859	88.301856851885	180.20798918923
441.55899047852	90.931042803677	181.32133284882
442.55801391602	93.649269826618	182.31672336633
443.55700683594	96.450037653821	183.18632030103
444.55599975586	99.326415098487	183.92309926133
445.55499267578	102.27138414234	184.52013662829
446.55398559570	105.27777490206	184.97078908693
447.55300903320	108.33826057736	185.26854232399
448.55200195313	111.44520216947	185.40656428668
449.55099487305	114.59049467363	185.37797416180
450.54998779297	117.76536834647	185.17540333618
451.54901123047	120.95991962287	184.79105737353
452.54800415039	124.16290817742	184.21694380647
453.54699707031	127.36129719736	183.44514250322
454.54598999023	130.53999885521	182.46793231810
455.54501342773	133.68159657650	181.27864472604
456.54400634766	136.76623954572	179.87189162968
457.54299926758	139.77170719715	178.24454492470
458.54199218750	142.67365796056	176.39642195428
459.54098510742	145.44614664503	174.33064588676
460.54000854492	148.06208008801	172.05493714630
461.53900146484	150.49441857040	169.58132512946
462.53799438477	152.71689823282	166.92701927899
463.53698730469	154.70544900877	164.11389976734
464.53601074219	156.43899485572	161.16820319947
465.53500366211	157.90066777338	158.12031846978
466.53399658203	159.07867397537	155.00336397805
467.53298950195	159.96672566128	151.85228625269
468.53201293945	160.56443053501	148.70280931919
469.53100585938	160.87732117336	145.58988375528
470.52999877930	160.91629812775	142.54650463121
471.52899169922	160.69724255376	139.60316487680
472.52801513672	160.24006466756	136.78643989006
473.52700805664	159.56785511190	134.11868056455
474.52600097656	158.70583457981	131.61786194782
475.52499389648	157.68044959103	129.29724613747
476.52398681641	156.51832703219	127.16559079040
477.52301025391	155.24573644253	125.22753612554
478.52200317383	153.88778836727	123.48402005874
479.52099609375	152.46791147198	121.93262536823
480.51998901367	151.00765202231	120.56826795394
481.51901245117	149.52632274605	119.38373297820
482.51800537109	148.04092579882	118.37008356473
483.51699829102	146.56614045006	117.51709729193
484.51599121094	145.11439467180	116.81397765585
485.51501464844	143.69594465421	116.24930436412
486.51400756836	142.31907109911	115.81179739069
487.51300048828	140.99017623269	115.49011482000
488.51199340820	139.71413509559	115.27344922615
489.51098632813	138.49428750790	115.15143552586
490.51000976563	137.33282024795	115.11454552452
491.50900268555	136.23095335167	115.15382402863
492.50799560547	135.18898035590	115.26117087008
493.50698852539	134.20667723535	115.42935029215
494.50601196289	133.28334599254	115.65192469043
495.50500488281	132.41799470863	115.92318750378
496.50399780273	131.60953651480	116.23821639143
497.50299072266	130.85684475604	116.59272377744
498.50201416016	130.15891493047	116.98284160150
499.50100708008	129.51493058826	117.40538385942
500.50000000000	128.92427581042	117.85732550060
501.49899291992	128.38668316680	118.33586736282
502.49798583984	127.90211784571	118.83837944033
503.49700927734	127.47081622457	119.36213337460
504.49600219727	127.09329157951	119.90440744382
505.49499511719	126.77011396142	120.46206277324
506.49398803711	126.50208527832	121.03186903962
507.49301147461	126.28983560673	121.61011495182
508.49200439453	126.13404461057	122.19275891417
509.49099731445	126.03504619946	122.77540140198
510.48999023438	125.99290809146	123.35312741946
511.48901367188	126.00713711854	123.92086459160
512.48797607422	126.07672831507	124.47311428021
513.48699951172	126.20002567301	125.00428065999
514.48602294922	126.37455487575	125.50871985620
515.48498535156	126.59707312056	125.98071945185
516.48400878906	126.86347566499	126.41498458458
517.48297119141	127.16878157759	126.80652000572
518.48199462891	127.50727149308	127.15086093330
519.48101806641	127.87244161817	127.44432581074
520.47998046875	128.25718376440	127.68411816584
521.47900390625	128.65393873623	127.86857147426
522.47802734375	129.05481460635	127.99692887720
523.47698974609	129.45194106897	128.06980279110
524.47601318359	129.83749902600	128.08898399792
525.47497558594	130.20408299190	128.05746118825
526.47399902344	130.54491422941	127.97923182821
527.47302246094	130.85400000095	127.85942317484
528.47198486328	131.12630446272	127.70386635189
529.47100830078	131.35790578467	127.51899639989
530.46997070313	131.54606727241	127.31170691103
531.46899414063	131.68920807510	127.08891872424
532.46801757813	131.78701867890	126.85746369020
533.46697998047	131.84022513321	126.62394021748
534.46600341797	131.85057374402	126.39439923884
535.46502685547	131.82063921016	126.17425844753
536.46398925781	131.75368540416	125.96808258990
537.46301269531	131.65342065747	125.77963227296
538.46197509766	131.52381589329	125.61174387432
539.46099853516	131.36900331535	125.46637426561
540.46002197266	131.19298522123	125.34478449580
541.45898437500	130.99954311157	125.24724946814
542.45800781250	130.79208975095	125.17362575838
543.45697021484	130.57359249790	125.12314843685
544.45599365234	130.34644675262	125.09461582345
545.45501708984	130.11257609026	125.08676058517
546.45397949219	129.87324979882	125.09810854819
547.45300292969	129.62921605294	125.12714627519
548.45202636719	129.38083393827	125.17269821080
549.45098876953	129.12793112016	125.23373154290
550.45001220703	128.87009254521	125.30954928532
551.44897460938	128.60670464809	125.39994967455
552.44799804688	128.33707596479	125.50514504828
553.44702148438	128.06053382262	125.62566101519
554.44598388672	127.77654268712	125.76246996561
555.44500732422	127.48487048070	125.91701766508
556.44396972656	127.18558667661	126.09086290379
557.44299316406	126.87914624572	126.28585914498
558.44201660156	126.56652894761	126.50390174361
559.44097900391	126.24911615766	126.74677118909
560.44000244141	125.92878956270	127.01631888728
561.43902587891	125.60782688184	127.31386577033
562.43798828125	125.28896340458	127.64070346110
563.43701171875	124.97514466732	127.99751529395
564.43597412109	124.66959553669	128.38446265776
565.43499755859	124.37565479017	128.80131463687
566.43402099609	124.09669153780	129.24716544410
567.43298339844	123.83594469659	129.72063954572
568.43200683594	123.59648410030	130.21967135566
569.43103027344	123.38106807897	130.74186470142
570.42999267578	123.19204646846	131.28427405378
571.42901611328	123.03131067818	131.84360373085
572.42797851563	122.90020997770	132.41626450974
573.42700195313	122.79947561113	132.99854016426
574.42602539063	122.72921535259	133.58661572055
575.42498779297	122.68897878592	134.17667643717
576.42401123047	122.67763684283	134.76523501537
577.42297363281	122.69350081616	135.34881261987
578.42199707031	122.73440098790	135.92458089645
579.42102050781	122.79765734099	136.49006568945
580.41998291016	122.88042391620	137.04332824488
581.41900634766	122.97946084928	137.58311488642
582.41802978516	123.09158155248	138.10870270236
583.41699218750	123.21356654269	138.62011508117
584.41601562500	123.34242925998	139.11789942725
585.41497802734	123.47542892376	139.60314277162
586.41400146484	123.61024439321	140.07745162684
587.41302490234	123.74507818435	140.54279593121
588.41198730469	123.87864590583	141.00143556080
589.41101074219	124.01026129484	141.45564012237
590.40997314453	124.13986306506	141.90769274729
591.40899658203	124.26794057917	142.35985299547
592.40802001953	124.39546934308	142.81391411890
593.40698242188	124.52392787257	143.27144797292
594.40600585938	124.65510425805	143.73347463783
595.40502929688	124.79095864004	144.20048579272
596.40399169922	124.93363362912	144.67243743340
597.40301513672	125.08517925510	145.14863903378
598.40197753906	125.24750295788	145.62793884574
599.40100097656	125.42215457098	146.10846751551
600.40002441406	125.61031914073	146.58809459734
601.39898681641	125.81267591234	147.06428187044
602.39801025391	126.02924276589	147.53431703514
603.39697265625	126.25944321471	147.99522349938
604.39599609375	126.50201194776	148.44421379253
605.39501953125	126.75507862965	148.87863906380
606.39398193359	127.01605651211	149.29620151896
607.39300537109	127.28189716696	149.69504562512
608.39202880859	127.54902513728	150.07394297976
609.39099121094	127.81361848906	150.43239068764
610.39001464844	128.07165841124	150.77055536648
611.38897705078	128.31908997985	151.08946031354
612.38800048828	128.55201993361	151.39087074677
613.38702392578	128.76693005752	151.67733802332
614.38598632813	128.96070464966	151.95210610187
615.38500976563	129.13091129471	152.21893786179
616.38397216797	129.27580557710	152.48218340180
617.38299560547	129.39442147260	152.74616322520
618.38201904297	129.48671581788	153.01561035588
619.38098144531	129.55334451174	153.29500173443
620.38000488281	129.59586879708	153.58869152748
621.37902832031	129.61660451738	153.90060160747
622.37799072266	129.61837140248	154.23413010142
623.37701416016	129.60463490561	154.59196699246
624.37597656250	129.57915727798	154.97632556736
625.37500000000	129.54586181001	155.38832682322
626.37402343750	129.50888528901	155.82860783503
627.37298583984	129.47209626961	156.29695442229
628.37200927734	129.43920908747	156.79238344274
629.37097167969	129.41350072630	157.31331163553
630.36999511719	129.39778608010	157.85764910362
631.36901855469	129.39433062646	158.42296654311
632.36798095703	129.40468090569	159.00632497489
633.36700439453	129.42968724301	159.60486956691
634.36602783203	129.46957943581	160.21566377863
635.36499023438	129.52382476801	160.83589478030
636.36401367188	129.59131929601	161.46318482217
637.36297607422	129.67043146955	162.09536927483
638.36199951172	129.75900538476	162.73105152844
639.36102294922	129.85462888766	163.36936887495
640.35998535156	129.95474333523	164.01002371025
641.35900878906	130.05670787896	164.65357198353
642.35797119141	130.15810768891	165.30126974295
643.35699462891	130.25658628984	165.95489026158
644.35601806641	130.35082764396	166.61694600393
645.35498046875	130.43919236738	167.29028341780
646.35400390625	130.52157312568	167.97831267258
647.35302734375	130.59776254535	168.68435867594
648.35198974609	130.66892402111	169.41207688433
649.35101318359	130.73665206380	170.16481287174
650.34997558594	130.80302950365	170.94571760116
651.34899902344	130.87133833670	171.75757497956
652.34802246094	130.94546422727	172.60281961770
653.34698486328	131.02909146818	173.48291042291
654.34600830078	131.12657950418	174.39887785631
655.34497070313	131.24234351742	175.35089942936
656.34399414063	131.38121811770	176.33842098944
657.34301757813	131.54705992545	177.36002193685
658.34197998047	131.74440152159	178.41378923551
659.34100341797	131.97680075197	179.49701788251
660.34002685547	132.24738768762	180.60664896666
661.33898925781	132.55868150769	181.73887427344
662.33801269531	132.91260310043	182.88991198993
663.33697509766	133.31012410268	184.05561404253
664.33599853516	133.75164568177	185.23198694922
665.33502197266	134.23666928056	186.41525455604
666.33398437500	134.76408769092	187.60184954374
667.33300781250	135.33219372538	188.78874525552
668.33197021484	135.93866660058	189.97364313546
669.33099365234	136.58111635647	191.15493408050
670.33001708984	137.25669489167	192.33181573163
671.32897949219	137.96268756582	193.50431087325
672.32800292969	138.69677245205	194.67328423677
673.32702636719	139.45687580497	195.84053637047
674.32598876953	140.24160246887	197.00824848916
675.32501220703	141.05032258597	198.17946638955
676.32397460938	141.88338713048	199.35765875812
677.32299804688	142.74222932247	200.54610398465
678.32202148438	143.62919543535	201.74843829081
679.32098388672	144.54791628309	202.96779843673
680.32000732422	145.50304272647	204.20702492645
681.31896972656	146.50029929276	205.46782884212
682.31799316406	147.54611004776	206.75148854691
683.31701660156	148.64774979887	208.05773854716
684.31597900391	149.81304011548	209.38510031780
685.31500244141	151.04991890999	210.73066741840
686.31402587891	152.36653272206	212.08994389907
687.31298828125	153.77064741970	213.45704708877
688.31201171875	155.26953687054	214.82442125779
689.31097412109	156.86975016604	216.18289656899
690.30999755859	158.57652940707	217.52212349281
691.30902099609	160.39390034801	218.83021060353
692.30798339844	162.32427868122	220.09444165036
693.30700683594	164.36813109082	221.30157729149
694.30603027344	166.52409716723	222.43719538834
695.30499267578	168.78853790319	223.48754678771
696.30401611328	171.15576658299	224.43873186671
697.30297851563	173.61800466448	225.27749444605
698.30200195313	176.16542172135	225.99216780734
699.30102539063	178.78649752953	226.57135998376
700.29998779297	181.46821439941	227.00652193755
701.29901123047	184.19627631189	227.29052432590
702.29797363281	186.95579556426	227.41838254475
703.29699707031	189.73141291101	227.38728967496
704.29602050781	192.50797545443	227.19671337855
705.29498291016	195.27085052711	226.84791873106
706.29400634766	198.00605695313	226.34423357628
707.29302978516	200.70096044300	225.69014791113
708.29199218750	203.34398659207	224.89129442101
709.29101562500	205.92498326224	223.95435140249
710.28997802734	208.43513280415	222.88605625562
711.28900146484	210.86675315877	221.69346070320
712.28802490234	213.21315557842	220.38342291568
713.28698730469	215.46822689036	218.96228701630
714.28601074219	217.62646662631	217.43643596132
715.28497314453	219.68241115726	215.81162416199
716.28399658203	221.63039443921	214.09313693792
717.28302001953	223.46467494796	212.28692264517
718.28198242188	225.17875895709	210.39867576594
719.28100585938	226.76599335918	208.43481947681
720.28002929688	228.21918379091	206.40256393056
721.27899169922	229.53107478921	204.31054492515
722.27801513672	230.69446632073	202.16849373327
723.27697753906	231.70266363361	199.98781765959
724.27600097656	232.54986942102	197.78155143712
725.27502441406	233.23152857158	195.56404601232
726.27398681641	233.74490608777	193.35119473566
727.27301025391	234.08933305748	191.15974553533
728.27197265625	234.26641839706	189.00704572141
729.27099609375	234.28053536972	186.91071982946
730.27001953125	234.13843488178	184.88780072259
731.26898193359	233.84965366790	182.95467563844
732.26800537109	233.42582656689	181.12597340713
733.26702880859	232.88102988809	179.41492410319
734.26599121094	232.23087196121	177.83234369622
735.26501464844	231.49219856464	176.38647944971
736.26397705078	230.68290622406	175.08330931915
737.26300048828	229.82104562859	173.92579320321
738.26202392578	228.92478208605	172.91452480506
739.26098632813	228.01156022196	172.04728749110
740.26000976563	227.09806665948	171.31982463284
741.25897216797	226.19957706011	170.72534004737
742.25799560547	225.32986032299	170.25534351703
743.25701904297	224.50104969673	169.90003757399
744.25598144531	223.72312317797	169.64809290795
745.25500488281	223.00421720239	169.48756221873
746.25402832031	222.35025660500	169.40589930141
747.25299072266	221.76492502017	169.39011672953
748.25201416016	221.25003425293	169.42786706064
749.25097656250	220.80536102908	169.50705011521
750.25000000000	220.42881846128	169.61640240402
751.24902343750	220.11675127036	169.74574672764
752.24798583984	219.86408802896	169.88624797091
753.24700927734	219.66477736172	170.03074459378
754.24597167969	219.51196835740	170.17361342362
755.24499511719	219.39833698495	170.31091713435
756.24401855469	219.31668097452	170.44084076133
757.24298095703	219.26006124828	170.56281475764
758.24200439453	219.22220565687	170.67813034243
759.24102783203	219.19791579271	170.78941922407
760.23999023438	219.18316382757	170.90034892721
761.23901367188	219.17530577385	171.01512908564
762.23797607422	219.17345693542	171.13867826133
763.23699951172	219.17806844160	171.27569294269
764.23602294922	219.19133652106	171.43066611983
765.23498535156	219.21673424424	171.60731458139
766.23400878906	219.25897295175	171.80834218550
767.23297119141	219.32369945902	172.03512606254
768.23199462891	219.41725767078	172.28770596366
769.23101806641	219.54620368653	172.56447975783
770.22998046875	219.71712829765	172.86214918378
771.22900390625	219.93601211728	173.17566597661
772.22802734375	220.20824193044	173.49859883552
773.22698974609	220.53802073466	173.82322736600
774.22601318359	220.92801476081	174.14037546346
775.22497558594	221.37940062073	174.44027372588
776.22399902344	221.89135613558	174.71259456354
777.22302246094	222.46105234311	174.94667059796
778.22198486328	223.08359958742	175.13237059739
779.22100830078	223.75210829960	175.26006063824
780.21997070313	224.45777154318	175.32141233676
781.21899414063	225.19003358237	175.30944783470
782.21801757813	225.93712896129	175.21949036547
783.21697998047	226.68623057812	175.04871673236
784.21600341797	227.42402540492	174.79692248169
785.21502685547	228.13725464715	174.46617915345
786.21398925781	228.81332261317	174.06136326816
787.21301269531	229.44059773380	173.58945436368
788.21197509766	230.00920624636	173.05962149653
789.21099853516	230.51117318113	172.48250824417
790.21002197266	230.94099693538	171.87012159740
791.20898437500	231.29546483901	171.23476214172
792.20800781250	231.57411609118	170.58912081392
793.20697021484	231.77882009863	169.94521782882
794.20599365234	231.91377653025	169.31407131319
795.20501708984	231.98499911402	168.70514156346
796.20397949219	232.00013114170	168.12620953338
797.20300292969	231.96770070461	167.58278184080
798.20202636719	231.89693619641	167.07854062501
799.20098876953	231.79698463785	166.61460996400
800.20001220703	231.67655666582	166.19021909294
801.19897460938	231.54352134269	165.80260125383
802.19799804688	231.40445586962	165.44750586182
803.19702148438	231.26434975979	165.11933280336
804.19598388672	231.12645861171	164.81161416710
805.19500732422	230.99201995762	164.51749247715
806.19396972656	230.86041138951	164.23023460942
807.19299316406	230.72903522314	163.94338598390
808.19201660156	230.59355724450	163.65152017306
809.19097900391	230.44828381128	163.35061678911
810.19000244141	230.28629024719	163.03821678684
811.18902587891	230.09995314971	162.71370725324
812.18798828125	229.88135419726	162.37852621177
813.18701171875	229.62270893973	162.03605384596
814.18597412109	229.31711806382	161.69187704829
815.18499755859	228.95868946331	161.35324519361
816.18402099609	228.54313724302	161.02888239254
817.18298339844	228.06808556984	160.72866617615
818.18200683594	227.53313271807	160.46315268341
819.18103027344	226.94021676051	160.24300388160
820.17999267578	226.29346686008	160.07865496318
821.17901611328	225.59905057942	159.97979947551
822.17797851563	224.86505427757	159.95468585122
823.17700195313	224.10111821921	160.01036268027
824.17602539063	223.31813915075	160.15167526767
825.17498779297	222.52775815117	160.38160237710
826.17401123047	221.74208242903	160.70093007263
827.17297363281	220.97312797176	161.10816640882
828.17199707031	220.23254432649	161.59997093545
829.17102050781	219.53106936424	162.17069733389
830.16998291016	218.87829151004	162.81308270946
831.16900634766	218.28238697203	163.51823209401
832.16802978516	217.74973789333	164.27621539557
833.16699218750	217.28472363291	165.07579450457
834.16601562500	216.88981784059	165.90560650862
835.16497802734	216.56517258816	166.75372611872
836.16400146484	216.30883551408	167.60866954831
837.16302490234	216.11673944444	168.45972037581
838.16198730469	215.98287200523	169.29691962785
839.16101074219	215.89932038976	170.11185760234
840.15997314453	215.85682207951	170.89786771451
841.15899658203	215.84500898044	171.65053377200
842.15802001953	215.85279928234	172.36744152020
843.15698242188	215.86888391927	173.04857000346
844.15600585938	215.88231512454	173.69633208073
845.15502929688	215.88295500309	174.31562365476
846.15399169922	215.86196571543	174.91313320053
847.15301513672	215.81216799700	175.49735991823
848.15197753906	215.72843618773	176.07821476841
849.15100097656	215.60800359692	176.66632578801
850.15002441406	215.45042361319	177.27281529964
851.14898681641	215.25769726589	177.90854882162
852.14801025391	215.03406016879	178.58366736082
853.14697265625	214.78587024889	179.30715652006
854.14599609375	214.52116263842	180.08649923590
855.14501953125	214.24928445117	180.92697648454
856.14398193359	213.98066173623	181.83236458170
857.14300537109	213.72602418524	182.80367205399
858.14202880859	213.49615425381	183.84007879709
859.14099121094	213.30135493440	184.93818481956
860.14001464844	213.15112169221	186.09304606943
861.13897705078	213.05351658075	187.29737224671
862.13800048828	213.01505396286	188.54272830072
863.13702392578	213.04034129642	189.81921428651
864.13598632813	213.13186191321	191.11658348225
865.13500976563	213.28970390341	192.42378187399
866.13397216797	213.51169742662	193.73020955268
867.13299560547	213.79338071190	195.02580744418
868.13201904297	214.12805748376	196.30174506330
869.13098144531	214.50718379501	197.55085477955
870.13000488281	214.92049480407	198.76765167895
871.12902832031	215.35673669877	199.94957619733
872.12799072266	215.80400448512	201.09636351656
873.12701416016	216.25034019802	202.21058103539
874.12597656250	216.68449447225	203.29773430628
875.12500000000	217.09641758181	204.36576023754
876.12402343750	217.47785598745	205.42517455222
877.12298583984	217.82299406979	206.48822365424
878.12200927734	218.12865789948	207.56848625632
879.12097167969	218.39464889599	208.68057541166
880.11999511719	218.62402654911	209.83886354277
881.11901855469	218.82274041130	211.05750924613
882.11798095703	218.99977286939	212.34907996325
883.11700439453	219.16666735654	213.72476361367
884.11602783203	219.33715526687	215.19333637184
885.11499023438	219.52677695491	216.76112627633
886.11401367188	219.75217229953	218.43122462865
887.11297607422	220.03066279096	220.20374376110
888.11199951172	220.37957261456	222.07593310715
889.11102294922	220.81574534244	224.04150756044
890.10998535156	221.35486589540	226.09148589457
891.10900878906	222.01099568271	228.21364188980
892.10797119141	222.79601770934	230.39379084525
893.10699462891	223.71907048052	232.61498760966
894.10601806641	224.78628778270	234.85934129449
895.10498046875	226.00035098323	237.10727215461
896.10400390625	227.36023935433	239.33937151748
897.10302734375	228.86099280491	241.53607995963
898.10198974609	230.49389976348	243.67942617247
899.10101318359	232.24652429023	245.75325257801
900.09997558594	234.10334789347	247.74456385941
901.09899902344	236.04599339054	249.64356034050
902.09802246094	238.05445111145	251.44515575519
903.09698486328	240.10776888167	253.14893271376
904.09600830078	242.18529737838	254.75935285518
905.09497070313	244.26795369521	256.28611783319
906.09399414063	246.33925270489	257.74294724234
907.09301757813	248.38651015709	259.14832699442
908.09197998047	250.40170947803	260.52316373615
909.09100341797	252.38225634092	261.89055141580
910.09002685547	254.33120613613	263.27412889520
911.08898925781	256.25749548048	264.69702754246
912.08801269531	258.17587801990	266.18042993380
913.08697509766	260.10607180572	267.74229389850
914.08599853516	262.07228930404	269.39627548816
915.08502197266	264.10244002926	271.15126714626
916.08398437500	266.22694212522	273.01021538066
917.08300781250	268.47756297459	274.96964382453
918.08197021484	270.88640382062	277.01957442865
919.08099365234	273.48447276013	279.14362103718
920.08001708984	276.30040178881	281.31817635935
921.07897949219	279.35929303328	283.51378887799
922.07800292969	282.68114101266	285.69483538201
923.07702636719	286.27960637970	287.82122169144
924.07598876953	290.16145889249	289.84854930821
925.07501220703	294.32450850851	291.73015238086
926.07397460938	298.75689749696	293.41847646000
927.07299804688	303.43718645878	294.86787572404
928.07202148438	308.33401701738	296.03570974368
929.07098388672	313.40735746475	296.88586862149
930.07000732422	318.60832020515	297.39094736278
931.06896972656	323.88297643365	297.53368046809
932.06799316406	329.17384633124	297.30983543076
933.06701660156	334.42356918203	296.72785525621
934.06597900391	339.57803885522	295.80897845831
935.06500244141	344.59031332951	294.58706880732
936.06402587891	349.42320217825	293.10487136333
937.06298828125	354.05190079696	291.41315623630
938.06201171875	358.46564618952	289.56597316577
939.06097412109	362.66774382781	287.61669643162
940.05999755859	366.67537316087	285.61487409977
941.05902099609	370.51798722617	283.60341525232
942.05798339844	374.23477298474	281.61378020039
943.05700683594	377.87213240286	279.66594167107
944.05603027344	381.48026085453	277.76567199813
945.05499267578	385.11016734536	275.90555874034
946.05401611328	388.80946119320	274.06227144935
947.05297851563	392.62007791189	272.20048554716
948.05200195313	396.57428898652	270.27178277961
949.05102539063	400.69264541059	268.21874634714
950.04998779297	404.98076342179	265.97589026836
951.04901123047	409.42736584643	263.47353986950
952.04797363281	414.00323230075	260.64275826138
953.04699707031	418.65996261642	257.41823305226
954.04602050781	423.33034552686	253.74357991892
955.04498291016	427.93143573364	249.57820270749
956.04400634766	432.36627526208	244.89977748410
957.04302978516	436.52964111942	239.70929875188
958.04199218750	440.31425539444	234.03422298936
959.04101562500	443.61778306472	227.92824144364
960.03997802734	446.35103933809	221.47121363278
961.03900146484	448.44400380257	214.76393058128
962.03802490234	449.85133738245	207.92203760872
963.03698730469	450.55745666228	201.07072759799
964.03601074219	450.57527358209	194.33389686996
965.03497314453	449.94586460429	187.82789575337
966.03399658203	448.73368506384	181.65374033077
967.03302001953	447.02374284529	175.89451707300
968.03198242188	444.91098261518	170.60829819951
969.03100585938	442.49804940355	165.83089272767
970.03002929688	439.88706815937	161.57443133814
971.02899169922	437.17516099133	157.82984567314
972.02801513672	434.45104108357	154.57013028883
973.02697753906	431.79123797992	151.75294253034
974.02600097656	429.25945272833	149.32504927445
975.02502441406	426.90362352072	147.22423855682
976.02398681641	424.75738944997	145.38410290653
977.02301025391	422.83862135189	143.73575910766
978.02197265625	421.15073268630	142.21134764159
979.02099609375	419.68362594938	140.74673572280
980.02001953125	418.41356676606	139.28319932609
981.01898193359	417.30545498991	137.77036697269
982.01800537109	416.31466297129	136.16835814649
983.01702880859	415.38965662901	134.44984516102
984.01599121094	414.47338803265	132.60062259369
985.01501464844	413.50857502698	130.62186480854
986.01397705078	412.43939713880	128.52897543152
987.01300048828	411.21618373344	126.35156958258
988.01202392578	409.79854552200	124.13155759275
989.01098632813	408.15721349909	121.91979260856
990.01000976563	406.27815463573	119.77407009215
991.00897216797	404.16192344789	117.75415795664
992.00799560547	401.82343495710	115.91790599641
993.00701904297	399.29259858538	114.31858789160
994.00598144531	396.61009470052	113.00060522079
995.00500488281	393.82640673662	111.99801786099
996.00402832031	390.99768265780	111.33267567153
997.00299072266	388.18347019802	111.01395607788
998.00201416016	385.44316724156	111.03856283388
999.00097656250	382.83441305468	111.39180674327
1000.0000000000	380.41022573479	112.04822937477
