#Parameters = {a=1500; t=0.1}
#"Frequency / GHz"	"Z1,1 [Real/Imaginary Part] [Re]"	"Z1,1 [Real/Imaginary Part] [Im]"
#-------------------------------------------------------------------------------------
1.0000000000000	262.65876197854	-4033.4209430173
1.9989999532700	7.4433997724574	-1994.6852382101
2.9979999065399	-22.685079955305	-1302.8282898950
3.9969999790192	-19.879255186470	-958.64524529273
4.9959998130798	-10.589636663190	-757.19880496148
5.9949998855591	-2.1095459294116	-628.05856201828
6.9939999580383	3.1852264908929	-539.68949868234
7.9930000305176	4.8879330263893	-475.41729285230
8.9919996261597	3.7466063008582	-425.50794567227
9.9910001754761	1.2342811342581	-384.26149768012
10.989999771118	-1.0667030638536	-348.77817328318
11.989000320435	-2.1428068534343	-317.99826143311
12.987999916077	-1.8481702014731	-291.69051480933
13.987000465393	-0.69964717857739	-269.67067407925
14.986000061035	0.54639617924482	-251.45060033432
15.984999656677	1.2651171436989	-236.22093363998
16.983999252319	1.1960552385417	-223.01557224839
17.982999801636	0.51328520085662	-210.97292196107
18.982000350952	-0.31183102900376	-199.59149107250
19.981000900269	-0.80661506391644	-188.81570253751
20.979999542236	-0.76026578804075	-178.88095628472
21.979000091553	-0.28772142283115	-170.04406249872
22.978000640869	0.29154138888562	-162.37910232214
23.976999282837	0.64623354535383	-155.71488942439
24.975999832153	0.60355423810305	-149.70252238426
25.975000381470	0.23142219543867	-143.97579467240
26.974000930786	-0.21666593907006	-138.32604300855
27.972999572754	-0.47015259847361	-132.78069561294
28.972000122070	-0.40456595571205	-127.53062028062
29.971000671387	-0.093571834393385	-122.77440083914
30.969999313354	0.25840762581641	-118.58758146698
31.968999862671	0.44145326922899	-114.87705865691
32.967998504639	0.35876994931905	-111.42883840545
33.966999053955	0.079796803484161	-108.02569742887
34.965999603271	-0.20973414445100	-104.56894227305
35.965000152588	-0.33239054708239	-101.12101919999
36.964000701904	-0.22763979851250	-97.841874139654
37.963001251221	0.024415658070546	-94.875012252105
38.962001800537	0.26202541802583	-92.258570190013
39.960998535156	0.34023086130222	-89.902481583540
40.959999084473	0.21765076083471	-87.639350316409
41.958999633789	-0.018945915300118	-85.325018663355
42.958000183105	-0.21416549274913	-82.925298402729
43.957000732422	-0.24789157211894	-80.527159577860
44.956001281738	-0.10755656876903	-78.270612700381
45.955001831055	0.11233271112533	-76.256390839038
46.953998565674	0.27193317516516	-74.484678221596
47.952999114990	0.27169636274086	-72.853123167747
48.951999664307	0.11554905188415	-71.218179518874
49.951000213623	-0.091142237717513	-69.485864000459
50.950000762939	-0.21332049557562	-67.670437401356
51.949001312256	-0.17531607474488	-65.877681765723
52.948001861572	-0.0048342768251163	-64.231301175442
53.946998596191	0.18840592692628	-62.794651377461
54.945999145508	0.28060478368672	-61.530758313076
55.944999694824	0.21190834413239	-60.321880962992
56.944000244141	0.028125122914776	-59.042603610320
57.943000793457	-0.14824662337296	-57.643037746766
58.942001342773	-0.20118168342149	-56.179953356224
59.941001892090	-0.096057957187585	-54.774933620363
60.939998626709	0.10127303083943	-53.535247172763
61.938999176025	0.26528777860412	-52.486780519900
62.937999725342	0.28755285694252	-51.553450881509
63.937000274658	0.14965609044002	-50.599726158928
64.935997009277	-0.058622197692268	-49.519138491151
65.934997558594	-0.19797742735713	-48.307799945052
66.933998107910	-0.17304000009503	-47.065957445825
67.932998657227	0.0070799522754675	-45.931680389439
68.931999206543	0.23341672558800	-44.995180023471
69.930999755859	0.35907260212364	-44.238762409174
70.930000305176	0.29158364359958	-43.536066842506
71.929000854492	0.064047826239595	-42.725588727551
72.928001403809	-0.17614562410626	-41.721606884509
73.927001953125	-0.26395575993748	-40.577099690773
74.926002502441	-0.12451829176205	-39.451188837415
75.925003051758	0.17796098707806	-38.514032957233
76.924003601074	0.46530738952491	-37.844997036869
77.922996520996	0.53651682152149	-37.364113562246
78.921997070313	0.30140311148269	-36.845483667576
79.920997619629	-0.12533319544216	-36.044825136360
80.919998168945	-0.46965095502993	-34.868310614141
81.918998718262	-0.45803962143136	-33.440075601405
82.917999267578	0.044599877373534	-32.035472883650
83.916999816895	0.98547612060265	-30.969362724813
84.916000366211	2.1254751795292	-30.496165151457
85.915000915527	3.0722391490011	-30.699278974826
86.914001464844	3.4059791114100	-31.372768140906
87.913002014160	2.9305815298854	-32.027585696126
88.912002563477	1.8606718384503	-32.155348230459
89.911003112793	0.68666508169478	-31.560589265020
90.910003662109	-0.16035682597158	-30.418272930198
91.908996582031	-0.50297357076269	-29.075212282167
92.907997131348	-0.40082175957780	-27.849164286572
93.906997680664	-0.055016769180903	-26.929016212834
94.905998229980	0.29114581507931	-26.340964184979
95.904998779297	0.45293705312340	-25.961538325521
96.903999328613	0.38541408595964	-25.594510054791
97.902999877930	0.18664179327476	-25.089909465161
98.902000427246	0.011341729640860	-24.422517637682
99.901000976563	-0.033328110179016	-23.677343414134
100.90000152588	0.062111407155067	-22.975351168900
101.89900207520	0.22364310827125	-22.398818350673
102.89800262451	0.34770858670287	-21.950764757963
103.89700317383	0.36509510968464	-21.561552457961
104.89600372314	0.28016283512060	-21.138601224576
105.89499664307	0.15967146732015	-20.627218715868
106.89399719238	0.082140623195837	-20.039381313138
107.89299774170	0.087931865013933	-19.435870808174
108.89199829102	0.16079660426051	-18.882392296221
109.89099884033	0.24476175531160	-18.409578930325
110.88999938965	0.28218121378142	-17.997632142206
111.88899993896	0.25018236809564	-17.592693029562
112.88800048828	0.17261766007884	-17.144238592225
113.88700103760	0.10025281761701	-16.637255496779
114.88600158691	0.075641115539805	-16.097843726366
115.88500213623	0.10760896274041	-15.572355959664
116.88400268555	0.16926759350164	-15.096858726810
117.88300323486	0.21755155759152	-14.675648807012
118.88200378418	0.22143460515804	-14.280691390976
119.88099670410	0.18106093873002	-13.871622309725
120.87999725342	0.12537282147196	-13.422805453521
121.87899780273	0.091021534004809	-12.938468059294
122.87799835205	0.098403208273165	-12.447317134630
123.87699890137	0.14026566579675	-11.982349502683
124.87599945068	0.18822716755368	-11.559840623437
125.87500000000	0.21200105434905	-11.169931278276
126.87400054932	0.19899441612979	-10.784267914371
127.87300109863	0.16151012934865	-10.375375188392
128.87199401855	0.12722377160097	-9.9344057174574
129.87100219727	0.12031025329351	-9.4754385536348
130.86999511719	0.14636169483002	-9.0249275316540
131.86900329590	0.19001288452127	-8.6041512035984
132.86799621582	0.22572329690252	-8.2160122379233
133.86700439453	0.23461302264819	-7.8438394252445
134.86599731445	0.21642153131574	-7.4629775045034
135.86500549316	0.18880932665579	-7.0572143827846
136.86399841309	0.17496314362511	-6.6286975796778
137.86300659180	0.18843247561418	-6.1955733384965
138.86199951172	0.22500614206667	-5.7795268787908
139.86099243164	0.26612467480950	-5.3918647871606
140.86000061035	0.29120770596005	-5.0265214157758
141.85899353027	0.29104043251316	-4.6644567456398
142.85800170898	0.27338970946800	-4.2863808591418
143.85699462891	0.25735268046174	-3.8852378490898
144.85600280762	0.26056927547934	-3.4702487691681
145.85499572754	0.28800605208064	-3.0602479481992
146.85400390625	0.32917849399271	-2.6714149904479
147.85299682617	0.36519915120169	-2.3068686077656
148.85200500488	0.38107730588002	-1.9547852579377
149.85099792480	0.37543936723523	-1.5962092156245
150.85000610352	0.36119017309898	-1.2174686553426
151.84899902344	0.35687900511442	-0.81878867775591
152.84800720215	0.37469008193124	-0.41378923254881
153.84700012207	0.41285684932313	-0.020446774266136
154.84599304199	0.45694980681711	0.35048972568629
155.84500122070	0.48924460033797	0.70245766477060
156.84399414063	0.50032488258296	1.0510365102628
157.84300231934	0.49537516181084	1.4138299848499
158.84199523926	0.49093045678159	1.7989903075377
159.84100341797	0.50428361778521	2.1999412423873
160.83999633789	0.54244958950519	2.5995532962680
161.83900451660	0.59763671753396	2.9809218795912
162.83799743652	0.65196378303303	3.3382709808621
163.83700561523	0.68885633459733	3.6810609758689
164.83599853516	0.70407946578686	4.0283120695900
165.83500671387	0.70906016190208	4.3963570083047
166.83399963379	0.72398547403605	4.7880291339711
167.83299255371	0.76509316975853	5.1902979393497
168.83200073242	0.83410900783397	5.5820221651670
169.83099365234	0.91648530346682	5.9471853362293
170.83000183105	0.99004355967845	6.2857752949573
171.82899475098	1.0394856806999	6.6149272178521
172.82800292969	1.0676774837196	6.9586516628293
173.82699584961	1.0956137504446	7.3317898765807
174.82600402832	1.1503068103559	7.7288781195745
175.82499694824	1.2477504611939	8.1252148974372
176.82400512695	1.3813929125672	8.4903623637127
177.82299804688	1.5236991961088	8.8070206002093
178.82200622559	1.6422044318435	9.0840537470519
179.82099914551	1.7220562586530	9.3534035059289
180.82000732422	1.7804521256778	9.6494384308261
181.81900024414	1.8609704134278	9.9819382983011
182.81799316406	2.0083464790792	10.319589205542
183.81700134277	2.2357233351003	10.595354554149
184.81599426270	2.5003761369784	10.735260989426
185.81500244141	2.7038730915934	10.702763555863
186.81399536133	2.7277495630655	10.538033269991
187.81300354004	2.4958453338230	10.361459305353
188.81199645996	2.0248464142670	10.325904155510
189.81100463867	1.4234132592507	10.544920253854
190.80999755859	0.84256142602377	11.046339148181
191.80900573730	0.41616161369085	11.772378167925
192.80799865723	0.22218955481755	12.609980969868
193.80700683594	0.26832508415841	13.429180494011
194.80599975586	0.49544974265861	14.120138528814
195.80499267578	0.79850059268383	14.625859482829
196.80400085449	1.0655522683747	14.959787564979
197.80299377441	1.2229440454874	15.193887739508
198.80200195313	1.2606155558657	15.417769038611
199.80099487305	1.2213264192983	15.693891434459
200.80000305176	1.1647566487294	16.036201960677
201.79899597168	1.1323206236634	16.419222050862
202.79800415039	1.1309978785827	16.804800778710
203.79699707031	1.1394338541589	17.168719088326
204.79600524902	1.1287213677788	17.513670217137
205.79499816895	1.0841504535270	17.863540983230
206.79400634766	1.0147168309684	18.244866485594
207.79299926758	0.94600502443154	18.668800618124
208.79200744629	0.90324335050198	19.124913479821
209.79100036621	0.89634667108539	19.588989830908
210.78999328613	0.91550867744584	20.038347185627
211.78900146484	0.93902848183024	20.465027118541
212.78799438477	0.94774267871505	20.879077791537
213.78700256348	0.93687120353504	21.300288731134
214.78599548340	0.91772362858198	21.744429287342
215.78500366211	0.90895107222493	22.213266631990
216.78399658203	0.92386461861109	22.694323520363
217.78300476074	0.96209944084534	23.169715407323
218.78199768066	1.0104827948573	23.627967257195
219.78100585938	1.0520117431595	24.071058217301
220.77999877930	1.0770389513831	24.512570803244
221.77900695801	1.0891570433919	24.968284785740
222.77799987793	1.1020795640969	25.445758383616
223.77699279785	1.1301662419155	25.939905512879
224.77600097656	1.1790015350466	26.436936687358
225.77499389648	1.2421048469145	26.923738389312
226.77400207520	1.3055373561508	27.396503909954
227.77299499512	1.3573240426780	27.862980313100
228.77200317383	1.3953631544117	28.337046021461
229.77099609375	1.4284235960410	28.829276512312
230.77000427246	1.4699868830788	29.340101774601
231.76899719238	1.5291311456132	29.859805612743
232.76800537109	1.6046409651430	30.375272928947
233.76699829102	1.6858734541956	30.878657315038
234.76600646973	1.7599512037269	31.372565780897
235.76499938965	1.8202294083777	31.868166793517
236.76400756836	1.8704364120492	32.377528018066
237.76300048828	1.9217374938125	32.905641454568
238.76199340820	1.9848976012098	33.447358110994
239.76100158691	2.0628444286892	33.991125340614
240.75999450684	2.1485751972224	34.526993447332
241.75900268555	2.2296191778805	35.053473407857
242.75799560547	2.2961373801595	35.578687574238
243.75700378418	2.3471760816781	36.115195439415
244.75599670410	2.3907637823501	36.671764586017
245.75500488281	2.4379550762168	37.248110812620
246.75399780273	2.4949562893615	37.835721348371
247.75300598145	2.5585067965866	38.424291017516
248.75199890137	2.6176265123648	39.009465338928
249.75100708008	2.6604634662183	39.596634394584
250.75000000000	2.6817024504127	40.198414771220
251.74899291992	2.6854866669252	40.827450254876
252.74800109863	2.6818975005957	41.489593779333
253.74699401855	2.6796696262478	42.182150629751
254.74600219727	2.6800298979883	42.898226125959
255.74499511719	2.6758250234724	43.634252720048
256.74398803711	2.6567145095529	44.395889076424
257.74301147461	2.6170175616795	45.198187821453
258.74200439453	2.5613469965236	46.060050267493
259.74099731445	2.5044459932134	46.996549222718
260.73999023438	2.4659385219580	48.014003027412
261.73901367188	2.4636668007864	49.110484788545
262.73800659180	2.5101436903649	50.280675765999
263.73699951172	2.6140849556291	51.521369586698
264.73599243164	2.7859019262513	52.833273128783
265.73498535156	3.0428923371715	54.217476899699
266.73400878906	3.4100080263231	55.668106340030
267.73300170898	3.9143468670500	57.165813019280
268.73199462891	4.5754079472497	58.676502143343
269.73098754883	5.3961449301046	60.157613321792
270.73001098633	6.3600016872983	61.569683122820
271.72900390625	7.4370815956110	62.887433505562
272.72799682617	8.5963836248706	64.103463353557
273.72698974609	9.8168841240557	65.221977432984
274.72601318359	11.089945046986	66.246821379896
275.72500610352	12.411664214169	67.172254021591
276.72399902344	13.771122793255	67.983663963680
277.72299194336	15.143701756103	68.667643308936
278.72198486328	16.495349361550	69.223983259864
279.72100830078	17.795219252216	69.669702832448
280.72000122070	19.027281727464	70.031679680304
281.71899414063	20.191541821914	70.332315326120
282.71798706055	21.293557347817	70.579676998422
283.71701049805	22.329676342095	70.769683320157
284.71600341797	23.279345337105	70.899426052933
285.71499633789	24.110751524784	70.982363928815
286.71398925781	24.796574802445	71.054190915384
287.71301269531	25.329164814216	71.164520985280
288.71200561523	25.724519067487	71.360536129503
289.71099853516	26.013085997339	71.673529052350
290.70999145508	26.224945121906	72.117202785519
291.70901489258	26.379730591355	72.696929235198
292.70800781250	26.487757060839	73.422493364046
293.70700073242	26.560359944761	74.314748076476
294.70599365234	26.621718838294	75.401228409581
295.70498657227	26.713266242805	76.703922897967
296.70401000977	26.887285931958	78.227057364523
297.70300292969	27.193116349891	79.952971934641
298.70199584961	27.663993461704	81.848882713226
299.70098876953	28.312074411376	83.881435790133
300.70001220703	29.135150031091	86.030693699065
301.69900512695	30.131748783986	88.295401162951
302.69799804688	31.315653659759	90.685434628853
303.69699096680	32.720054271280	93.205499002041
304.69601440430	34.387921767378	95.840566036621
305.69500732422	36.353603289679	98.553473616069
306.69400024414	38.627750257310	101.29799414998
307.69299316406	41.197192720928	104.04091404041
308.69198608398	44.043223694094	106.77825601383
309.69100952148	47.168457615047	109.53232553610
310.69000244141	50.614011514623	112.32743452673
311.68899536133	54.452534991515	115.15893167838
312.68798828125	58.758687570446	117.97694101178
313.68701171875	63.575681906578	120.69884996938
314.68600463867	68.902695452735	123.24609860002
315.68499755859	74.719232795622	125.58087209031
316.68399047852	81.035304602402	127.71006604887
317.68301391602	87.932971549214	129.64337790821
318.68200683594	95.561869558426	131.32578836409
319.68099975586	104.08125462156	132.58963739166
320.67999267578	113.57996672393	133.16507460470
321.67898559570	124.03047169852	132.75039783622
322.67800903320	135.32209851952	131.09272527720
323.67700195313	147.35823900749	127.99690396599
324.67599487305	160.12449523666	123.21718453044
325.67498779297	173.61253597228	116.29015444386
326.67401123047	187.56838497295	106.46481088369
327.67300415039	201.18288147963	92.884269668169
328.67199707031	212.97510074119	75.039849560535
329.67098999023	221.08886708229	53.254006058698
330.67001342773	223.89187493763	28.799031356982
331.66900634766	220.41948065520	3.5727128841063
332.66799926758	210.45040939674	-20.254307864221
333.66699218750	194.57541161697	-40.381244402270
334.66598510742	174.47134057021	-54.720004993734
335.66500854492	152.81597663020	-62.195198524906
336.66400146484	132.39913679507	-63.301081233738
337.66299438477	115.09628789446	-59.712190743653
338.66198730469	101.56838767302	-53.364753980192
339.66101074219	91.626941592256	-45.810968731123
340.66000366211	84.723084996668	-38.063184026782
341.65899658203	80.258187146163	-30.707951460666
342.65798950195	77.705255827583	-24.069390459756
343.65701293945	76.622313559627	-18.328905984926
344.65600585938	76.626524013074	-13.586031162582
345.65499877930	77.369581728832	-9.8742465917554
346.65399169922	78.535642902112	-7.1551195686605
347.65301513672	79.863196842226	-5.3184359594688
348.65200805664	81.172297695076	-4.2070588178495
349.65100097656	82.370465660008	-3.6617123658668
350.64999389648	83.426741875278	-3.5598998973373
351.64898681641	84.329761597176	-3.8257204131480
352.64801025391	85.057151893874	-4.4101327659845
353.64700317383	85.571995274718	-5.2615982341806
354.64599609375	85.841354930439	-6.3099495849316
355.64498901367	85.857582434238	-7.4731388034772
356.64401245117	85.644443289505	-8.6783534491036
357.64300537109	85.244053607897	-9.8799269756287
358.64199829102	84.695844396287	-11.060901793131
359.64099121094	84.022359226680	-12.219733542266
360.64001464844	83.229580684516	-13.353340744665
361.63900756836	82.318338041089	-14.447659854565
362.63800048828	81.296639405578	-15.480362673526
363.63699340820	80.184399264320	-16.431069230102
364.63598632813	79.008496802162	-17.290404647220
365.63500976563	77.793348611078	-18.061724185756
366.63400268555	76.553975237503	-18.755482461037
367.63299560547	75.295572170377	-19.381160035575
368.63198852539	74.018572058286	-19.942122119723
369.63101196289	72.724885730374	-20.435943909006
370.63000488281	71.421254737597	-20.858660083607
371.62899780273	70.118232013864	-21.209356181072
372.62799072266	68.826535643813	-21.492101680465
373.62701416016	67.553611771681	-21.714570991079
374.62600708008	66.302464642904	-21.884968445587
375.62500000000	65.072930484372	-22.009386368278
376.62399291992	63.864061083680	-22.091019336035
377.62298583984	62.676022681439	-22.131075655321
378.62200927734	61.510695737065	-22.130408821359
379.62100219727	60.371108340283	-22.090853334590
380.61999511719	59.260360501504	-22.015726327837
381.61898803711	58.180655609968	-21.909582539975
382.61801147461	57.132691824674	-21.777524783664
383.61700439453	56.115548074925	-21.624360626317
384.61599731445	55.127084251981	-21.453759698604
385.61499023438	54.164774712170	-21.267768014102
386.61401367188	53.226848475008	-21.066975055120
387.61300659180	52.313100081300	-20.851489417272
388.61199951172	51.424733679020	-20.622364567702
389.61099243164	50.563230560473	-20.382618070427
390.60998535156	49.728522612890	-20.137063989975
391.60900878906	48.917800520763	-19.890783061594
392.60800170898	48.125859316783	-19.647018089889
393.60699462891	47.346892682421	-19.405833605695
394.60598754883	46.576961453151	-19.164655354482
395.60501098633	45.815226334407	-18.920498302866
396.60400390625	45.063041879479	-18.672565683818
397.60299682617	44.321224438303	-18.423273553990
398.60198974609	43.587317626034	-18.176766057207
399.60101318359	42.854825970681	-17.935600191051
400.60000610352	42.115312948140	-17.697761179508
401.59899902344	41.362329679194	-17.456169294990
402.59799194336	40.594501165878	-17.201322665940
403.59698486328	39.815708063264	-16.925571211615
404.59600830078	39.031894059681	-16.626036782622
405.59500122070	38.246745573437	-16.304123861907
406.59399414063	37.459269249851	-15.961734288178
407.59298706055	36.665311976944	-15.596862464842
408.59201049805	35.862178241517	-15.201859185482
409.59100341797	35.053285318817	-14.766079441580
410.58999633789	34.249281221867	-14.281528879979
411.58898925781	33.464385367225	-13.747750469977
412.58801269531	32.709980223532	-13.172447110717
413.58700561523	31.989688431370	-12.567094156223
414.58599853516	31.299237943025	-11.940132140065
415.58499145508	30.631557826994	-11.292267325689
416.58401489258	29.983858690759	-10.617154600855
417.58300781250	29.361889674820	-9.9074743923728
418.58200073242	28.777996286436	-9.1624753443735
419.58099365234	28.243695633480	-8.3916708593787
420.57998657227	27.761417882086	-7.6115213452779
421.57901000977	27.321068371884	-6.8364042483487
422.57800292969	26.904638823530	-6.0691520049813
423.57699584961	26.497247580651	-5.2975003562733
424.57598876953	26.098279601304	-4.5001775667206
425.57501220703	25.725032940757	-3.6603587341453
426.57400512695	25.404992728396	-2.7785921484399
427.57299804688	25.160023364749	-1.8768817467810
428.57199096680	24.990940129785	-0.98999429836071
429.57101440430	24.871539556871	-0.14701146643375
430.57000732422	24.757330186593	0.64815430032517
431.56900024414	24.607217927829	1.4262820408492
432.56799316406	24.407956115807	2.2442857108860
433.56698608398	24.186573131253	3.1607248134752
434.56600952148	24.002079684886	4.2090288218713
435.56500244141	23.921166040746	5.3842674650916
436.56399536133	23.992467756970	6.6504075472907
437.56298828125	24.233320955159	7.9628286254963
438.56201171875	24.636175913737	9.2944914873578
439.56100463867	25.193663058015	10.651573132354
440.55999755859	25.932179166199	12.066807243255
441.55899047852	26.936933389405	13.567505871403
442.55801391602	28.353021479846	15.127364582399
443.55700683594	30.356329430197	16.616624575567
444.55599975586	33.091953710200	17.762005060663
445.55499267578	36.570682863038	18.133658128389
446.55398559570	40.520504035100	17.209395006705
447.55300903320	44.263494275958	14.598457394011
448.55200195313	46.823847967899	10.411876015011
449.55099487305	47.419919443631	5.4656224747316
450.54998779297	46.005196277622	0.92456430210474
451.54901123047	43.252642618411	-2.3774646826787
452.54800415039	40.029400558287	-4.2543584114653
453.54699707031	36.956391700854	-4.9746412508706
454.54598999023	34.313286289979	-4.9381023591791
455.54501342773	32.140501779230	-4.4810450248296
456.54400634766	30.366603384563	-3.8191287656639
457.54299926758	28.896943819463	-3.0625270881529
458.54199218750	27.658008401390	-2.2559835626811
459.54098510742	26.607168811632	-1.4181157481218
460.54000854492	25.721743580996	-0.56609486936259
461.53900146484	24.982663581099	0.27766693998964
462.53799438477	24.364486270803	1.0916375167688
463.53698730469	23.835939375657	1.8642921428475
464.53601074219	23.367935422669	2.5980905113886
465.53500366211	22.942027497345	3.3053850726578
466.53399658203	22.553073364220	3.9991728248260
467.53298950195	22.204521943427	4.6850366487559
468.53201293945	21.899895847665	5.3591813884063
469.53100585938	21.636211809908	6.0129973294775
470.52999877930	21.403220386988	6.6403580503162
471.52899169922	21.188166594741	7.2425659323361
472.52801513672	20.982342329442	7.8278456537232
473.52700805664	20.784820806619	8.4061467641727
474.52600097656	20.600959094949	8.9831005333487
475.52499389648	20.437040235365	9.5572667971524
476.52398681641	20.294885618570	10.122272793712
477.52301025391	20.169986202112	10.672040094124
478.52200317383	20.054190713224	11.205483351909
479.52099609375	19.940754481295	11.727430312725
480.51998901367	19.828293932817	12.245508390900
481.51901245117	19.720973161535	12.765244969234
482.51800537109	19.624949952931	13.286780402213
483.51699829102	19.543752349246	13.805426458617
484.51599121094	19.475700336546	14.315377632642
485.51501464844	19.415029134889	14.814036677741
486.51400756836	19.355755883270	15.303881549090
487.51300048828	19.295561403320	15.790824024312
488.51199340820	19.237078507826	16.280290974836
489.51098632813	19.185703175247	16.773725997724
490.51000976563	19.145737359968	17.268010434205
491.50900268555	19.117385075747	17.757948172228
492.50799560547	19.096691338013	18.240026495656
493.50698852539	19.078359856509	18.714955397180
494.50601196289	19.059348405176	19.187178052866
495.50500488281	19.040855925606	19.661795001990
496.50399780273	19.027336813040	20.141281452231
497.50299072266	19.023366433568	20.623969939363
498.50201416016	19.030531482679	21.105472238831
499.50100708008	19.046559860641	21.581919373539
500.50000000000	19.067050200586	22.052633356135
501.49899291992	19.088662563002	22.520604582334
502.49798583984	19.111515088155	22.990388818571
503.49700927734	19.139109026289	23.465010939072
504.49600219727	19.176002863086	23.943991347888
505.49499511719	19.224905282270	24.423874104673
506.49398803711	19.285187538712	24.900701367822
507.49301147461	19.353743650138	25.372648197545
508.49200439453	19.427599675924	25.841139918897
509.49099731445	19.506337612279	26.309545402434
510.48999023438	19.592716362536	26.780561092426
511.48901367188	19.691080355539	27.254106216454
512.48797607422	19.804864329201	27.727109788106
513.48699951172	19.934864673590	28.195264806852
514.48602294922	20.079471973999	28.655355311004
515.48498535156	20.236541993181	29.106480825875
516.48400878906	20.405479517025	29.549409498709
517.48297119141	20.588022794082	29.984546805476
518.48199462891	20.787142513373	30.410094135665
519.48101806641	21.005092742022	30.821762686987
520.47998046875	21.241924429635	31.213958295314
521.47900390625	21.495623950778	31.581579338065
522.47802734375	21.763433997618	31.920711881426
523.47698974609	22.043103610527	32.227883678783
524.47601318359	22.332648430379	32.498472196843
525.47497558594	22.628555115346	32.725982300870
526.47399902344	22.923872157415	32.903367835332
527.47302246094	23.207919773801	33.025732393471
528.47198486328	23.468489032863	33.092577983836
529.47100830078	23.695338103762	33.107369351146
530.46997070313	23.882147755697	33.074190618232
531.46899414063	24.024814235527	32.993561173748
532.46801757813	24.116153838797	32.860905155505
533.46697998047	24.140327662811	32.670168753201
534.46600341797	24.071133316799	32.421692388788
535.46502685547	23.877021293413	32.130268116817
536.46398925781	23.531360595475	31.828156019068
537.46301269531	23.022867511723	31.560118489717
538.46197509766	22.360385487115	31.372636001693
539.46099853516	21.569534329875	31.303047935918
540.46002197266	20.684028534260	31.373990031042
541.45898437500	19.737021489504	31.594645353680
542.45800781250	18.756591015321	31.966061815844
543.45697021484	17.766114056320	32.486293698830
544.45599365234	16.787275023344	33.152508240062
545.45501708984	15.842515825394	33.959544231141
546.45397949219	14.954718266942	34.897160000266
547.45300292969	14.144230380911	35.948290066175
548.45202636719	13.424958524289	37.090129892172
549.45098876953	12.801691194026	38.297802610602
550.45001220703	12.270330328837	39.549196593333
551.44897460938	11.821086250353	40.828808304196
552.44799804688	11.443209093420	42.128609319558
553.44702148438	11.129018886174	43.445860420329
554.44598388672	10.875210479701	44.779026868576
555.44500732422	10.680993708057	46.124322628160
556.44396972656	10.544573002822	47.475007245786
557.44299316406	10.460304488049	48.823434152192
558.44201660156	10.418586397376	50.164750083278
559.44097900391	10.408702991603	51.499532699147
560.44000244141	10.422809661577	52.833391955811
561.43902587891	10.458578127578	54.173670455821
562.43798828125	10.518525162646	55.525213794502
563.43701171875	10.606411326447	56.887922336239
564.43597412109	10.723084077993	58.257766620398
565.43499755859	10.864370365462	59.630559239848
566.43402099609	11.022612635850	61.006179197068
567.43298339844	11.190843708798	62.390123209766
568.43200683594	11.366853727171	63.791368819124
569.43103027344	11.554351846188	65.217874531605
570.42999267578	11.760197440068	66.672505593475
571.42901611328	11.989633729904	68.152575193585
572.42797851563	12.242495749248	69.653042384098
573.42700195313	12.513173832183	71.171489171570
574.42602539063	12.794427078859	72.711642070043
575.42498779297	13.082604335398	74.282823591476
576.42401123047	13.380760549332	75.895492553466
577.42297363281	13.697353689034	77.556000273597
578.42199707031	14.041311237644	79.263828626143
579.42102050781	14.416675220826	81.013801419835
580.41998291016	14.820531528957	82.801370031125
581.41900634766	15.245730877572	84.628071927301
582.41802978516	15.686961907181	86.503033425853
583.41699218750	16.145994450103	88.439265725730
584.41601562500	16.632379541937	90.447414469272
585.41497802734	17.159137571138	92.530552242533
586.41400146484	17.735833655584	94.684349164920
587.41302490234	18.364015644800	96.902371972940
588.41198730469	19.038124408876	99.183283003024
589.41101074219	19.751700939983	101.53511164505
590.40997314453	20.505035477854	103.97337336565
591.40899658203	21.308854280758	106.51385000541
592.40802001953	22.181399065937	109.16487301843
593.40698242188	23.140344281687	111.92439425204
594.40600585938	24.195031278062	114.78412083166
595.40502929688	25.344510052134	117.73850664553
596.40399169922	26.583009071228	120.79276437771
597.40301513672	27.910295224944	123.96366114769
598.40197753906	29.339374286485	127.27234922539
599.40100097656	30.896357801008	130.73329064839
600.40002441406	32.611623415362	134.34653306200
601.39898681641	34.507913413339	138.09950135476
602.39801025391	36.593418077975	141.97726077724
603.39697265625	38.865101274594	145.97523599909
604.39599609375	41.321258143140	150.10508616137
605.39501953125	43.975022592018	154.38853570595
606.39398193359	46.858130809419	158.84211582414
607.39300537109	50.011687981082	163.46296985169
608.39202880859	53.467346203884	168.22628910166
609.39099121094	57.231365867781	173.09770762903
610.39001464844	61.282310570165	178.05526023009
611.38897705078	65.585294274430	183.10625799809
612.38800048828	70.113230169778	188.28770486905
613.38702392578	74.859008477306	193.65104734260
614.38598632813	79.827836445004	199.24493332854
615.38500976563	85.014658003540	205.11277435585
616.38397216797	90.383257739694	211.31665154401
617.38299560547	95.868341608247	217.97806042756
618.38201904297	101.40790381109	225.31601523435
619.38098144531	106.99491448417	233.66058553306
620.38000488281	112.72498293743	243.44049005974
621.37902832031	118.82373942801	255.15999843052
622.37799072266	125.65681908702	269.39414740991
623.37701416016	133.74719905226	286.81785969816
624.37597656250	143.83299263306	308.27614665788
625.37500000000	157.00627664414	334.89072302506
626.37402343750	174.99446357055	368.19403850673
627.37298583984	200.69945489476	410.27399049819
628.37200927734	239.25418598270	463.86156791953
629.37097167969	300.19921700249	532.04827946032
630.36999511719	402.10858508592	616.29997309510
631.36901855469	581.74012416889	707.18205413788
632.36798095703	901.99798941646	746.70689658415
633.36700439453	1374.0626394560	529.71689313652
634.36602783203	1601.3493495090	-144.72584867495
635.36499023438	1220.2164482948	-706.88440808216
636.36401367188	762.88553296502	-811.57928898524
637.36297607422	480.99434648014	-735.65337492868
638.36199951172	323.53072092430	-635.33662837211
639.36102294922	232.49174169111	-547.84919261793
640.35998535156	176.75848546943	-477.31622234871
641.35900878906	140.69814312039	-421.16104074567
642.35797119141	116.15922375920	-376.18232839682
643.35699462891	98.649434361291	-339.71968050196
644.35601806641	85.568002114670	-309.72967785608
645.35498046875	75.358866512295	-284.66009812909
646.35400390625	67.085978564607	-263.33056037183
647.35302734375	60.202273315410	-244.85106328334
648.35198974609	54.405207292022	-228.57338640291
649.35101318359	49.531416804281	-214.05296882069
650.34997558594	45.475246530508	-201.00615571876
651.34899902344	42.134629306617	-189.25775886671
652.34802246094	39.387654786215	-178.68705870963
653.34698486328	37.096723762456	-169.18369553489
654.34600830078	35.129127423448	-160.62430285338
655.34497070313	33.380056835813	-152.87048905119
656.34399414063	31.787026670632	-145.78285799112
657.34301757813	30.328498903810	-139.24176468090
658.34197998047	29.008607744023	-133.16187827951
659.34100341797	27.835783774988	-127.49376895181
660.34002685547	26.806027883090	-122.21242317904
661.33898925781	25.898032358596	-117.29951766293
662.33801269531	25.080015076131	-112.72947086807
663.33697509766	24.322496535285	-108.46464877667
664.33599853516	23.608692582497	-104.46091406910
665.33502197266	22.937441488267	-100.67812356331
666.33398437500	22.317441450509	-97.089118192556
667.33300781250	21.757120291075	-93.681551934196
668.33197021484	21.256478062377	-90.452539876592
669.33099365234	20.805271005489	-87.399367007012
670.33001708984	20.387747176266	-84.512562747075
671.32897949219	19.990454267870	-81.774390731657
672.32800292969	19.608158382086	-79.163337642916
673.32702636719	19.244504892028	-76.661121079738
674.32598876953	18.907465180915	-74.257760875504
675.32501220703	18.602719188829	-71.951789629057
676.32397460938	18.329101242796	-69.745645193658
677.32299804688	18.078784742800	-67.639584449330
678.32202148438	17.841561808342	-65.627819861065
679.32098388672	17.610346738337	-63.698791861378
680.32000732422	17.384584822955	-61.839515716797
681.31896972656	17.169374021309	-60.040637287956
682.31799316406	16.971272320590	-58.299204967825
683.31701660156	16.793473609356	-56.617685293041
684.31597900391	16.633410166441	-54.999612816335
685.31500244141	16.484075357002	-53.445204622831
686.31402587891	16.338148609703	-51.949305047439
687.31298828125	16.192073139567	-50.502930690043
688.31201171875	16.047763657386	-49.097329704672
689.31097412109	15.910734978659	-47.727828510780
690.30999755859	15.786122432751	-46.395079041570
691.30902099609	15.675049173175	-45.103029040679
692.30798339844	15.573712215428	-43.854937682876
693.30700683594	15.475565645686	-42.650088583876
694.30603027344	15.375221150027	-41.483034709095
695.30499267578	15.271565262773	-40.346026052010
696.30401611328	15.168134636920	-39.232875859308
697.30297851563	15.070536402690	-38.141828095092
698.30200195313	14.982601168340	-37.075626346580
699.30102539063	14.903727998983	-36.038812372076
700.29998779297	14.829054079973	-35.033852613070
701.29901123047	14.752327001644	-34.058685921689
702.29797363281	14.669754333740	-33.107134760650
703.29699707031	14.582309321434	-32.171937266752
704.29602050781	14.495082396097	-31.248678073674
705.29498291016	14.413966621736	-30.337874892526
706.29400634766	14.341793451842	-29.444108931799
707.29302978516	14.276266151925	-28.572505729968
708.29199218750	14.211129792168	-27.724806211454
709.29101562500	14.139845629678	-26.897348573253
710.28997802734	14.059765976256	-26.082538865454
711.28900146484	13.973972836114	-25.272875372726
712.28802490234	13.889534823367	-24.465416006298
713.28698730469	13.812757377865	-23.663566201596
714.28601074219	13.744260822886	-22.874940278829
715.28497314453	13.676711362993	-22.105740102008
716.28399658203	13.597268358827	-21.354576987343
717.28302001953	13.494214230386	-20.609174457962
718.28198242188	13.364997257544	-19.848306891631
719.28100585938	13.221530008965	-19.049284186278
720.28002929688	13.089578301964	-18.197727705134
721.27899169922	13.001811673043	-17.295299766279
722.27801513672	12.987427735349	-16.361644691619
723.27697753906	13.062510937189	-15.429990948085
724.27600097656	13.224501824996	-14.538209980205
725.27502441406	13.452357901387	-13.718314776579
726.27398681641	13.712296353964	-12.987597683484
727.27301025391	13.967646902041	-12.344118850396
728.27197265625	14.189726117143	-11.768688284398
729.27099609375	14.365573432767	-11.232757642929
730.27001953125	14.499205021570	-10.709326676652
731.26898193359	14.606074284964	-10.181759583546
732.26800537109	14.703873473501	-9.6467505428719
733.26702880859	14.804500379770	-9.1110497447162
734.26599121094	14.910526936691	-8.5845088272123
735.26501464844	15.017050124219	-8.0734162319947
736.26397705078	15.116953510380	-7.5772985452391
737.26300048828	15.206286880009	-7.0902434765010
738.26202392578	15.286821541494	-6.6052882685194
739.26098632813	15.364673836418	-6.1188977992291
740.26000976563	15.446243310318	-5.6328789667290
741.25897216797	15.534345963460	-5.1527379502077
742.25799560547	15.626803754933	-4.6838773106140
743.25701904297	15.718261412619	-4.2280809868630
744.25598144531	15.803871646213	-3.7825233453716
745.25500488281	15.882457745823	-3.3417524816747
746.25402832031	15.957121814850	-2.9013023531682
747.25299072266	16.033004994436	-2.4604733144579
748.25201416016	16.113790654771	-2.0225227870158
749.25097656250	16.199318839893	-1.5921530622266
750.25000000000	16.285876602110	-1.1721627353591
751.24902343750	16.368906533250	-0.76144718329813
752.24798583984	16.446291172148	-0.35578040584671
753.24700927734	16.519926407481	0.049181353262414
754.24597167969	16.594373856267	0.45465942509936
755.24499511719	16.673476033838	0.85767970459226
756.24401855469	16.757211664215	1.2529738293832
757.24298095703	16.840979796755	1.6367736970817
758.24200439453	16.918082008391	2.0099963798984
759.24102783203	16.983939487086	2.3786480349988
760.23999023438	17.039388903519	2.7508219659519
761.23901367188	17.090802552504	3.1321298966349
762.23797607422	17.146738068064	3.5223377013976
763.23699951172	17.213172681505	3.9154529682038
764.23602294922	17.290174595950	4.3032332155468
765.23498535156	17.372105707902	4.6799883355481
766.23400878906	17.451175025127	5.0457518400781
767.23297119141	17.522152330930	5.4059775101912
768.23199462891	17.585324717938	5.7678802996590
769.23101806641	17.645815434284	6.1359380279616
770.22998046875	17.709898312018	6.5093814039146
771.22900390625	17.780807329086	6.8832824105414
772.22802734375	17.856745734060	7.2522547631959
773.22698974609	17.932377495429	7.6143651622761
774.22601318359	18.002634285518	7.9725643575513
775.22497558594	18.066295466730	8.3327683628218
776.22399902344	18.126839317230	8.6999642668679
777.22302246094	18.190127990747	9.0749961467639
778.22198486328	18.260463370978	9.4542630155716
779.22100830078	18.337805588292	9.8324486996478
780.21997070313	18.417972635782	10.206387645769
781.21899414063	18.495738284969	10.577482217083
782.21801757813	18.568585474171	10.950916337857
783.21697998047	18.638715026354	11.332340527163
784.21600341797	18.711717331343	11.724147246000
785.21502685547	18.792996188580	12.124096702888
786.21398925781	18.884327747896	12.527045680823
787.21301269531	18.982965481842	12.928739175681
788.21197509766	19.083826046289	13.328932674344
789.21099853516	19.183402117711	13.731848445019
790.21002197266	19.282628540537	14.143469075732
791.20898437500	19.386710890803	14.567610982645
792.20800781250	19.502088555404	15.003473911093
793.20697021484	19.632552593313	15.446305534104
794.20599365234	19.777228161621	15.890811287090
795.20501708984	19.931773222802	16.334898035036
796.20397949219	20.092088695816	16.781268001803
797.20300292969	20.257965145716	17.235651911242
798.20202636719	20.434154404218	17.702857424545
799.20098876953	20.628113147606	18.183334061149
800.20001220703	20.845885373820	18.672624499903
801.19897460938	21.089009495188	19.164084936934
802.19799804688	21.354531831255	19.653072054485
803.19702148438	21.638205185059	20.139648047078
804.19598388672	21.938711390389	20.627993574198
805.19500732422	22.260077027656	21.122676232210
806.19396972656	22.610386532771	21.624352324904
807.19299316406	22.997703149083	22.127800859599
808.19201660156	23.425830269804	22.623704959822
809.19097900391	23.892822810765	23.102998976350
810.19000244141	24.393339070678	23.560864418913
811.18902587891	24.923248763676	23.997556460705
812.18798828125	25.483330881278	24.415270439617
813.18701171875	26.079219460675	24.813112526565
814.18597412109	26.717443100361	25.183736101107
815.18499755859	27.399930005962	25.514045852203
816.18402099609	28.120783734339	25.789939651005
817.18298339844	28.867639245665	26.002011407570
818.18200683594	29.626823857199	26.148352168762
819.18103027344	30.388835071121	26.232465379434
820.17999267578	31.150118693813	26.257688165823
821.17901611328	31.909725403198	26.222354772737
822.17797851563	32.663105057717	26.119520879391
823.17700195313	33.397891294708	25.942023647269
824.17602539063	34.095202946840	25.689484435358
825.17498779297	34.736163838029	25.372113474678
826.17401123047	35.309567562853	25.008261521263
827.17297363281	35.815042285976	24.616898042993
828.17199707031	36.259558213911	24.210376635890
829.17102050781	36.649835362140	23.792536192221
830.16998291016	36.986426405119	23.363349922200
831.16900634766	37.263738137354	22.926197323454
832.16802978516	37.476035480920	22.492285230465
833.16699218750	37.624707131272	22.078409924199
834.16601562500	37.721155242191	21.699612798574
835.16497802734	37.782876940631	21.362061212247
836.16400146484	37.825335785145	21.061367799746
837.16302490234	37.855405821939	20.787569062448
838.16198730469	37.870864471445	20.533282532341
839.16101074219	37.866084070456	20.299213925949
840.15997314453	37.839873524440	20.093352985059
841.15899658203	37.799645622350	19.924385688427
842.15802001953	37.758999542852	19.794376258724
843.15698242188	37.730479143928	19.695962302289
844.15600585938	37.718694213666	19.616137299021
845.15502929688	37.718750115417	19.543996629963
846.15399169922	37.721141121459	19.477002790750
847.15301513672	37.719694376433	19.421361187686
848.15197753906	37.717021462329	19.386158596175
849.15100097656	37.723534043615	19.375427866374
850.15002441406	37.750692137138	19.383813398465
851.14898681641	37.803322661276	19.398937278526
852.14801025391	37.876442110791	19.408874683208
853.14697265625	37.958915509640	19.409515844732
854.14599609375	38.041601721211	19.406591069193
855.14501953125	38.124293044780	19.410681567305
856.14398193359	38.216414318246	19.428568521983
857.14300537109	38.330858868000	19.456957310584
858.14202880859	38.475040985276	19.483040517137
859.14099121094	38.645428390856	19.491663052552
860.14001464844	38.829237154885	19.474278723614
861.13897705078	39.012360818715	19.433655086251
862.13800048828	39.188235318412	19.380964561209
863.13702392578	39.361418517596	19.327180413808
864.13598632813	39.543416758527	19.274793928716
865.13500976563	39.743718371974	19.215605793408
866.13397216797	39.962419369745	19.136101833472
867.13299560547	40.189485268734	19.026444058186
868.13201904297	40.411209773094	18.886862493031
869.13098144531	40.619201790764	18.726747979331
870.13000488281	40.815408810024	18.557106661500
871.12902832031	41.009461465609	18.381879817293
872.12799072266	41.210206286172	18.194516870113
873.12701416016	41.417612586053	17.982349791441
874.12597656250	41.620984047229	17.735738138313
875.12500000000	41.804916815109	17.455397776965
876.12402343750	41.958877042944	17.152492168775
877.12298583984	42.083472672856	16.841232596001
878.12200927734	42.188669598984	16.529246779813
879.12097167969	42.285182082523	16.212837547963
880.11999511719	42.375350754148	15.880653391640
881.11901855469	42.450099423356	15.523112665134
882.11798095703	42.494340602041	15.140849277062
883.11700439453	42.497054145503	14.745931367682
884.11602783203	42.458734483687	14.354783026009
885.11499023438	42.390605064227	13.977889409514
886.11401367188	42.306219584808	13.613833313399
887.11297607422	42.211508091138	13.252022898296
888.11199951172	42.100571828259	12.882025396046
889.11102294922	41.960191019841	12.502795713456
890.10998535156	41.779898024639	12.125081675459
891.10900878906	41.560220293402	11.765103599384
892.10797119141	41.313079054358	11.434167507120
893.10699462891	41.054000954307	11.131742346798
894.10601806641	40.791924322526	10.847051962013
895.10498046875	40.523881759688	10.567815595452
896.10400390625	40.238324347691	10.289925702508
897.10302734375	39.924599867804	10.021039212741
898.10198974609	39.581841602256	9.7755818823398
899.10101318359	39.220689933067	9.5647271107822
900.09997558594	38.856736868314	9.3887269173310
901.09899902344	38.500487111661	9.2370118015020
902.09802246094	38.151062571027	9.0958969460447
903.09698486328	37.797961473065	8.9582854518761
904.09600830078	37.429615242382	8.8285655090435
905.09497070313	37.042563413910	8.7192060333553
906.09399414063	36.644756766269	8.6415660632028
907.09301757813	36.250577037941	8.5975260723669
908.09197998047	35.871360632716	8.5779503596275
909.09100341797	35.508126596034	8.5688658235952
910.09002685547	35.151599745303	8.5609568525587
911.08898925781	34.789383288378	8.5556625165655
912.08801269531	34.415285096484	8.5636713344127
913.08697509766	34.034100726410	8.5968217092413
914.08599853516	33.658543974233	8.6593139913448
915.08502197266	33.300602684896	8.7443613736018
916.08398437500	32.963461532931	8.8386526406930
917.08300781250	32.639656856900	8.9312527722371
918.08197021484	32.316623635069	9.0208471494409
919.08099365234	31.985758460149	9.1161650544336
920.08001708984	31.648689339363	9.2294082094519
921.07897949219	31.316200241667	9.3671941175720
922.07800292969	31.000771293778	9.5256070123742
923.07702636719	30.707952799374	9.6925964988416
924.07598876953	30.432676836020	9.8560950249725
925.07501220703	30.162886265856	10.012019904269
926.07397460938	29.888084395203	10.166806836910
927.07299804688	29.606744468085	10.332494018991
928.07202148438	29.327401464729	10.517933225236
929.07098388672	29.062647611047	10.722249261433
930.07000732422	28.820362010056	10.935206293389
931.06896972656	28.598236183873	11.144025308069
932.06799316406	28.385407447417	11.341965096011
933.06701660156	28.169982564125	11.532720171688
934.06597900391	27.947330696728	11.727561043781
935.06500244141	27.723303833179	11.937137464624
936.06402587891	27.510027970556	12.163716072168
937.06298828125	27.317379586404	12.399397420469
938.06201171875	27.146058878161	12.631304658690
939.06097412109	26.986986512448	12.850299278261
940.05999755859	26.827489484745	13.057044457296
941.05902099609	26.660003063870	13.261373516610
942.05798339844	26.487240742378	13.475188989611
943.05700683594	26.320111324260	13.703929115600
944.05603027344	26.170011317860	13.942675203585
945.05499267578	26.040755328193	14.179367902341
946.05401611328	25.925852416688	14.402992295574
947.05297851563	25.812829664204	14.611061939533
948.05200195313	25.691714433133	14.811156572866
949.05102539063	25.561816591139	15.015596296568
950.04998779297	25.432024852777	15.232850579779
951.04901123047	25.314644824796	15.461741809236
952.04797363281	25.217200141754	15.692363772394
953.04699707031	25.137830586263	15.912592877744
954.04602050781	25.067211233935	16.115567603897
955.04498291016	24.995239190478	16.302850821660
956.04400634766	24.917372044803	16.481325428829
957.04302978516	24.835890992511	16.656499530939
958.04199218750	24.755288738481	16.827725315595
959.04101562500	24.675635319933	16.989300348983
960.03997802734	24.589515420164	17.136775925704
961.03900146484	24.485654457276	17.273785581482
962.03802490234	24.357232876317	17.413404133721
963.03698730469	24.208828506349	17.572106716221
964.03601074219	24.056426655907	17.759737155884
965.03497314453	23.919409682801	17.972398461726
966.03399658203	23.809432127143	18.193576041371
967.03302001953	23.723313151611	18.403299635572
968.03198242188	23.644893339607	18.589909410278
969.03100585938	23.555036016706	18.756908847237
970.03002929688	23.443717456185	18.920249434015
971.02899169922	23.315989691716	19.097337374615
972.02801513672	23.187826089128	19.295455531581
973.02697753906	23.074698373497	19.507248032945
974.02600097656	22.980772378644	19.716255666360
975.02502441406	22.896018975740	19.908632612033
976.02398681641	22.803098954514	20.083068627194
977.02301025391	22.689492434514	20.252077806369
978.02197265625	22.556359316332	20.433501564690
979.02099609375	22.417858239469	20.638279826304
980.02001953125	22.291393816903	20.863017746393
981.01898193359	22.185678685417	21.092519631228
982.01800537109	22.094824311164	21.310466826211
983.01702880859	22.002539463631	21.510872820071
984.01599121094	21.893649783301	21.702514250992
985.01501464844	21.764998631094	21.902876947763
986.01397705078	21.627966313510	22.125957686671
987.01300048828	21.500712414521	22.372369209116
988.01202392578	21.395695687639	22.628838763061
989.01098632813	21.311099178135	22.877296319889
990.01000976563	21.232078324784	23.107389125192
991.00897216797	21.141083857318	23.323729313302
992.00799560547	21.030331770737	23.542830246771
993.00701904297	20.907491270456	23.781473235567
994.00598144531	20.790462974951	24.044761141285
995.00500488281	20.694980887323	24.322430516716
996.00402832031	20.623639641781	24.595754273312
997.00299072266	20.563916783139	24.850404114911
998.00201416016	20.496735404474	25.086572429396
999.00097656250	20.409816697911	25.319005741136
1000.0000000000	20.306465214937	25.566688186026
