1.000000000000000000e+00 3.547012386918415718e-06
1.028401799989211884e+00 2.886182799735266913e-06
1.057610262221051034e+00 2.087957654910623605e-06
1.087648297355191307e+00 1.279114447556331619e-06
1.118539466755280154e+00 6.396422395948392613e-07
1.150308000970103439e+00 2.821681177575353833e-07
1.182978818739646387e+00 1.289385929167039645e-07
1.216577546540964061e+00 6.495122649693060221e-08
1.251130538689186666e+00 3.551090267647817951e-08
1.286664898009431734e+00 2.067897903557032078e-08
1.323208497095835323e+00 1.265444776074209498e-08
1.360790000174376901e+00 8.057628110731064372e-09
1.399438885586649306e+00 5.298481571215118241e-09
1.439185468912206778e+00 3.576949942584912821e-09
1.480060926747631456e+00 2.467339584565742166e-09
1.522097321160965189e+00 1.732202236680560521e-09
1.565327624840694209e+00 1.233631130534369923e-09
1.609785746959007779e+00 8.886819275279916164e-10
1.655506559769621466e+00 6.459203716182824738e-10
1.702525925961026587e+00 4.725824561462459013e-10
1.750880726786619546e+00 3.472938285999918480e-10
1.800608890993778965e+00 2.558110296704907482e-10
1.851749424574580916e+00 1.884601834907892603e-10
1.904342441361486449e+00 1.385576484211814690e-10
1.958429194492002701e+00 1.014139611806512382e-10
2.014052108766998028e+00 7.369266416197563123e-11
2.071254813928048666e+00 5.298980487648610170e-11
2.130082178879925348e+00 3.755341157677526341e-11
2.190580346885057761e+00 2.609339379409461374e-11
2.252796771757585415e+00 1.765084711284351665e-11
2.316780255085386653e+00 1.150699322921977250e-11
2.382580984509277133e+00 7.118947664312105474e-12
2.450250573089409301e+00 4.073889801206347611e-12
2.519842099789746381e+00 2.056013477470092805e-12
2.591410151112370830e+00 8.224570403856139301e-13
2.665010863914277550e+00 1.856108153512452427e-13
2.740701969440247687e+00 1.121838443336981426e-09
2.818542838606328704e+00 0.000000000000000000e+00
2.898594528569450990e+00 0.000000000000000000e+00
2.980919830619704669e+00 0.000000000000000000e+00
3.065583319432840792e+00 0.000000000000000000e+00
