#Parameters = {C=5e-15; L=3e-08; a=4000; eps_eff=6; r_i=108; r_o=500; t=0.1}
#"Frequency / GHz"	"Z1,1 [Real/Imaginary Part] [Re]"	"Z1,1 [Real/Imaginary Part] [Im]"
#-------------------------------------------------------------------------------------
1.0000000000000	783.42781493817	-51.240760441037
1.4989999532700	804.20403622715	-85.177500672655
1.9980000257492	832.26447210901	-130.59552475991
2.4969999790192	865.04118314879	-193.72096669151
2.9960000514984	896.20117712006	-282.28417614226
3.4949998855591	912.29914813739	-403.51928486722
3.9939999580383	889.90263561237	-557.29939922589
4.4930000305176	800.74232390654	-723.25521758025
4.9920001029968	634.89663505085	-854.61560092278
5.4910001754761	425.76624243583	-904.57385651867
5.9899997711182	231.68554458616	-868.22156504549
6.4889998435974	89.191359067595	-780.03439208842
6.9879999160767	0.43717981831184	-677.33601018992
7.4869999885559	-48.543651917348	-581.24866741148
7.9860000610352	-72.403599861289	-499.09553015443
8.4849996566772	-81.624212241105	-431.34834783984
8.9840002059937	-82.715857920860	-376.07119899813
9.4829998016357	-79.488604589169	-330.89020194031
9.9820003509521	-74.115231897317	-293.67845724188
10.480999946594	-67.817404588057	-262.71420583236
10.979999542236	-61.272827906339	-236.65852057177
11.479000091553	-54.849034088451	-214.48498604998
11.977999687195	-48.736238407683	-195.40832820946
12.477000236511	-43.023741713586	-178.82547693877
12.975999832153	-37.743577707073	-164.27007514029
13.475000381470	-32.896054664610	-151.37829694517
13.973999977112	-28.464339212539	-139.86378762256
14.472999572754	-24.423067931944	-129.49902161089
14.972000122070	-20.743400187452	-120.10151428878
15.470999717712	-17.395830850164	-111.52363686152
15.970000267029	-14.351724096370	-103.64486324901
16.468999862671	-11.584152032380	-96.366044924650
16.968000411987	-9.0682811941678	-89.604860345352
17.466999053955	-6.7814677093397	-83.292572161628
17.965999603271	-4.7032681106812	-77.371259210489
18.465000152588	-2.8152555217351	-71.791807436994
18.964000701904	-1.1009007104709	-66.512282366172
19.462999343872	0.45456200939176	-61.496605360261
19.961999893188	1.8643690467739	-56.713635099577
20.461000442505	3.1403245543135	-52.136121925021
20.959999084473	4.2929931400797	-47.740323033849
21.458999633789	5.3318322333512	-43.505192080734
21.958000183105	6.2652969442788	-39.412028053682
22.457000732422	7.1009746143095	-35.444176182036
22.955999374390	7.8456737731681	-31.586538679362
23.454999923706	8.5055248747272	-27.825500469746
23.954000473022	9.0860558601806	-24.148556022028
24.452999114990	9.5922722219853	-20.544198792084
24.951999664307	10.028728354673	-17.001722765496
25.451000213623	10.399587803584	-13.511086973559
25.950000762939	10.708679547284	-10.062773420569
26.448999404907	10.959584321849	-6.6477094585395
26.947999954224	11.155651062861	-3.2571015221791
27.447000503540	11.300083433036	0.11760954148992
27.945999145508	11.396001247463	3.4848476098999
28.444999694824	11.446498662211	6.8529968903967
28.944000244141	11.454707820709	10.230496491635
29.443000793457	11.423910052504	13.625872971735
29.941999435425	11.357595174711	17.047868484057
30.440999984741	11.259586121898	20.505468107276
30.940000534058	11.134145430265	24.007958847507
31.438999176025	10.986166284213	27.565051304138
31.937999725342	10.821311584792	31.186876703758
32.437000274658	10.646225869263	34.884000723989
32.936000823975	10.468830735301	38.667511875873
33.435001373291	10.298581009226	42.548919412928
33.933998107910	10.146840770616	46.540090812579
34.432998657227	10.027331652456	50.653168196355
34.931999206543	9.9565610991675	54.900211772699
35.430999755859	9.9544208094203	59.292905306558
35.930000305176	10.044778733341	63.841904229036
36.429000854492	10.256033421907	68.556012999888
36.928001403809	10.621748766925	73.441011775847
37.426998138428	11.181030475296	78.498066203100
37.925998687744	11.978640416275	83.721677384962
38.424999237061	13.064588707696	89.097165649843
38.923999786377	14.492796198621	94.597560453326
39.423000335693	16.318650288053	100.18047334021
39.922000885010	18.594792632031	105.78485391105
40.421001434326	21.364988009354	111.32900647886
40.919998168945	24.656172739432	116.71030234373
41.418998718262	28.469044645164	121.80829580546
41.917999267578	32.768946243703	126.49219885499
42.416999816895	37.478884823169	130.63336653004
42.916000366211	42.477969725220	134.12122267930
43.415000915527	47.607455219467	136.88148215233
43.914001464844	52.684793246607	138.89052430890
44.412998199463	57.523730465977	140.18275844521
44.911998748779	61.957340021726	140.84923530887
45.410999298096	65.856062600347	141.02497028493
45.909999847412	69.139945223395	140.87148173310
46.409000396729	71.780373005791	140.55654037427
46.908000946045	73.794852219745	140.23745947916
47.407001495361	75.236046769515	140.04918896640
47.905998229980	76.179939136634	140.09877782973
48.404998779297	76.714805720170	140.46502513965
48.903999328613	76.932453543616	141.20091289996
49.402999877930	76.922117631966	142.33783931513
49.902000427246	76.767602040722	143.89077408688
50.401000976563	76.546100881287	145.86247725493
50.900001525879	76.327727043278	148.24653928849
51.398998260498	76.176754705557	151.03015268902
51.897998809814	76.153240492302	154.19598288404
52.396999359131	76.313513682766	157.72185316947
52.895999908447	76.711862980195	161.58134861131
53.395000457764	77.401136678335	165.74289912378
53.894001007080	78.433148668758	170.16841762587
54.393001556396	79.858196678302	174.81191902435
54.891998291016	81.723990534056	179.61749532183
55.390998840332	84.073388926641	184.51786759383
55.889999389648	86.941276196406	189.43290218737
56.388999938965	90.350260382767	194.26942823404
56.888000488281	94.305613785573	198.92239679485
57.387001037598	98.789527888501	203.27762044946
57.886001586914	103.75617598312	207.21776921551
58.384998321533	109.12794540789	210.63029961221
58.883998870850	114.79456854669	213.41773059265
59.382999420166	120.61643474967	215.50912780078
59.881999969482	126.43234958293	216.87010313217
60.381000518799	132.07132900089	217.51067702162
60.880001068115	137.36752303444	217.48760477424
61.379001617432	142.17521105982	216.90078272730
61.877998352051	146.38133117361	215.88456291696
62.376998901367	149.91369198650	214.59491654728
62.875999450684	152.74336712208	213.19524436161
63.375000000000	154.88226473028	211.84310769668
63.874000549316	156.37633023657	210.68032581850
64.373001098633	157.29694871575	209.82619975791
64.872001647949	157.73201914773	209.37489724600
65.371002197266	157.77772856453	209.39548000576
65.870002746582	157.53242865506	209.93475860618
66.369003295898	157.09203522393	211.02058210637
66.867996215820	156.54735889445	212.66503854147
67.366996765137	155.98306254271	214.86860486392
67.865997314453	155.47748637543	217.62278080083
68.364997863770	155.10304186314	220.91240372661
68.863998413086	154.92737739309	224.71713972011
69.362998962402	155.01432382879	229.01205906672
69.861999511719	155.42507501744	233.76816372198
70.361000061035	156.21872721093	238.95165515938
70.860000610352	157.45298981277	244.52328691062
71.359001159668	159.18398004406	250.43717982973
71.858001708984	161.46578944021	256.63974680760
72.357002258301	164.34916486897	263.06767166807
72.856002807617	167.87940763514	269.64704924314
73.355003356934	172.09358359931	276.29287658686
73.853996276855	177.01695477763	282.90835174264
74.352996826172	182.65891030026	289.38686682727
74.851997375488	189.00853650001	295.61387659471
75.350997924805	196.03072814670	301.47183732431
75.849998474121	203.66307792615	306.84647933302
76.348999023438	211.81509618616	311.63419835137
76.847999572754	220.36956273278	315.75125940350
77.347000122070	229.18766912839	319.14171321711
77.846000671387	238.11647293203	321.78535394369
78.345001220703	246.99983718568	323.70106919112
78.844001770020	255.68997204798	324.94787890342
79.343002319336	264.05912683063	325.62148753230
79.842002868652	272.00911091746	325.84664791678
80.341003417969	279.47824997559	325.76698305893
80.839996337891	286.44380878494	325.53540013700
81.338996887207	292.92149870349	325.30062667660
81.837997436523	298.96155603551	325.20104607778
82.336997985840	304.64305671419	325.35494801483
82.835998535156	310.06726975763	325.85847824737
83.334999084473	315.35119256478	326.78135118388
83.833999633789	320.62124388770	328.16717275337
84.333000183105	326.00879913385	330.03385132552
84.832000732422	331.64560305270	332.37426723045
85.331001281738	337.66097739130	335.15746045275
85.830001831055	344.17909151229	338.33040281712
86.329002380371	351.31584678021	341.81669670253
86.828002929688	359.17673228563	345.51859095012
87.327003479004	367.85316419648	349.31633855484
87.825996398926	377.41811215006	353.06870130586
88.324996948242	387.92154646949	356.61478635667
88.823997497559	399.38372997965	359.77495457874
89.322998046875	411.78959131126	362.35769738596
89.821998596191	425.08148671412	364.16361355980
90.320999145508	439.15461523946	364.99850909938
90.819999694824	453.85418769682	364.68340570075
91.319000244141	468.97692459794	363.07218786432
91.818000793457	484.27714934477	360.06450725913
92.317001342773	499.48003413177	355.62279673057
92.816001892090	514.29944718190	349.78078505176
93.315002441406	528.45982290561	342.64786938382
93.814002990723	541.72060676798	334.40574456121
94.313003540039	553.89621312910	325.29473613845
94.811996459961	564.87209441890	315.59443513856
95.310997009277	574.61315580476	305.60208329843
95.809997558594	583.16119990746	295.60548904006
96.308998107910	590.62982699158	285.86667868426
96.807998657227	597.18770488487	276.60167085393
97.306999206543	603.04339616816	267.97219584279
97.805999755859	608.42988559229	260.08290480071
98.305000305176	613.58817681402	252.98041354946
98.804000854492	618.75566184893	246.65776517424
99.303001403809	624.15744761687	241.06057373344
99.802001953125	629.99922760337	236.09237074555
100.30100250244	636.46175436958	231.61959363732
100.80000305176	643.70138708535	227.47923397367
101.29900360107	651.84092496796	223.47791218202
101.79799652100	660.97194334759	219.39927721202
102.29699707031	671.14862069504	215.00533592332
102.79599761963	682.38131969592	210.03907033939
103.29499816895	694.63278255096	204.23122229552
103.79399871826	707.80850549507	197.30564220949
104.29299926758	721.75356129379	188.99223412129
104.79199981689	736.24337597345	179.03869958470
105.29100036621	750.98601827407	167.23131306309
105.79000091553	765.62222846411	153.41439028408
106.28900146484	779.74096010609	137.51473567209
106.78800201416	792.89632241253	119.56084404493
107.28700256348	804.64094274669	99.698692720013
107.78600311279	814.56187934404	78.195268970608
108.28500366211	822.31899928749	55.428377757994
108.78399658203	827.67884561856	31.861916221459
109.28299713135	830.54001241927	8.0089103060022
109.78199768066	830.94762876618	-15.613024702544
110.28099822998	829.07555249568	-38.526598934286
110.77999877930	825.21090769968	-60.332023430459
111.27899932861	819.72112413069	-80.733072657667
111.77799987793	813.01369562240	-99.548212284395
112.27700042725	805.50166453165	-116.70888115167
112.77600097656	797.57417658752	-132.24760260344
113.27500152588	789.57805733673	-146.28125467244
113.77400207520	781.79959143309	-158.98921320770
114.27300262451	774.46250388794	-170.59538377304
114.77200317383	767.72454808217	-181.34981691234
115.27100372314	761.67885298862	-191.51385199908
115.76999664307	756.36171958995	-201.35062534171
116.26899719238	751.75191373386	-211.11331457376
116.76799774170	747.78067675038	-221.04057687306
117.26699829102	744.32957054452	-231.34634908423
117.76599884033	741.23737375819	-242.21456941370
118.26499938965	738.30816815270	-253.79464575120
118.76399993896	735.30893667669	-266.18832368390
119.26300048828	731.98341604547	-279.44608105637
119.76200103760	728.05969101520	-293.55743168113
120.26100158691	723.26393821605	-308.44451993129
120.76000213623	717.33713119427	-323.95949069522
121.25900268555	710.05488030872	-339.88646836737
121.75800323486	701.24625963461	-355.94835534500
122.25700378418	690.81291748692	-371.82313306804
122.75599670410	678.74034533248	-387.16201707912
123.25499725342	665.10684624843	-401.61871755852
123.75399780273	650.07804622517	-414.87410479961
124.25299835205	633.89683092749	-426.66361155419
124.75199890137	616.86080537048	-436.79253208260
125.25099945068	599.29983430183	-445.15007706600
125.75000000000	581.54988306786	-451.71127695283
126.24900054932	563.92881740880	-456.52862385012
126.74800109863	546.71861507321	-459.71969967867
127.24700164795	530.15348780425	-461.45251739181
127.74600219727	514.41347452229	-461.92759000671
128.24499511719	499.62389426080	-461.36116092973
128.74400329590	485.85891437527	-459.97275508656
129.24299621582	473.14735074583	-457.97425316748
129.74200439453	461.47991448177	-455.56317627105
130.24099731445	450.81629766873	-452.91735244279
130.74000549316	441.09231081344	-450.19232344193
131.23899841309	432.22554810098	-447.52183194722
131.73800659180	424.12071713392	-445.01405419833
132.23699951172	416.67372682949	-442.75708403603
132.73599243164	409.77517967772	-440.81640744981
133.23500061035	403.31320302264	-439.23791189870
133.73399353027	397.17592640458	-438.04619181737
134.23300170898	391.25395348297	-437.24808927975
134.73199462891	385.44237148308	-436.83209830656
135.23100280762	379.64349985499	-436.76998066468
135.72999572754	373.76910355403	-437.01680937382
136.22900390625	367.74309485921	-437.51348435458
136.72799682617	361.50384219456	-438.18912787116
137.22700500488	355.00646233811	-438.96356239903
137.72599792480	348.22472251896	-439.75041472157
138.22500610352	341.15182302122	-440.46119627904
138.72399902344	333.80055428391	-441.00983163323
139.22300720215	326.20240536014	-441.31680015090
139.72200012207	318.40511029069	-441.31317804432
140.22099304199	310.47011538056	-440.94409546327
140.72000122070	302.46793134484	-440.17139939382
141.21899414063	294.47434803528	-438.97425930747
141.71800231934	286.56598168883	-437.34957515523
142.21699523926	278.81568750471	-435.31176413001
142.71600341797	271.28947844930	-432.88949931734
143.21499633789	264.04374407011	-430.12336667477
143.71400451660	257.12327335253	-427.06303467351
144.21299743652	250.56016097529	-423.76474889654
144.71200561523	244.37449193218	-420.28649509226
145.21099853516	238.57372347784	-416.68706582772
145.71000671387	233.15472297918	-413.02256765475
146.20899963379	228.10442913462	-409.34565069270
146.70799255371	223.40183164614	-405.70311643720
147.20700073242	219.01922893891	-402.13551063777
147.70599365234	214.92398316290	-398.67632840088
148.20500183105	211.07964522661	-395.35230301608
148.70399475098	207.44805041360	-392.18179593978
149.20300292969	203.98950811894	-389.17718040375
149.70199584961	200.66505814629	-386.34262671822
150.20100402832	197.43689112745	-383.67641294669
150.69999694824	194.26956797304	-381.17024827613
151.19900512695	191.13064165655	-378.81037216784
151.69799804688	187.99195862498	-376.57807513197
152.19700622559	184.83004676996	-374.45057066740
152.69599914551	181.62677254612	-372.40195198086
153.19500732422	178.36983968819	-370.40407725858
153.69400024414	175.05289383379	-368.42803928966
154.19299316406	171.67579672279	-366.44484984471
154.69200134277	168.24407059588	-364.42722283670
155.19099426270	164.76874586359	-362.35017509290
155.69000244141	161.26537985238	-360.19250880323
156.18899536133	157.75365391060	-357.93683737146
156.68800354004	154.25550753013	-355.57130899697
157.18699645996	150.79464024586	-353.08905922670
157.68600463867	147.39517207015	-350.48868951865
158.18499755859	144.08050315232	-347.77361756677
158.68400573730	140.87212149304	-344.95222586629
159.18299865723	137.78880485682	-342.03715957801
159.68200683594	134.84653227326	-339.04369648523
160.18099975586	132.05711815995	-335.99006154317
160.67999267578	129.42859271008	-332.89579529976
161.17900085449	126.96523301994	-329.78106766799
161.67799377441	124.66707666172	-326.66630447977
162.17700195313	122.53084225394	-323.57073784928
162.67599487305	120.55010539858	-320.51243630118
163.17500305176	118.71565860692	-317.50749204202
163.67399597168	117.01587288895	-314.57001410205
164.17300415039	115.43748521610	-311.71149938719
164.67199707031	113.96592586494	-308.94093666516
165.17100524902	112.58577165231	-306.26468857710
165.66999816895	111.28132755711	-303.68617739549
166.16900634766	110.03689179148	-301.20668246777
166.66799926758	108.83749005623	-298.82440879749
167.16700744629	107.66890824341	-296.53587341738
167.66600036621	106.51812477445	-294.33502026939
168.16499328613	105.37385804598	-292.21422816929
168.66400146484	104.22631815383	-290.16439954949
169.16299438477	103.06795262242	-288.17515220841
169.66200256348	101.89321204496	-286.23543028391
170.16099548340	100.69885846370	-284.33375429062
170.66000366211	99.483879021995	-282.45858132814
171.15899658203	98.249224277425	-280.59896528401
171.65800476074	96.997996191279	-278.74468694912
172.15699768066	95.735059943714	-276.88671673164
172.65600585938	94.466638443862	-275.01747985156
173.15499877930	93.200243384349	-273.13117746829
173.65400695801	91.944074214233	-271.22330280322
174.15299987793	90.707198081032	-269.29230352886
174.65199279785	89.497734609801	-267.33740310413
175.15100097656	88.324364181835	-265.36060849534
175.64999389648	87.194768246395	-263.36519999869
176.14900207520	86.115005379630	-261.35507144137
176.64799499512	85.091293080410	-259.33718927714
177.14700317383	84.127555213279	-257.31802593124
177.64599609375	83.225750951056	-255.30439135365
178.14500427246	82.387405263323	-253.30445581198
178.64399719238	81.612219754638	-251.32615554164
179.14300537109	80.898091617809	-249.37642348017
179.64199829102	80.242038092206	-247.46282753368
180.14100646973	79.639842684720	-245.59167971880
180.63999938965	79.085878640041	-243.76802614269
181.13900756836	78.573946504938	-241.99654567912
181.63800048828	78.097382195641	-240.28042949163
182.13699340820	77.648820771845	-238.62186652360
182.63600158691	77.220878236642	-237.02179597333
183.13499450684	76.806113606746	-235.47973375160
183.63400268555	76.397205069045	-233.99434942627
184.13299560547	75.987326334523	-232.56288159844
184.63200378418	75.570209409135	-231.18162403376
185.13099670410	75.140273092670	-229.84602333339
185.63000488281	74.692938415266	-228.55055110167
186.12899780273	74.224494026964	-227.28929921374
186.62800598145	73.732497839995	-226.05569935714
187.12699890137	73.215542322952	-224.84307863871
187.62600708008	72.673429233378	-223.64479478127
188.12500000000	72.107102247668	-222.45426747497
188.62399291992	71.518698485182	-221.26535965557
189.12300109863	70.911174237516	-220.07269705119
189.62199401855	70.288558732737	-218.87138951860
190.12100219727	69.655464352140	-217.65766288739
190.61999511719	69.016947395396	-216.42866375604
191.11900329590	68.378495995048	-215.18264785548
191.61799621582	67.745591410780	-213.91892245539
192.11700439453	67.123733317622	-212.63785362800
192.61599731445	66.517979321707	-211.34088740578
193.11500549316	65.933027121779	-210.03027603571
193.61399841309	65.372823943802	-208.70912292962
194.11300659180	64.840682771697	-207.38120711890
194.61199951172	64.339013713557	-206.05077579598
195.11099243164	63.869442134707	-204.72223570664
195.61000061035	63.432583129067	-203.40038311634
196.10899353027	63.028265226277	-202.08983869091
196.60800170898	62.655416402712	-200.79507127254
197.10699462891	62.312209620336	-199.52025168383
197.60600280762	61.996140890778	-198.26908669564
198.10499572754	61.703954305258	-197.04490178946
198.60400390625	61.432134940931	-195.85021355929
199.10299682617	61.176728825811	-194.68688678949
199.60200500488	60.933433411175	-193.55616124529
200.10099792480	60.697889243623	-192.45848857395
200.60000610352	60.465846414962	-191.39357890538
201.09899902344	60.233039855212	-190.36040920341
201.59800720215	59.995579639972	-189.35732172113
202.09700012207	59.749914096533	-188.38194120580
202.59599304199	59.492886357192	-187.43156543956
203.09500122070	59.221956285955	-186.50279414262
203.59399414063	58.935245016388	-185.59206360019
204.09300231934	58.631357452634	-184.69549634553
204.59199523926	58.309804225286	-183.80915232845
205.09100341797	57.970667329470	-182.92904366277
205.58999633789	57.614738609196	-182.05137550658
206.08900451660	57.243355727791	-181.17276440426
206.58799743652	56.858488554954	-180.28989417974
207.08700561523	56.462628777994	-179.40018193251
207.58599853516	56.058582015218	-178.50144406245
208.08500671387	55.649371183303	-177.59218717758
208.58399963379	55.238193244649	-176.67144802714
209.08299255371	54.828412340224	-175.73891439084
209.58200073242	54.423103651348	-174.79493363277
210.08099365234	54.025264622378	-173.84036425206
210.58000183105	53.637500197464	-172.87662394088
211.07899475098	53.262120957655	-171.90553674608
211.57800292969	52.900990737390	-170.92927215865
212.07699584961	52.555343409821	-169.95029406683
212.57600402832	52.226071720262	-168.97124180731
213.07499694824	51.913424348313	-167.99472447599
213.57400512695	51.617216055145	-167.02331399271
214.07299804688	51.336682504213	-166.05953899029
214.57200622559	51.070654805863	-165.10566625436
215.07099914551	50.817579999285	-164.16367110913
215.57000732422	50.575519051611	-163.23515137538
216.06900024414	50.342375000238	-162.32133894486
216.56799316406	50.115760868067	-161.42307898078
217.06700134277	49.893281998530	-160.54060940998
217.56599426270	49.672435818394	-159.67396863012
218.06500244141	49.450850161033	-158.82249368228
218.56399536133	49.226309840557	-157.98523849982
219.06300354004	48.996742601605	-157.16079974622
219.56199645996	48.760412666508	-156.34756714496
220.06100463867	48.515961775293	-155.54344172096
220.55999755859	48.262308652260	-154.74623526290
221.05900573730	47.998858974517	-153.95362163632
221.55799865723	47.725450496774	-153.16316673753
222.05700683594	47.442279548727	-152.37252091960
222.55599975586	47.150056963285	-151.57932337141
223.05499267578	46.849855894003	-150.78143778278
223.55400085449	46.543057477264	-149.97705078405
224.05299377441	46.231390205598	-149.16451753935
224.55200195313	45.916810907044	-148.34255378368
225.05099487305	45.601424304571	-147.51037015624
225.55000305176	45.287409246370	-146.66745868085
226.04899597168	44.977037021378	-145.81376607829
226.54800415039	44.672431711174	-144.94962332049
227.04699707031	44.375634890714	-144.07576849169
227.54600524902	44.088469284015	-143.19316520091
228.04499816895	43.812552903421	-142.30315857860
228.54400634766	43.549200480256	-141.40734802269
229.04299926758	43.299358563612	-140.50742615696
229.54200744629	43.063716313774	-139.60524756063
230.04100036621	42.842556338896	-138.70275078495
230.53999328613	42.635840872967	-137.80176939116
231.03900146484	42.443215672354	-136.90412311644
231.53799438477	42.263973480754	-136.01146298203
232.03700256348	42.097250745579	-135.12535766050
232.53599548340	41.941770074417	-134.24709723591
233.03500366211	41.796219887794	-133.37768945794
233.53399658203	41.659123219500	-132.51791105481
234.03300476074	41.528872117484	-131.66828741367
234.53199768066	41.403834176792	-130.82895463086
235.03100585938	41.282393919349	-129.99981025358
235.52999877930	41.163035412235	-129.18054173401
236.02900695801	41.044354076398	-128.37043951978
236.52799987793	40.925039093445	-127.56869135851
237.02699279785	40.804023642304	-126.77414840879
237.52600097656	40.680497293979	-125.98564936451
238.02499389648	40.553843510297	-125.20175989763
238.52400207520	40.423671848465	-124.42113824357
239.02299499512	40.289987535761	-123.64229094586
239.52200317383	40.152916025728	-122.86387011531
240.02099609375	40.012933764282	-122.08446538435
240.52000427246	39.870701931103	-121.30289653240
241.01899719238	39.727113534946	-120.51811729030
241.51800537109	39.583156533484	-119.72920895223
242.01699829102	39.440075491550	-118.93555768358
242.51600646973	39.299102748309	-118.13674571938
243.01499938965	39.161512567845	-117.33259531876
243.51400756836	39.028647024578	-116.52316047114
244.01300048828	38.901747134702	-115.70870498744
244.51199340820	38.781978741504	-114.88982539595
245.01100158691	38.670394789993	-114.06712455745
245.50999450684	38.567882422603	-113.24160184279
246.00900268555	38.475153958851	-112.41418799699
246.50799560547	38.392731051355	-111.58606697221
247.00700378418	38.320913135999	-110.75840946061
247.50599670410	38.259812108347	-109.93239529263
248.00500488281	38.209321258969	-109.10925657985
248.50399780273	38.169100351616	-108.29014542130
249.00300598145	38.138671198140	-107.47613963528
249.50199890137	38.117323924489	-106.66823319454
250.00100708008	38.104282491032	-105.86719507128
250.50000000000	38.098561292906	-105.07379843579
250.99899291992	38.099153908687	-104.28851163811
251.49800109863	38.104982535838	-103.51163116407
251.99699401855	38.114868990890	-102.74338960257
252.49600219727	38.127751542534	-101.98368949265
252.99499511719	38.142491944582	-101.23236157389
253.49400329590	38.158096895366	-100.48895416523
253.99299621582	38.173590912841	-99.753025168348
254.49200439453	38.188204688518	-99.023778912437
254.99099731445	38.201200614273	-98.300511954563
255.49000549316	38.212058324787	-97.582321614957
255.98899841309	38.220393074840	-96.868249471634
256.48800659180	38.225961003540	-96.157356651178
256.98699951172	38.228738669098	-95.448659403462
257.48599243164	38.228826509678	-94.741192272513
257.98498535156	38.226485509061	-94.034119966772
258.48400878906	38.222102927810	-93.326581831154
258.98300170898	38.216234032379	-92.617880857521
259.48199462891	38.209455410225	-91.907449960807
259.98098754883	38.202483481041	-91.194820189380
260.48001098633	38.196045127991	-90.479697538258
260.97900390625	38.190921824622	-89.761879057686
261.47799682617	38.187836566971	-89.041361127029
261.97698974609	38.187547288394	-88.318238835236
262.47601318359	38.190693555184	-87.592809964923
262.97500610352	38.197871294740	-86.865385709276
263.47399902344	38.209593844070	-86.136417850580
263.97299194336	38.226239360345	-85.406487804205
264.47198486328	38.248092439150	-84.676139514643
264.97100830078	38.275283159006	-83.945998087605
265.47000122070	38.307839269513	-83.216713374237
265.96899414063	38.345672205584	-82.488908394136
266.46798706055	38.388517419354	-81.763130568699
266.96701049805	38.436076888635	-81.039959214548
267.46600341797	38.487910333007	-80.319812885170
267.96499633789	38.543498011712	-79.603084153686
268.46398925781	38.602249526013	-78.890056490836
268.96301269531	38.663551553691	-78.180843987896
269.46200561523	38.726746130120	-77.475539776661
269.96099853516	38.791158230037	-76.774066926140
270.45999145508	38.856149683922	-76.076214018068
270.95901489258	38.921104545059	-75.381701703714
271.45800781250	38.985448803749	-74.690139631269
271.95700073242	39.048677461270	-74.000998048691
272.45599365234	39.110397502214	-73.313757019125
272.95498657227	39.170281131849	-72.627696415109
273.45401000977	39.228130880804	-71.942223320075
273.95300292969	39.283800081761	-71.256544597985
274.45199584961	39.337331788729	-70.570008309348
274.95098876953	39.388817653084	-69.881843486587
275.45001220703	39.438496693955	-69.191424732464
275.94900512695	39.486691015046	-68.498076822339
276.44799804688	39.533815809871	-67.801269617264
276.94699096680	39.580345375191	-67.100481652332
277.44601440430	39.626828936919	-66.395332954322
277.94500732422	39.673855856304	-65.685501545045
278.44400024414	39.722044711031	-64.970774905657
278.94299316406	39.771991518721	-64.251057493148
279.44198608398	39.824322109010	-63.526341753398
279.94100952148	39.879610765148	-62.796716963621
280.44000244141	39.938390981795	-62.062332894170
280.93899536133	40.001164590795	-61.323463025735
281.43798828125	40.068312711721	-60.580386857953
281.93701171875	40.140202900956	-59.833507943479
282.43600463867	40.217053503748	-59.083187934925
282.93499755859	40.299060987918	-58.329876731900
283.43399047852	40.386295812054	-57.573982021206
283.93301391602	40.478751082447	-56.815892989165
284.43200683594	40.576309735539	-56.056027165911
284.93099975586	40.678840544565	-55.294716300191
285.42999267578	40.786093600980	-54.532263062482
285.92898559570	40.897771263853	-53.768902357174
286.42800903320	41.013562442324	-53.004798736437
286.92700195313	41.133054801456	-52.240018074084
287.42599487305	41.255882882422	-51.474593942497
287.92498779297	41.381644227675	-50.708428917039
288.42401123047	41.509959650622	-49.941378713832
288.92300415039	41.640460666912	-49.173188222787
289.42199707031	41.772798896561	-48.403543704223
289.92098999023	41.906720993755	-47.632076663532
290.42001342773	42.041962169575	-46.858308556076
290.91900634766	42.178405737300	-46.081788568529
291.41799926758	42.315927295342	-45.301934981595
291.91699218750	42.454537373106	-44.518219503504
292.41598510742	42.594324940396	-43.730071431507
292.91500854492	42.735391123198	-42.936876421914
293.41400146484	42.878035875387	-42.138117199359
293.91299438477	43.022510680253	-41.333219719829
294.41198730469	43.169266627522	-40.521725685337
294.91101074219	43.318689505639	-39.703149766629
295.41000366211	43.471281046409	-38.877086134590
295.90899658203	43.627648745458	-38.043234151928
296.40798950195	43.788302717136	-37.201276234492
296.90701293945	43.953871567172	-36.351035312866
297.40600585938	44.124972654332	-35.492373693091
297.90499877930	44.302193227173	-34.625222790481
298.40399169922	44.486183041063	-33.749602062923
298.90301513672	44.677472274355	-32.865551939769
299.40200805664	44.876629643766	-31.973199383787
299.90100097656	45.084163621811	-31.072711030128
300.39999389648	45.300563186706	-30.164308333312
300.89898681641	45.526266687332	-29.248233406184
301.39801025391	45.761594497674	-28.324734118901
301.89700317383	46.006915495723	-27.394103121943
302.39599609375	46.262472394108	-26.456618313421
302.89498901367	46.528506143305	-25.512562375411
303.39401245117	46.805174607385	-24.562202559962
303.89300537109	47.092607221644	-23.605775639916
304.39199829102	47.390879702049	-22.643495167999
304.89099121094	47.700072610854	-21.675553469429
305.39001464844	48.020188528565	-20.702077119984
305.88900756836	48.351259027588	-19.723166184621
306.38800048828	48.693273506115	-18.738867508703
306.88699340820	49.046231335426	-17.749174638396
307.38598632813	49.410151514522	-16.754039533401
307.88500976563	49.785052521441	-15.753358241087
308.38400268555	50.170985025263	-14.746981281265
308.88299560547	50.568019430814	-13.734712781541
309.38198852539	50.976299286554	-12.716322818682
309.88101196289	51.395979764446	-11.691546765005
310.38000488281	51.827312594938	-10.660091612865
310.87899780273	52.270568206293	-9.6216493683630
311.37799072266	52.726105903265	-8.5758985483595
311.87701416016	53.194347639963	-7.5225168835935
312.37600708008	53.675782957989	-6.4611911001515
312.87500000000	54.170969963111	-5.3916272241767
313.37399291992	54.680532379097	-4.3135594469825
313.87298583984	55.205167458351	-3.2267569627564
314.37200927734	55.745629326611	-2.1310366217727
314.87100219727	56.302732299686	-1.0262659275931
315.36999511719	56.877338391514	0.087612805177606
315.86898803711	57.470355633293	1.2105958689390
316.36801147461	58.082728085066	2.3425996385652
316.86700439453	58.715424731640	3.4834587669114
317.36599731445	59.369435296481	4.6329216297848
317.86499023438	60.045752024566	5.7906459620192
318.36401367188	60.745364850496	6.9562004514935
318.86300659180	61.469251088192	8.1290626040891
319.36199951172	62.218354540578	9.3086186251077
319.86099243164	62.993589672734	10.494168609292
320.35998535156	63.795814305729	11.684934983883
320.85900878906	64.625836774762	12.880054551735
321.35800170898	65.484387521327	14.078601801015
321.85699462891	66.372110660189	15.279598748879
322.35598754883	67.289583761679	16.482001364039
322.85501098633	68.237269812921	17.684750064370
323.35400390625	69.215571380004	18.886731318555
323.85299682617	70.224718968746	20.086874092089
324.35198974609	71.264918877843	21.284065529822
324.85101318359	72.336223044720	22.477257360291
325.35000610352	73.438610047862	23.665426888053
325.84899902344	74.571955440803	24.847613534181
326.34799194336	75.736109719683	26.022917926602
326.84698486328	76.930794177082	27.190554728923
327.34600830078	78.155707779007	28.349840274533
327.84500122070	79.410567040628	29.500176695021
328.34399414063	80.695071771136	30.641081662116
328.84298706055	82.008855103091	31.772255492198
329.34201049805	83.351772586648	32.893422545591
329.84100341797	84.723639187992	34.004478333512
330.33999633789	86.124385616469	35.105391375216
330.83898925781	87.554087187080	36.196234064467
331.33801269531	89.012977062377	37.277076705791
331.83700561523	90.501415843058	38.348089069370
332.33599853516	92.020068685876	39.409314451444
332.83499145508	93.569615735971	40.460896985409
333.33401489258	95.151022988893	41.502796766917
333.83300781250	96.765438132238	42.534890494778
334.33200073242	98.414162134568	43.556885548676
334.83099365234	100.09864661651	44.568267967524
335.32998657227	101.82044860100	45.568318099508
335.82901000977	103.58124917088	46.556056955773
336.32800292969	105.38271914545	47.530161869376
336.82699584961	107.22655873531	48.489038519813
337.32598876953	109.11442329673	49.430783530748
337.82501220703	111.04778755432	50.353107901847
338.32400512695	113.02803025686	51.253465532653
338.82299804688	115.05625898502	52.128986255217
339.32199096680	117.13331082618	52.976525290781
339.82101440430	119.25966809988	53.792700011691
340.32000732422	121.43545489478	54.573972791329
340.81900024414	123.66033720118	55.316651468538
341.31799316406	125.93352650498	56.017012649209
341.81698608398	128.25378660301	56.671363169369
342.31600952148	130.61941580742	57.276122914014
342.81500244141	133.02821432368	57.827873938448
343.31399536133	135.47757152607	58.323525804893
343.81298828125	137.96449212461	58.760302649341
344.31201171875	140.48570020704	59.135897656244
344.81100463867	143.03766004701	59.448479675303
345.30999755859	145.61670511604	59.696743928394
345.80899047852	148.21917035091	59.879942933945
346.30801391602	150.84142969523	59.997893624199
346.80700683594	153.48017900549	60.050946438758
347.30599975586	156.13226636533	60.039877724929
347.80499267578	158.79511091761	59.965933870527
348.30398559570	161.46657336648	59.830628313260
348.80300903320	164.14507799953	59.635657550228
349.30200195313	166.82958267163	59.382706055584
349.80099487305	169.51981359196	59.073466261736
350.29998779297	172.21595374612	58.709318275005
350.79901123047	174.91875551378	58.291295768289
351.29800415039	177.62940791011	57.819895582466
351.79699707031	180.34941513875	57.295010413814
352.29598999023	183.08044351575	56.715814297506
352.79501342773	185.82422036513	56.080728904936
353.29400634766	188.58233054705	55.387419290876
353.79299926758	191.35599874058	54.632706004760
354.29199218750	194.14599721768	53.812772568681
354.79098510742	196.95234163613	52.923064526866
355.29000854492	199.77422138327	51.958541670145
355.78900146484	202.60986583639	50.913853235568
356.28799438477	205.45638230052	49.783406793894
356.78698730469	208.30979249120	48.561720521256
357.28601074219	211.16480089860	47.243557322068
357.78500366211	214.01504393566	45.824244519932
358.28399658203	216.85298823519	44.299867882947
358.78298950195	219.67030244490	42.667649887765
359.28201293945	222.45753981531	40.925909088881
359.78100585938	225.20502489080	39.074555132192
360.27999877930	227.90271508262	37.115019793379
360.77899169922	230.54057387257	35.050390508735
361.27801513672	233.10895835105	32.885429977073
361.77700805664	235.59904336232	30.626514826275
362.27600097656	238.00306905132	28.281474666587
362.77499389648	240.31453320437	25.859338158876
363.27398681641	242.52870455899	23.370120781470
363.77301025391	244.64252605002	20.824397363659
364.27200317383	246.65496082060	18.232984094151
364.77099609375	248.56673278445	15.606495691516
365.26998901367	250.38052535048	12.954978704868
365.76901245117	252.10065545471	10.287538413899
366.26800537109	253.73296138400	7.6120189742070
366.76699829102	255.28421040722	4.9347134834543
367.26599121094	256.76218131089	2.2602110909487
367.76501464844	258.17478842129	-0.40873516275924
368.26400756836	259.53036247497	-3.0712313679695
368.76300048828	260.83635107507	-5.7281872889762
369.26199340820	262.09995044894	-8.3821960968804
369.76098632813	263.32692573354	-11.037319242985
370.26000976563	264.52199767859	-13.698853033885
370.75900268555	265.68803455018	-16.372983043654
371.25799560547	266.82637567933	-19.066475610535
371.75698852539	267.93653977801	-21.786297139573
372.25601196289	269.01601601917	-24.539184263509
372.75500488281	270.06092238102	-27.331371432580
373.25399780273	271.06526049905	-30.168059052645
373.75299072266	272.02194531854	-33.053217994225
374.25201416016	272.92272854082	-35.989230581759
374.75100708008	273.75845047819	-38.976630074670
375.25000000000	274.51969246355	-42.013980295538
375.74899291992	275.19707601625	-45.097792584073
376.24798583984	275.78146522583	-48.222417819087
376.74700927734	276.26494759323	-51.380361969867
377.24600219727	276.64096747465	-54.562362216263
377.74499511719	276.90451797720	-57.757686820725
378.24398803711	277.05281099952	-60.954607901891
378.74301147461	277.08531143673	-64.140833439775
379.24200439453	277.00360940959	-67.303859321163
379.74099731445	276.81180205063	-70.431689176121
380.23999023438	276.51652217271	-73.513392058039
380.73901367188	276.12563078606	-76.539058730027
381.23800659180	275.64928975375	-79.500822861211
381.73699951172	275.09860187035	-82.392809116815
382.23599243164	274.48543058209	-85.211310705800
382.73498535156	273.82209441819	-87.955144878941
383.23400878906	273.12054495771	-90.625368214083
383.73300170898	272.39217816521	-93.225364100161
384.23199462891	271.64713526319	-95.760482151521
384.73098754883	270.89426747484	-98.237909653329
385.23001098633	270.14039588706	-100.66618350408
385.72900390625	269.39070604692	-103.05509437628
386.22799682617	268.64782627682	-105.41482897894
386.72698974609	267.91240365075	-107.75593872873
387.22601318359	267.18259799704	-110.08855503547
387.72500610352	266.45476709667	-112.42240200362
388.22399902344	265.72284166886	-114.76579375798
388.72299194336	264.97946536821	-117.12590537390
389.22198486328	264.21559874111	-119.50808870422
389.72100830078	263.42109829770	-121.91543266103
390.22000122070	262.58515650427	-124.34894386831
390.71899414063	261.69697195936	-126.80741226372
391.21798706055	260.74586401761	-129.28704811969
391.71701049805	259.72177013974	-131.78164525979
392.21600341797	258.61620971659	-134.28318441031
392.71499633789	257.42218048706	-136.78163275581
393.21398925781	256.13474114159	-139.26542201342
393.71301269531	254.75142375903	-141.72209472913
394.21200561523	253.27208309857	-144.13844458683
394.71099853516	251.69944145825	-146.50162429463
395.20999145508	250.03863455282	-148.79911019947
395.70901489258	248.29716750861	-151.01964662045
396.20800781250	246.48469087149	-153.15356616886
396.70700073242	244.61253751929	-155.19321313474
397.20599365234	242.69319963597	-157.13308168797
397.70498657227	240.74002897079	-158.97044726237
398.20401000977	238.76632463797	-160.70483624811
398.70300292969	236.78527602258	-162.33854789066
399.20199584961	234.80904687705	-163.87591685840
399.70098876953	232.84868850805	-165.32380800544
400.20001220703	230.91348454938	-166.69043146135
400.69900512695	229.01080880181	-167.98559974549
401.19799804688	227.14596332394	-169.22006325233
401.69699096680	225.32194581834	-170.40500387857
402.19601440430	223.53958659382	-171.55179659095
402.69500732422	221.79747465709	-172.67148898701
403.19400024414	220.09211737846	-173.77427204203
403.69299316406	218.41807629828	-174.86926478936
404.19198608398	216.76846602116	-175.96435206180
404.69100952148	215.13490872388	-177.06528805455
405.19000244141	213.50817930362	-178.17631057651
405.68899536133	211.87844376390	-179.29942027014
406.18798828125	210.23562799509	-180.43429090664
406.68701171875	208.57005772846	-181.57866998714
407.18600463867	206.87268852220	-182.72831033984
407.68499755859	205.13553860062	-183.87679321036
408.18399047852	203.35210491178	-185.01601761570
408.68301391602	201.51770981011	-186.13690745784
409.18200683594	199.62973461668	-187.22906225896
409.68099975586	197.68773888342	-188.28174692682
410.17999267578	195.69355651684	-189.28408289743
410.67898559570	193.65142008527	-190.22588305851
411.17800903320	191.56741258780	-191.09750541819
411.67700195313	189.44977618248	-191.89104063899
412.17599487305	187.30813192705	-192.60001928017
412.67498779297	185.15325263097	-193.21992436042
413.17401123047	182.99674550758	-193.74871667278
413.67300415039	180.85031691644	-194.18620817766
414.17199707031	178.72552227913	-194.53470213857
414.67098999023	176.63327095358	-194.79852728414
415.17001342773	174.58345685698	-194.98387073424
415.66900634766	172.58446507834	-195.09861791896
416.16799926758	170.64319203375	-195.15180698234
416.66699218750	168.76463538409	-195.15364016019
417.16598510742	166.95180032552	-195.11468853045
417.66500854492	165.20583877253	-195.04588929913
418.16400146484	163.52591301133	-194.95783568131
418.66299438477	161.90934203925	-194.86073319963
419.16198730469	160.35172655484	-194.76397926224
419.66101074219	158.84720629599	-194.67576319074
420.16000366211	157.38864593979	-194.60303643701
420.65899658203	155.96784648970	-194.55119552231
421.15798950195	154.57595120127	-194.52395855107
421.65701293945	153.20375695444	-194.52334926766
422.15600585938	151.84188712228	-194.54940590544
422.65499877930	150.48126168717	-194.60054156914
423.15399169922	149.11338123276	-194.67339666817
423.65301513672	147.73069237472	-194.76311812898
424.15200805664	146.32674144766	-194.86318995305
424.65100097656	144.89663510300	-194.96632528125
425.14999389648	143.43703217276	-195.06413463870
425.64898681641	141.94648637990	-195.14771878633
426.14801025391	140.42532363841	-195.20829966923
426.64700317383	138.87566980239	-195.23699880046
427.14599609375	137.30160387878	-195.22582061872
427.64498901367	135.70875264227	-195.16758041481
428.14401245117	134.10398363355	-195.05650846664
428.64300537109	132.49543030964	-194.88823022717
429.14199829102	130.89182191536	-194.66015300976
429.64099121094	129.30236300211	-194.37137182736
430.14001464844	127.73614809986	-194.02301701889
430.63900756836	126.20198292245	-193.61775950087
431.13800048828	124.70799831922	-193.15995359124
431.63699340820	123.26121982417	-192.65550119494
432.13598632813	121.86752978541	-192.11126857005
432.63500976563	120.53139207774	-191.53533792785
433.13400268555	119.25572767383	-190.93616445570
433.63299560547	118.04182694367	-190.32256571384
434.13198852539	116.88948260936	-189.70355734469
434.63101196289	115.79687352020	-189.08761090427
435.13000488281	114.76070867881	-188.48293656028
435.62899780273	113.77634185322	-187.89686245240
436.12799072266	112.83811950556	-187.33565652213
436.62701416016	111.93925457305	-186.80466513707
437.12600708008	111.07231505809	-186.30768864109
437.62500000000	110.22929613302	-185.84734176779
438.12399291992	109.40196824498	-185.42467563099
438.62298583984	108.58208768376	-185.03918462476
439.12200927734	107.76165089170	-184.68895646169
439.62100219727	106.93325864363	-184.37076128549
440.11999511719	106.09012609582	-184.07990734951
440.61898803711	105.22664440412	-183.81054367341
441.11801147461	104.33834996201	-183.55597304744
441.61700439453	103.42220035125	-183.30870404617
442.11599731445	102.47662568297	-183.06085749653
442.61499023438	101.50167666286	-182.80435156822
443.11401367188	100.49903694401	-182.53127548415
443.61300659180	99.471801254503	-182.23431563732
444.11199951172	98.424630827756	-181.90680562045
444.61099243164	97.363281690285	-181.54328499179
445.10998535156	96.294537982659	-181.13940788136
445.60900878906	95.225954709300	-180.69239533985
446.10800170898	94.165366722041	-180.20093909988
446.60699462891	93.120766840308	-179.66542096030
447.10598754883	92.099930520666	-179.08756421511
447.60501098633	91.110039145657	-178.47071034882
448.10400390625	90.157473166306	-177.81953373057
448.60299682617	89.247708291439	-177.13965876295
449.10198974609	88.384925339881	-176.43768544720
449.60101318359	87.572076892142	-175.72079937831
450.10000610352	86.810727823077	-174.99662848357
450.59899902344	86.101023281862	-174.27284591218
451.09799194336	85.441779718876	-173.55698542707
451.59698486328	84.830338101695	-172.85613200119
452.09600830078	84.263456799641	-172.17716137958
452.59500122070	83.735807696840	-171.52560074337
453.09399414063	83.242186328044	-170.90664400684
453.59298706055	82.775632329625	-170.32371471405
454.09201049805	82.329654508170	-169.77983304262
454.59100341797	81.896645256765	-169.27614497041
455.08999633789	81.469413299919	-168.81298233692
455.58898925781	81.040127840202	-168.38866838186
456.08801269531	80.602237631211	-168.00101596495
456.58700561523	80.149087464593	-167.64612345938
457.08599853516	79.675116684013	-167.31919734672
457.58499145508	79.175545557202	-167.01429051769
458.08401489258	78.646991771801	-166.72486322988
458.58300781250	78.087145916956	-166.44366455284
459.08200073242	77.495244598205	-166.16323997040
459.58099365234	76.872082835509	-165.87616195238
460.07998657227	76.219385155418	-165.57487624182
460.57901000977	75.541139107168	-165.25313078029
461.07800292969	74.841711352801	-164.90474973453
461.57699584961	74.127098280411	-164.52497439299
462.07598876953	73.403757175974	-164.11028326794
462.57501220703	72.678964472233	-163.65836112816
463.07400512695	71.960118001820	-163.16855794964
463.57299804688	71.254669209046	-162.64156012351
464.07199096680	70.569761005276	-162.07945447012
464.57101440430	69.911898347310	-161.48575177290
465.07000732422	69.286845574898	-160.86503527639
465.56900024414	68.699307503628	-160.22299876521
466.06799316406	68.152898736458	-159.56587590456
466.56698608398	67.649924557809	-158.90064870734
467.06600952148	67.191475198346	-158.23440464213
467.56500244141	66.777229358622	-157.57436914631
468.06399536133	66.405664226497	-156.92757180140
468.56298828125	66.074007288599	-156.30063038213
469.06201171875	65.778389187753	-155.69959193351
469.56100463867	65.513921200274	-155.12969631600
470.05999755859	65.274910403320	-154.59528567876
470.55899047852	65.054892150831	-154.09963848292
471.05801391602	64.847038676989	-153.64495930633
471.55700683594	64.644082835664	-153.23212586355
472.05599975586	64.438734025234	-152.86080130892
472.55499267578	64.223850237787	-152.52930175037
473.05398559570	63.992536418340	-152.23483849368
473.55300903320	63.738555584209	-151.97321066312
474.05200195313	63.456512635600	-151.73921658285
474.55099487305	63.141899761338	-151.52672840721
475.04998779297	62.791427890170	-151.32881173534
475.54901123047	62.403186885278	-151.13798297728
476.04800415039	61.976694841907	-150.94646658373
476.54699707031	61.512860802731	-150.74661219802
477.04598999023	61.014155595586	-150.53087856028
477.54501342773	60.484472687025	-150.29245550709
478.04400634766	59.928828910633	-150.02534877140
478.54299926758	59.353502237779	-149.72468234028
479.04199218750	58.765448292438	-149.38682463069
479.54098510742	58.172204293029	-149.00968605888
480.04000854492	57.581547945030	-148.59271932330
480.53900146484	57.001212018923	-148.13668116427
481.03799438477	56.438492729270	-147.64405211691
481.53698730469	55.900113085595	-147.11848606572
482.03601074219	55.391877173079	-146.56491659992
482.53500366211	54.918573287365	-145.98915932205
483.03399658203	54.483673537090	-145.39778496092
483.53298950195	54.089431338744	-144.79791310103
484.03201293945	53.736720006186	-144.19686177172
484.53100585938	53.425088975327	-143.60193771774
485.02999877930	53.152733431761	-143.02022354840
485.52899169922	52.916638383567	-142.45833032455
486.02801513672	52.712697009772	-141.92224194030
486.52700805664	52.535708308638	-141.41715316397
487.02600097656	52.379741225894	-140.94718806560
487.52499389648	52.238087526303	-140.51542699389
488.02398681641	52.103645243315	-140.12376093027
488.52301025391	51.968973328850	-139.77274469634
489.02200317383	51.826586548415	-139.46159022284
489.52099609375	51.669167721610	-139.18822987280
490.01998901367	51.489824836931	-138.94925014653
490.51901245117	51.282336996792	-138.73994426828
491.01800537109	51.041324876926	-138.55452129454
491.51699829102	50.762543780595	-138.38617116077
492.01599121094	50.443029559029	-138.22733128809
492.51501464844	50.081300167801	-138.06991023982
493.01400756836	49.677435768943	-137.90559840510
493.51300048828	49.233077897925	-137.72614914267
494.01199340820	48.751492239680	-137.52374810771
494.51098632813	48.237401361337	-137.29134827469
495.01000976563	47.696843485907	-137.02283058179
495.50900268555	47.136962371775	-136.71339984097
496.00799560547	46.565654520479	-136.35978129979
496.50698852539	45.991309297377	-135.96029498383
497.00601196289	45.422471324334	-135.51481939475
497.50500488281	44.867443930703	-135.02499624793
498.00399780273	44.334049024177	-134.49395150421
498.50299072266	43.829275027787	-133.92619992545
499.00201416016	43.359068609623	-133.32746581347
499.50100708008	42.928194225485	-132.70432618777
500.00000000000	42.540030336590	-132.06412875514
