#Parameters = {a=905; eps_eff=6; r_i=70; r_o=90.5; t=0.1}
#"Frequency / GHz"	"Z1,1 (3) [Real/Imaginary Part] [Re]"	"Z1,1 (3) [Real/Imaginary Part] [Im]"
#---------------------------------------------------------------------------------------------
1.0000000000000	-1201.4935951058	-2650.9183373791
1.4989999532700	-588.18360106123	-1954.3206534085
1.9980000257492	-341.47361055145	-1522.0177005903
2.4969999790192	-220.69740541766	-1239.4446372068
2.9960000514984	-153.24128102228	-1042.8252199948
3.4949998855591	-111.93691679300	-898.88601001807
3.9939999580383	-84.888733956082	-789.24098261329
4.4930000305176	-66.250000096277	-703.06004502638
4.9920001029968	-52.883845762291	-633.59523509794
5.4910001754761	-42.988339177367	-576.44124046000
5.9899997711182	-35.467833325295	-528.60677108033
6.4889998435974	-29.627631879051	-487.99213987775
6.9879999160767	-25.007703883517	-453.08230913936
7.4869999885559	-21.296075021861	-422.75651506356
7.9860000610352	-18.272970191659	-396.16900192235
8.4849996566772	-15.781417445277	-372.66929759346
8.9840002059937	-13.706873207065	-351.74920250462
9.4829998016357	-11.963317657119	-333.00603048726
9.9820003509521	-10.485743304467	-316.11647329829
10.480999946594	-9.2243223978294	-300.81818167235
10.979999542236	-8.1402173266855	-286.89582994204
11.479000091553	-7.2028869911389	-274.17126131062
11.977999687195	-6.3878508102335	-262.49561298935
12.477000236511	-5.6756550027891	-251.74381866898
12.975999832153	-5.0503839732993	-241.80965277488
13.475000381470	-4.4991780868928	-232.60267544154
13.973999977112	-4.0112681520558	-224.04522874791
14.472999572754	-3.5778475238534	-216.07028455661
14.972000122070	-3.1916114169332	-208.61969890763
15.470999717712	-2.8463461613516	-201.64274740673
15.970000267029	-2.5368950225703	-195.09514687005
16.468999862671	-2.2587957033133	-188.93778521275
16.968000411987	-2.0082458917358	-183.13626244543
17.466999053955	-1.7820837539269	-177.66002931438
17.965999603271	-1.5775922708280	-172.48197559210
18.465000152588	-1.3923053574352	-167.57784287045
18.964000701904	-1.2241253592756	-162.92595187737
19.462999343872	-1.0713749923613	-158.50685062712
19.961999893188	-0.93236696559990	-154.30300761019
20.461000442505	-0.80579173025540	-150.29864574155
20.959999084473	-0.69040493479835	-146.47941255443
21.458999633789	-0.58517849281178	-142.83238246389
21.958000183105	-0.48910986249563	-139.34570230363
22.457000732422	-0.40142529788015	-136.00863606929
22.955999374390	-0.32138248644522	-132.81142304049
23.454999923706	-0.24826586480931	-129.74497885162
23.954000473022	-0.18151209908102	-126.80113614709
24.452999114990	-0.12058723037156	-123.97232584485
24.951999664307	-0.065034369241019	-121.25159349956
25.451000213623	-0.014393006842424	-118.63253913621
25.950000762939	0.031735076440766	-116.10918701789
26.448999404907	0.073644555122462	-113.67613650436
26.947999954224	0.11169603400538	-111.32829999344
27.447000503540	0.14619400969762	-109.06096727635
27.945999145508	0.17739028432355	-106.86979086510
28.444999694824	0.20551415435604	-104.75068873834
28.944000244141	0.23079606791103	-102.69993220156
29.443000793457	0.25344460772496	-100.71395656114
29.941999435425	0.27364238311788	-98.789589499847
30.440999984741	0.29154470669490	-96.923624074241
30.940000534058	0.30734641232701	-95.113269935064
31.438999176025	0.32115696876348	-93.355781495246
31.937999725342	0.33313990780119	-91.648663917032
32.437000274658	0.34339799294977	-89.989597168411
32.936000823975	0.35207726562331	-88.376337817765
33.435001373291	0.35926742353713	-86.806783578211
33.933998107910	0.36506200127320	-85.279051557798
34.432998657227	0.36958533532861	-83.791186415799
34.931999206543	0.37290620819729	-82.341477710713
35.430999755859	0.37510415960049	-80.928300096901
35.930000305176	0.37627164473225	-79.550097291275
36.429000854492	0.37647503472779	-78.205380637592
36.928001403809	0.37578458071436	-76.892838045343
37.426998138428	0.37426329517880	-75.611090686101
37.925998687744	0.37197635223226	-74.358851669255
38.424999237061	0.36897997676868	-73.135042076506
38.923999786377	0.36534274885860	-71.938488577179
39.423000335693	0.36109335209672	-70.768228470944
39.922000885010	0.35629718274288	-69.623053542968
40.421001434326	0.35099482317031	-68.502212707306
40.919998168945	0.34523524173692	-67.404739004292
41.418998718262	0.33905424847074	-66.329680549573
41.917999267578	0.33250828627990	-65.276334679401
42.416999816895	0.32561663472668	-64.243830359962
42.916000366211	0.31842436970876	-63.231468477357
43.415000915527	0.31096753419508	-62.238517850141
43.914001464844	0.30327167792388	-61.264323633931
44.412998199463	0.29537221813722	-60.308233890880
44.911998748779	0.28730894565483	-59.369593658599
45.410999298096	0.27909501929614	-58.447861500505
45.909999847412	0.27077075179840	-57.542450970234
46.409000396729	0.26235551766437	-56.652814217652
46.908000946045	0.25387322264040	-55.778450741756
47.407001495361	0.24535672667417	-54.918870334776
47.905998229980	0.23681845645484	-54.073573413830
48.404998779297	0.22827967897862	-53.242147740766
48.903999328613	0.21977145205274	-52.424119658562
49.402999877930	0.21130538494725	-51.619109562949
49.902000427246	0.20290687991591	-50.826690174377
50.401000976563	0.19458582507372	-50.046500130650
50.900001525879	0.18636336872320	-49.278143603024
51.398998260498	0.17825730085729	-48.521321113587
51.897998809814	0.17027957164948	-47.775640929378
52.396999359131	0.16244828354434	-47.040793584658
52.895999908447	0.15477044023776	-46.316480734520
53.395000457764	0.14727093119696	-45.602392754744
53.894001007080	0.13995100911336	-44.898251851196
54.393001556396	0.13282790140359	-44.203759261309
54.891998291016	0.12591751734829	-43.518665924737
55.390998840332	0.11922034753677	-42.842693401384
55.889999389648	0.11275264303976	-42.175622374569
56.388999938965	0.10652744504600	-41.517186581037
56.888000488281	0.10054322455919	-40.867175817981
57.387001037598	0.094815049933303	-40.225360314105
57.886001586914	0.089348588321598	-39.591530783020
58.384998321533	0.084152864210823	-38.965473532484
58.883998870850	0.079237631250860	-38.346982792896
59.382999420166	0.074606258551413	-37.735894710866
59.881999969482	0.070260940646904	-37.131988680747
60.381000518799	0.066211000921566	-36.535113677965
60.880001068115	0.062459301844768	-35.945066861389
61.379001617432	0.059013972164228	-35.361708072867
61.877998352051	0.055880082001529	-34.784872066008
62.376998901367	0.053051834535849	-34.214385526336
62.875999450684	0.050545071967170	-33.650108923670
63.375000000000	0.048357582032784	-33.091892284095
63.874000549316	0.046487331827604	-32.539592354787
64.373001098633	0.044942215841896	-31.993083051929
64.872001647949	0.043728912191617	-31.452224968482
65.371002197266	0.042838340935829	-30.916871819045
65.870002746582	0.042283433458377	-30.386922660567
66.369003295898	0.042051674618309	-29.862239155677
66.867996215820	0.042157091795749	-29.342725037840
67.366996765137	0.042593848711762	-28.828243351196
67.865997314453	0.043364013300508	-28.318700695130
68.364997863770	0.044464998351219	-27.813961113125
68.863998413086	0.045901170086364	-27.313961012198
69.362998962402	0.047665471870035	-26.818566546817
69.861999511719	0.049769112930105	-26.327708770198
70.361000061035	0.052197412165611	-25.841263052027
70.860000610352	0.054955439670870	-25.359145529155
71.359001159668	0.058044950961061	-24.881280059925
71.858001708984	0.061462751997071	-24.407562502016
72.357002258301	0.065206269317200	-23.937912704695
72.856002807617	0.069273975092052	-23.472243808772
73.355003356934	0.073664886749836	-23.010493371386
73.853996276855	0.078376463448045	-22.552558687823
74.352996826172	0.083405589145227	-22.098374482581
74.851997375488	0.088749076357798	-21.647857721865
75.350997924805	0.094413995545722	-21.200950928723
75.849998474121	0.10037943910167	-20.757561203878
76.348999023438	0.10665615943531	-20.317642728143
76.847999572754	0.11324261500493	-19.881120920986
77.347000122070	0.12012650652682	-19.447916148446
77.846000671387	0.12730576972351	-19.017975026079
78.345001220703	0.13478898117227	-18.591238879837
78.844001770020	0.14255633910083	-18.167633442228
79.343002319336	0.15061868671887	-17.747113151522
79.842002868652	0.15896440089885	-17.329604998151
80.341003417969	0.16758613260858	-16.915070318563
80.839996337891	0.17648949125897	-16.503436151140
81.338996887207	0.18566559624686	-16.094655058510
81.837997436523	0.19511472580153	-15.688674483020
82.336997985840	0.20483146239669	-15.285436705120
82.835998535156	0.21480312541934	-14.884896239043
83.334999084473	0.22503524363301	-14.486993322760
83.833999633789	0.23552081027030	-14.091688389004
84.333000183105	0.24625548463073	-13.698933132277
84.832000732422	0.25723336112514	-13.308673274487
85.331001281738	0.26845340558513	-12.920862775142
85.830001831055	0.27990936310743	-12.535465982397
86.329002380371	0.29159614288939	-12.152425847797
86.828002929688	0.30350897005205	-11.771701960546
87.327003479004	0.31564360636039	-11.393264629679
87.825996398926	0.32800032200463	-11.017045798888
88.324996948242	0.34056506304665	-10.643022024159
88.823997497559	0.35334207851507	-10.271153833062
89.322998046875	0.36632058323994	-9.9013878285054
89.821998596191	0.37950051273872	-9.5336886218824
90.320999145508	0.39287403949481	-9.1680230250381
90.819999694824	0.40643778889786	-8.8043500450364
91.319000244141	0.42018779136990	-8.4426332113862
91.818000793457	0.43411740922948	-8.0828275680825
92.317001342773	0.44822384471433	-7.7248984866370
92.816001892090	0.46249968652752	-7.3688081090446
93.315002441406	0.47694559281299	-7.0145266344949
93.814002990723	0.49155543455060	-6.6620228244719
94.313003540039	0.50632342249609	-6.3112420601213
94.811996459961	0.52124661993269	-5.9621748983864
95.310997009277	0.53631449321325	-5.6147686699706
95.809997558594	0.55152903751760	-5.2689901936479
96.308998107910	0.56689009716962	-4.9248095278881
96.807998657227	0.58238470196787	-4.5821993038071
97.306999206543	0.59801464204824	-4.2411113878982
97.805999755859	0.61377346206875	-3.9015340285406
98.305000305176	0.62965735339156	-3.5634209841234
98.804000854492	0.64566613030924	-3.2267375383077
99.303001403809	0.66179439329454	-2.8914621955241
99.802001953125	0.67803542541739	-2.5575562636753
100.30100250244	0.69439119677553	-2.2249938308522
100.80000305176	0.71085533579804	-1.8937311629455
101.29900360107	0.72742428128403	-1.5637555836664
101.79799652100	0.74410057028631	-1.2350257558732
102.29699707031	0.76087542276212	-0.90751712014072
102.79599761963	0.77775047726873	-0.58118959411185
103.29499816895	0.79471946148853	-0.25602075448049
103.79399871826	0.81178608427005	0.068023001785195
104.29299926758	0.82894515861240	0.39096280785350
104.79199981689	0.84619632803915	0.71283708805340
105.29100036621	0.86353771585656	1.0336778263537
105.79000091553	0.88096657861793	1.3535045780602
106.28900146484	0.89848192860006	1.6723423939256
106.78800201416	0.91609097074299	1.9902336861794
107.28700256348	0.93378386070991	2.3071963611269
107.78600311279	0.95156186815025	2.6232654066659
108.28500366211	0.96943160731224	2.9384667664050
108.78399658203	0.98738663017770	3.2528309094082
109.28299713135	1.0054319787034	3.5663824169738
109.78199768066	1.0235638039642	3.8791422412598
110.28099822998	1.0417903472617	4.1911446732220
110.77999877930	1.0601100677989	4.5024227233087
111.27899932861	1.0785231313195	4.8129973767502
111.77799987793	1.0970324340930	5.1228997522326
112.27700042725	1.1156437363117	5.4321453660338
112.77600097656	1.1343520828483	5.7407766112313
113.27500152588	1.1531709067618	6.0488084049290
113.77400207520	1.1720984450326	6.3562720278678
114.27300262451	1.1911377207229	6.6631842622439
114.77200317383	1.2102957190309	6.9695834328074
115.27100372314	1.2295710123504	7.2754880392441
115.76999664307	1.2489769743150	7.5809332909844
116.26899719238	1.2685121466102	7.8859248545572
116.76799774170	1.2881862854310	8.1905125412885
117.26699829102	1.3080001630402	8.4946986133719
117.76599884033	1.3279685123612	8.7985150394338
118.26499938965	1.3480893148821	9.1019958781832
118.76399993896	1.3683704642492	9.4051509840193
119.26300048828	1.3888228135907	9.7080146178871
119.76200103760	1.4094566006282	10.010594790496
120.26100158691	1.4302702912149	10.312941362360
120.76000213623	1.4512760892462	10.615055989842
121.25900268555	1.4724880992822	10.916966031003
121.75800323486	1.4939039220861	11.218694503310
122.25700378418	1.5155419381078	11.520265669471
122.75599670410	1.5374090586980	11.821700676298
123.25499725342	1.5595168017888	12.123022087350
123.75399780273	1.5818696423225	12.424254816209
124.25299835205	1.6044827813910	12.725409583988
124.75199890137	1.6273636801269	13.026512162776
125.25099945068	1.6505206937496	13.327582356211
125.75000000000	1.6739775930573	13.628646895227
126.24900054932	1.6977310048370	13.929721652272
126.74800109863	1.7217971555378	14.230818804604
127.24700164795	1.7461954481863	14.531965711152
127.74600219727	1.7709235157421	14.833182102821
128.24499511719	1.7960093742660	15.134487407281
128.74400329590	1.8214567915387	15.435888110476
129.24299621582	1.8472755233303	15.737416290556
129.74200439453	1.8734879953814	16.039078392336
130.24099731445	1.9001020205840	16.340899770875
130.74000549316	1.9271274329590	16.642902265707
131.23899841309	1.9545832664969	16.945091692668
131.73800659180	1.9824856308827	17.247490547563
132.23699951172	2.0108394985602	17.550103302798
132.73599243164	2.0396681749999	17.852960689227
133.23500061035	2.0689838791217	18.156075459460
133.73399353027	2.0987934660464	18.459452539101
134.23300170898	2.1291255203012	18.763125008373
134.73199462891	2.1599839074131	19.067095772708
135.23100280762	2.1913846852800	19.371378763397
135.72999572754	2.2233455422450	19.675983363219
136.22900390625	2.2558806988490	19.980937115975
136.72799682617	2.2890050424887	20.286252577423
137.22700500488	2.3227322191940	20.591927071935
137.72599792480	2.3570788374339	20.897974296254
138.22500610352	2.3920679960530	21.204439597787
138.72399902344	2.4277028174994	21.511290278452
139.22300720215	2.4640032571940	21.818574613949
139.72200012207	2.5009907743836	22.126274125282
140.22099304199	2.5386763633870	22.434432243932
140.72000122070	2.5770774121451	22.743042608715
141.21899414063	2.6162061989529	23.052119833531
141.71800231934	2.6560840884376	23.361672574413
142.21699523926	2.6967245353832	23.671714016833
142.71600341797	2.7381418735242	23.982250901523
143.21499633789	2.7803533571795	24.293297777607
143.71400451660	2.8233819604170	24.604874743106
144.21299743652	2.8672335036356	24.916973858722
144.71200561523	2.9119285217691	25.229621947267
145.21099853516	2.9574893511518	25.542817889350
145.71000671387	3.0039224476643	25.856578258599
146.20899963379	3.0512476439945	26.170908424862
146.70799255371	3.0994852094501	26.485815849621
147.20700073242	3.1486472543642	26.801316425881
147.70599365234	3.1987539607775	27.117428676320
148.20500183105	3.2498267732423	27.434142359341
148.70399475098	3.3018684290158	27.751481077307
149.20300292969	3.3549100569588	28.069455557215
149.70199584961	3.4089624588770	28.388068082976
150.20100402832	3.4640376709395	28.707324471299
150.69999694824	3.5201676691221	29.027247008070
151.19900512695	3.5773551802544	29.347831989527
151.69799804688	3.6356334796829	29.669113259949
152.19700622559	3.6949988679949	29.991077559708
152.69599914551	3.7554904796351	30.313739555397
153.19500732422	3.8171128715393	30.637112249748
153.69400024414	3.8798963536658	30.961214948969
154.19299316406	3.9438472683610	31.286028566256
154.69200134277	4.0089953370244	31.611604963941
155.19099426270	4.0753489059020	31.937924800759
155.69000244141	4.1429389802455	32.265011449596
156.18899536133	4.2117772878130	32.592871476310
156.68800354004	4.2818881795000	32.921507768443
157.18699645996	4.3532899537236	33.250946043810
157.68600463867	4.4260034655570	33.581189637397
158.18499755859	4.5000523313534	33.912250623454
158.68400573730	4.5754595100501	34.244138020100
159.18299865723	4.6522409133136	34.576873116508
159.68200683594	4.7304229858349	34.910457597025
160.18099975586	4.8100326675664	35.244915835139
160.67999267578	4.8910865603298	35.580235966775
161.17900085449	4.9736164419683	35.916462569717
161.67799377441	5.0576434438706	36.253577328203
162.17700195313	5.1431936636470	36.591609388131
162.67599487305	5.2302919237538	36.930570987840
163.17500305176	5.3189720030131	37.270473565988
163.67399597168	5.4092511852342	37.611328223086
164.17300415039	5.5011698084268	37.953151869302
164.67199707031	5.5947456602303	38.295945946335
165.17100524902	5.6900160793974	38.639738321016
165.66999816895	5.7870103258569	38.984526001309
166.16900634766	5.8857652119787	39.330339940099
166.66799926758	5.9863000599850	39.677177823283
167.16700744629	6.0886664717793	40.025067410382
167.66600036621	6.1928887024605	40.374016009821
168.16499328613	6.2990079408706	40.724025001747
168.66400146484	6.4070526187285	41.075118283295
169.16299438477	6.5170688496076	41.427297482834
169.66200256348	6.6290980565190	41.780594486636
170.16099548340	6.7431789517784	42.135010956292
170.66000366211	6.8593457700370	42.490550563124
171.15899658203	6.9776482269085	42.847245388353
171.65800476074	7.0981277306936	43.205074176380
172.15699768066	7.2208411821734	43.564087799832
172.65600585938	7.3458151304388	43.924260555236
173.15499877930	7.4731168259081	44.285628783578
173.65400695801	7.6027921095601	44.648193520056
174.15299987793	7.7348787732489	45.011944950099
174.65199279785	7.8694385912604	45.376911448629
175.15100097656	8.0065294606491	45.743101748959
175.64999389648	8.1462018149758	46.110501445306
176.14900207520	8.2885236736368	46.479150552040
176.64799499512	8.4335333415843	46.849014263535
177.14700317383	8.5813049669460	47.220118630318
177.64599609375	8.7318991119177	47.592469062009
178.14500427246	8.8853731246100	47.966048757665
178.64399719238	9.0418028931510	48.340871043816
179.14300537109	9.2012417401961	48.716953502485
179.64199829102	9.3637686442011	49.094237082310
180.14100646973	9.5294416535118	49.472784685059
180.63999938965	9.6983443490090	49.852559926722
181.13900756836	9.8705373275592	50.233525518156
181.63800048828	10.046095826239	50.615716852347
182.13699340820	10.225105949597	50.999116998050
182.63600158691	10.407633425069	51.383661930523
183.13499450684	10.593761714496	51.769382292440
183.63400268555	10.783575137879	52.156282131021
184.13299560547	10.977144991235	52.544319077295
184.63200378418	11.174570511684	52.933492113922
185.13099670410	11.375911887484	53.323704774806
185.63000488281	11.581271845612	53.715004117547
186.12899780273	11.790733545687	54.107311616333
186.62800598145	12.004387966256	54.500648939904
187.12699890137	12.222306101779	54.894935094686
187.62600708008	12.444606329040	55.290184055673
188.12500000000	12.671356311144	55.686282858506
188.62399291992	12.902662180933	56.083245354832
189.12300109863	13.138609626671	56.481003379551
189.62199401855	13.379300842102	56.879540465712
190.12100219727	13.624810798656	57.278730900144
190.61999511719	13.875240952910	57.678553786543
191.11900329590	14.130705439250	58.079009096087
191.61799621582	14.391277317042	58.479934449810
192.11700439453	14.657069804755	58.881325819777
192.61599731445	14.928167083229	59.283097412819
193.11500549316	15.204656351491	59.685128896297
193.61399841309	15.486654932412	60.087409015870
194.11300659180	15.774238668472	60.489812794105
194.61199951172	16.067524514952	60.892291969585
195.11099243164	16.366573422460	61.294686313297
195.61000061035	16.671511758353	61.696973724718
196.10899353027	16.982408129622	62.099007661716
196.60800170898	17.299376288253	62.500703612793
197.10699462891	17.622482823617	62.901940336075
197.60600280762	17.951826660740	63.302623863748
198.10499572754	18.287484649924	63.702560448611
198.60400390625	18.629564311309	64.101771319727
199.10299682617	18.978139829329	64.500024691584
199.60200500488	19.333270175034	64.897185086126
200.10099792480	19.695046189571	65.293130022760
200.60000610352	20.063547521372	65.687741589933
201.09899902344	20.438858135484	66.080900224422
201.59800720215	20.821022635644	66.472415748074
202.09700012207	21.210105464051	66.862093667169
202.59599304199	21.606187887317	67.249855101725
203.09500122070	22.009307356375	67.635508538990
203.59399414063	22.419533547857	68.018868317182
204.09300231934	22.836906920833	68.399793515827
204.59199523926	23.261473346909	68.778098067887
205.09100341797	23.693283447305	69.153630824482
205.58999633789	24.132362992451	69.526196464623
206.08900451660	24.578737170517	69.895567229438
206.58799743652	25.032451424197	70.261609411221
207.08700561523	25.493498429581	70.624127971748
207.58599853516	25.961902269407	70.982915736750
208.08500671387	26.437670661891	71.337792199726
208.58399963379	26.920810468412	71.688554781484
209.08299255371	27.411307599985	72.034979313956
209.58200073242	27.909160273446	72.376921519465
210.08099365234	28.414337150941	72.714109720018
210.58000183105	28.926837106773	73.046409874855
211.07899475098	29.446609447420	73.373581298351
211.57800292969	29.973618378834	73.695414350997
212.07699584961	30.507828662660	74.011715810502
212.57600402832	31.049174494138	74.322280256720
213.07499694824	31.597633984844	74.626923494205
213.57400512695	32.153098922235	74.925403180945
214.07299804688	32.715523301308	75.217540897148
214.57200622559	33.284828111611	75.503132686029
215.07099914551	33.860911917164	75.781996847471
215.57000732422	34.443695836166	76.053893583917
216.06900024414	35.033084574450	76.318662899914
216.56799316406	35.628975801901	76.576093957182
217.06700134277	36.231243665129	76.825996420162
217.56599426270	36.839804437252	77.068214512387
218.06500244141	37.454501066203	77.302528293249
218.56399536133	38.075220729019	77.528768570826
219.06300354004	38.701824146402	77.746761729190
219.56199645996	39.334190466084	77.956357689299
220.06100463867	39.972158145417	78.157362443065
220.55999755859	40.615587136269	78.349626680037
221.05900573730	41.264341916921	78.532976305312
221.55799865723	41.918249771557	78.707283812472
222.05700683594	42.577148723919	78.872383444325
222.55599975586	43.240888151830	79.028127509092
223.05499267578	43.909308123752	79.174418119623
223.55400085449	44.582224993786	79.311069655383
224.05299377441	45.259488153179	79.437980485572
224.55200195313	45.940916533885	79.555026381210
225.05099487305	46.626313077994	79.662095088740
225.55000305176	47.315556229280	79.759064098159
226.04899597168	48.008429942392	79.845828738719
226.54800415039	48.704786581119	79.922280154509
227.04699707031	49.404429109588	79.988339317981
227.54600524902	50.107194719157	80.043890485325
228.04499816895	50.812905189957	80.088845712647
228.54400634766	51.521385531588	80.123136971909
229.04299926758	52.232456742414	80.146641085134
229.54200744629	52.945960204039	80.159322354620
230.04100036621	53.661705450237	80.161059799378
230.53999328613	54.379532592488	80.151813540078
231.03900146484	55.099277132049	80.131502918645
231.53799438477	55.820751733404	80.100042150176
232.03700256348	56.543798331046	80.057352899159
232.53599548340	57.268265128879	80.003392934608
233.03500366211	57.993959394027	79.938070846602
233.53399658203	58.720743779379	79.861327785965
234.03300476074	59.448431478695	79.773085222564
234.53199768066	60.176872366976	79.673268780955
235.03100585938	60.905884509608	79.561824686197
235.52999877930	61.635343642135	79.438690437867
236.02900695801	62.365066790777	79.303762286152
236.52799987793	63.094871585278	79.156969554338
237.02699279785	63.824601810888	78.998242233323
237.52600097656	64.554100714611	78.827501864905
238.02499389648	65.283210650561	78.644661097271
238.52400207520	66.011728185379	78.449622217484
239.02299499512	66.739509619577	78.242323447912
239.52200317383	67.466348407001	78.022636287819
240.02099609375	68.192083977253	77.790479173556
240.52000427246	68.916526116247	77.545786206093
241.01899719238	69.639479937943	77.288417805594
241.51800537109	70.360732724811	77.018296932326
242.01699829102	71.080107815570	76.735306072227
242.51600646973	71.797358677868	76.439321355982
243.01499938965	72.512288285069	76.130252017793
243.51400756836	73.224654186032	75.807969682080
244.01300048828	73.934222452955	75.472378598804
244.51199340820	74.640745519350	75.123357316023
245.01100158691	75.343958890935	74.760795420077
245.50999450684	76.043573822329	74.384554810883
246.00900268555	76.739340133179	73.994558675012
246.50799560547	77.430940045305	73.590690778647
247.00700378418	78.118058815944	73.172821468257
247.50599670410	78.800376406801	72.740857397708
248.00500488281	79.477578936439	72.294721107164
248.50399780273	80.149293069241	71.834307234520
249.00300598145	80.815163469408	71.359511667010
249.50199890137	81.474797675218	70.870267104361
250.00100708008	82.127813285199	70.366530653612
250.50000000000	82.773797189370	69.848198747756
250.99899291992	83.412346671696	69.315265093046
251.49800109863	84.042981411355	68.767680737883
251.99699401855	84.665269242111	68.205430511353
252.49600219727	85.278776924022	67.628518799350
252.99499511719	85.882979252148	67.036962660349
253.49400329590	86.477404183221	66.430760812874
253.99299621582	87.061555242249	65.810014228664
254.49200439453	87.634908148707	65.174766156325
254.99099731445	88.196930485964	64.525127832614
255.49000549316	88.747114606737	63.861218089420
255.98899841309	89.284912655393	63.183182448321
256.48800659180	89.809768080723	62.491177617675
256.98699951172	90.321128018396	61.785437155099
257.48599243164	90.818456548191	61.066148275271
257.98498535156	91.301164541758	60.333583395693
258.48400878906	91.768739027740	59.588050508548
258.98300170898	92.220595911461	58.829839475298
259.48199462891	92.656184092579	58.059289774698
259.98098754883	93.074976216151	57.276801895164
260.48001098633	93.476435226390	56.482782610130
260.97900390625	93.860025585907	55.677665305991
261.47799682617	94.225230693943	54.861924328878
261.97698974609	94.571561575650	54.036056133402
262.47601318359	94.898546061185	53.200614179778
262.97500610352	95.205700124383	52.356135528794
263.47399902344	95.492598489705	51.503245298836
263.97299194336	95.758808124712	50.642537902044
264.47198486328	96.003966895822	49.774671107977
264.97100830078	96.227680899032	48.900326238055
265.47000122070	96.429623625713	48.020185079553
265.96899414063	96.609511826165	47.134995964519
266.46798706055	96.767047109599	46.245462831432
266.96701049805	96.902008186909	45.352370779098
267.46600341797	97.014190703391	44.456487410957
267.96499633789	97.103453762797	43.558617998802
268.46398925781	97.169646382378	42.659537249823
268.96301269531	97.212702182006	41.760074112781
269.46200561523	97.232579066187	40.861048270184
269.96099853516	97.229258735482	39.963268868317
270.45999145508	97.202790733653	39.067566714549
270.95901489258	97.153254104131	38.174760539692
271.45800781250	97.080775827137	37.285677552022
271.95700073242	96.985505325401	36.401125413148
272.45599365234	96.867654338754	35.521900747728
272.95498657227	96.727449924440	34.648800872033
273.45401000977	96.565196154889	33.782603867757
273.95300292969	96.381181614053	32.924066489897
274.45199584961	96.175785316442	32.073933659851
274.95098876953	95.949372304772	31.232917109876
275.45001220703	95.702384708797	30.401733069766
275.94900512695	95.435264405809	29.581040661900
276.44799804688	95.148489929216	28.771484031564
276.94699096680	94.842580808664	27.973692830316
277.44601440430	94.518059516990	27.188248663528
277.94500732422	94.175501896836	26.415709271525
278.44400024414	93.815483245018	25.656597544467
278.94299316406	93.438593976543	24.911409949794
279.44198608398	93.045466658493	24.180609546733
279.94100952148	92.636717283353	23.464614079705
280.44000244141	92.213001452024	22.763819929211
280.93899536133	91.774961460589	22.078576505654
281.43798828125	91.323274164227	21.409212920430
281.93701171875	90.858598131575	20.756015320900
282.43600463867	90.381596923957	20.119229720052
282.93499755859	89.892957333832	19.499077962237
283.43399047852	89.393346457048	18.895749201762
283.93301391602	88.883436376213	18.309396287203
284.43200683594	88.363890498506	17.740135165278
284.93099975586	87.835364792422	17.188058942590
285.42999267578	87.298527071011	16.653227667044
285.92898559570	86.754007827320	16.135670950348
286.42800903320	86.202446418611	15.635389508952
286.92700195313	85.644458996442	15.152363410519
287.42599487305	85.080678526208	14.686549752153
287.92498779297	84.511683951524	14.237865638694
288.42401123047	83.938061011730	13.806220560661
288.92300415039	83.360373059737	13.391493148582
289.42199707031	82.779179139493	12.993549052297
289.92098999023	82.195009160117	12.612227767609
290.42001342773	81.608385342409	12.247357973334
290.91900634766	81.019805133238	11.898748815976
291.41799926758	80.429748896534	11.566192941462
291.91699218750	79.838674831862	11.249467018983
292.41598510742	79.247047356150	10.948346937447
292.91500854492	78.655272608561	10.662582333091
293.41400146484	78.063771098832	10.391923246793
293.91299438477	77.472932436503	10.136103304980
294.41198730469	76.883123875000	9.8948542115835
294.91101074219	76.294699600665	9.6678976376056
295.41000366211	75.707998086223	9.4549488785564
295.90899658203	75.123337283682	9.2557205972997
296.40798950195	74.541022600631	9.0699217883136
296.90701293945	73.961327360578	8.8972510396780
297.40600585938	73.384526005565	8.7374156086066
297.90499877930	72.810871392955	8.5901134776160
298.40399169922	72.240593955801	8.4550460759211
298.90301513672	71.673915447568	8.3319070889726
299.40200805664	71.111042187707	8.2204023227790
299.90100097656	70.552162088490	8.1202283382547
300.39999389648	69.997452026460	8.0310889823282
300.89898681641	69.447077246807	7.9526878475891
301.39801025391	68.901187223324	7.8847318654681
301.89700317383	68.359916834432	7.8269284968805
302.39599609375	67.823390315072	7.7789933778026
302.89498901367	67.291725147509	7.7406409276978
303.39401245117	66.765025383007	7.7115915655656
303.89300537109	66.243380343837	7.6915715381805
304.39199829102	65.726872346593	7.6803063360728
304.89099121094	65.215575440390	7.6775338445185
305.39001464844	64.709553822318	7.6829899118524
305.88900756836	64.208855254091	7.6964180797253
306.38800048828	63.713535583366	7.7175678119937
306.88699340820	63.223629708200	7.7461930071347
307.38598632813	62.739169920677	7.7820519545768
307.88500976563	62.260176386527	7.8249093323707
308.38400268555	61.786671969919	7.8745361967346
308.88299560547	61.318664764257	7.9307079060303
309.38198852539	60.856161558895	7.9932063275988
309.88101196289	60.399163028886	8.0618162336477
310.38000488281	59.947662208371	8.1363323271286
310.87899780273	59.501650698209	8.2165507095889
311.37799072266	59.061114185240	8.3022763375548
311.87701416016	58.626034484276	8.3933176311925
312.37600708008	58.196386395583	8.4894858614378
312.87500000000	57.772146234092	8.5906051729193
313.37399291992	57.353283536730	8.6964985903366
313.87298583984	56.939766478603	8.8069949598071
314.37200927734	56.531556450012	8.9219312896996
314.87100219727	56.128616751603	9.0411487024759
315.36999511719	55.730907020955	9.1644905213251
315.86898803711	55.338387017925	9.2918087219085
316.36801147461	54.951005909674	9.4229558235196
316.86700439453	54.568722888083	9.5577959456074
317.36599731445	54.191484971155	9.6961905147310
317.86499023438	53.819242982414	9.8380085288766
318.36401367188	53.451947913482	9.9831256693174
318.86300659180	53.089541554502	10.131418133235
319.36199951172	52.731978745732	10.282766853445
319.86099243164	52.379199610789	10.437061578470
320.35998535156	52.031148429110	10.594188948781
320.85900878906	51.687774143505	10.754045485085
321.35800170898	51.349013194761	10.916528883706
321.85699462891	51.014819167594	11.081538665692
322.35598754883	50.685122082218	11.248983768871
322.85501098633	50.359873257378	11.418769330849
323.35400390625	50.039008305317	11.590810329981
323.85299682617	49.722476489276	11.765022419541
324.35198974609	49.410214614006	11.941323540458
324.85101318359	49.102179918422	12.119638552714
325.35000610352	48.798292052715	12.299888717230
325.84899902344	48.498501072155	12.482003589307
326.34799194336	48.202762168354	12.665914245662
326.84698486328	47.911007376888	12.851556304810
327.34600830078	47.623177014995	13.038863397961
327.84500122070	47.339231392546	13.227779567258
328.34399414063	47.059094465551	13.418239245742
328.84298706055	46.782736825439	13.610194522308
329.34201049805	46.510076782560	13.803585794603
329.84100341797	46.241076381305	13.998364430228
330.33999633789	45.975686245361	14.194484490828
330.83898925781	45.713835730467	14.391891935977
331.33801269531	45.455502043238	14.590554383729
331.83700561523	45.200599094770	14.790413754752
332.33599853516	44.949105033330	14.991443256999
332.83499145508	44.700958843629	15.193598969486
333.33401489258	44.456106599632	15.396837141207
333.83300781250	44.214509757045	15.601134390692
334.33200073242	43.976120317863	15.806452072477
334.83099365234	43.740881485372	16.012753474781
335.32998657227	43.508764073355	16.220020738652
335.82901000977	43.279709187104	16.428210478737
336.32800292969	43.053682770507	16.637310073836
336.82699584961	42.830631213719	16.847281785857
337.32598876953	42.610524537728	17.058107047290
337.82501220703	42.393314750307	17.269762414131
338.32400512695	42.178960922405	17.482227412397
338.82299804688	41.967417165326	17.695472855937
339.32199096680	41.758663525879	17.909492903450
339.82101440430	41.552638745202	18.124255558305
340.32000732422	41.349337323567	18.339761629019
340.81900024414	41.148689015596	18.555971387960
341.31799316406	40.950676841869	18.772887004358
341.81698608398	40.755262860193	18.990486668143
342.31600952148	40.562418351071	19.208762496218
342.81500244141	40.372098945398	19.427695577183
343.31399536133	40.184285052453	19.647275313909
343.81298828125	39.998943799416	19.867496499119
344.31201171875	39.816044649083	20.088348032177
344.81100463867	39.635551329441	20.309810510013
345.30999755859	39.457441602833	20.531885099461
345.80899047852	39.281688094124	20.754560842493
346.30801391602	39.108267383123	20.977830136761
346.80700683594	38.937147637763	21.201683982426
347.30599975586	38.768307042991	21.426118308633
347.80499267578	38.601721447684	21.651127874633
348.30398559570	38.437370513000	21.876706598747
348.80300903320	38.275226668902	22.102847350296
349.30200195313	38.115277520585	22.329550998141
349.80099487305	37.957487229179	22.556805735447
350.29998779297	37.801844394953	22.784610018782
350.79901123047	37.648341251492	23.012972935311
351.29800415039	37.496942064848	23.241876611315
351.79699707031	37.347632232537	23.471320390080
352.29598999023	37.200397152759	23.701300775187
352.79501342773	37.055225376986	23.931821734000
353.29400634766	36.912096248555	24.162876065359
353.79299926758	36.770995870902	24.394460381530
354.29199218750	36.631913647728	24.626581729770
354.79098510742	36.494830993105	24.859230770253
355.29000854492	36.359745667845	25.092413880027
355.78900146484	36.226634119321	25.326121054486
356.28799438477	36.095491596455	25.560353959600
356.78698730469	35.966298301020	25.795107227940
357.28601074219	35.839054429606	26.030388358069
357.78500366211	35.713761535833	26.266200137431
358.28399658203	35.590379379387	26.502513938072
358.78298950195	35.468928618007	26.739362336961
359.28201293945	35.349389508737	26.976724194632
359.78100585938	35.231761775010	27.214611869016
360.27999877930	35.116026998878	27.453007105213
360.77899169922	35.002190951465	27.691923176919
361.27801513672	34.890248354133	27.931350602930
361.77700805664	34.780189141057	28.171293689358
362.27600097656	34.672014111843	28.411743695281
362.77499389648	34.565718398867	28.652705138605
363.27398681641	34.461296687966	28.894172853453
363.77301025391	34.358746055470	29.136146043080
364.27200317383	34.258069257116	29.378624965748
364.77099609375	34.159261618178	29.621597525101
365.26998901367	34.062321184397	29.865068385801
365.76901245117	33.967250808357	30.109033481945
366.26800537109	33.874050442853	30.353492024526
366.76699829102	33.782715521506	30.598435791684
367.26599121094	33.693239518239	30.843857195724
367.76501464844	33.605639018373	31.089764582853
368.26400756836	33.519908612130	31.336147039191
368.76300048828	33.436043914762	31.582990391861
369.26199340820	33.354056304990	31.830306207224
369.76098632813	33.273941154001	32.078078565065
370.26000976563	33.195714599489	32.326312561285
370.75900268555	33.119353542425	32.574986354652
371.25799560547	33.044878826780	32.824097902070
371.75698852539	32.972290964221	33.073654917656
372.25601196289	32.901588287467	33.323632669697
372.75500488281	32.832774255516	33.574033045443
373.25399780273	32.765860991026	33.824848905002
373.75299072266	32.700842399991	34.076067534570
374.25201416016	32.637729674986	34.327681950486
374.75100708008	32.576518936467	34.579685857190
375.25000000000	32.517219417089	34.832061097950
375.74899291992	32.459831516071	35.084806498512
376.24798583984	32.404356379324	35.337910058971
376.74700927734	32.350808015739	35.591368445531
377.24600219727	32.299185414906	35.845157588897
377.74499511719	32.249490603837	36.099272507710
378.24398803711	32.201727562209	36.353705397426
378.74301147461	32.155904500948	36.608444474561
379.24200439453	32.112016397779	36.863465149192
379.74099731445	32.070074779234	37.118774095055
380.23999023438	32.030081022915	37.374339488977
380.73901367188	31.992032189719	37.630155566841
381.23800659180	31.955938970842	37.886215933300
381.73699951172	31.921798701645	38.142489247707
382.23599243164	31.889617820576	38.398983066854
382.73498535156	31.859398745127	38.655672003495
383.23400878906	31.831138877327	38.912533804687
383.73300170898	31.804851859203	39.169567992748
384.23199462891	31.780522757525	39.426748640528
384.73098754883	31.758158448408	39.684055001204
385.23001098633	31.737766667057	39.941489307819
385.72900390625	31.719340058357	40.199016608650
386.22799682617	31.702885560612	40.456638234770
386.72698974609	31.688398985384	40.714326933482
387.22601318359	31.675870900145	40.972058292277
387.72500610352	31.665312210414	41.229828703458
388.22399902344	31.656722508994	41.487617449373
388.72299194336	31.650092125534	41.745410033196
389.22198486328	31.645419945521	42.003184466730
389.72100830078	31.642712079416	42.260926577838
390.22000122070	31.641944284638	42.518616399887
390.71899414063	31.643131264073	42.776229964249
391.21798706055	31.646260644725	43.033764279842
391.71701049805	31.651332247780	43.291205459646
392.21600341797	31.658343051830	43.548515020446
392.71499633789	31.667277490381	43.805688095602
393.21398925781	31.678133583539	44.062710783542
393.71301269531	31.690908962960	44.319566607820
394.21200561523	31.705578788141	44.576230735420
394.71099853516	31.722156258559	44.832687458638
395.20999145508	31.740629872009	45.088938352808
395.70901489258	31.760974708330	45.344942591516
396.20800781250	31.783188401468	45.600692904049
396.70700073242	31.807275625709	45.856192008057
397.20599365234	31.833205347513	46.111413021734
397.70498657227	31.860970041435	46.366325023506
398.20401000977	31.890571807988	46.620942010980
398.70300292969	31.921977318938	46.875238173463
399.20199584961	31.955196542751	47.129207151208
399.70098876953	31.990196320818	47.382819942879
400.20001220703	32.026979900227	47.636076871834
400.69900512695	32.065525298285	47.888976447196
401.19799804688	32.105827437640	48.141513434961
401.69699096680	32.147862276438	48.393647353357
402.19601440430	32.191616046499	48.645387973973
402.69500732422	32.237067799586	48.896731678057
403.19400024414	32.284221754095	49.147663182910
403.69299316406	32.333049770880	49.398186887512
404.19198608398	32.383540779125	49.648292156922
404.69100952148	32.435686144692	49.897984020144
405.19000244141	32.489445693595	50.147230595559
405.68899536133	32.544830760410	50.396050065402
406.18798828125	32.601823009054	50.644451865588
406.68701171875	32.660393161887	50.892423979536
407.18600463867	32.720536474083	51.139952538306
407.68499755859	32.782235409431	51.387060704585
408.18399047852	32.845474893424	51.633726078682
408.68301391602	32.910247485729	51.879980038354
409.18200683594	32.976538576583	52.125813996718
409.68099975586	33.044323553612	52.371224725010
410.17999267578	33.113609602963	52.616235848602
410.67898559570	33.184361334689	52.860849155448
411.17800903320	33.256591151643	53.105073342067
411.67700195313	33.330272648583	53.348902624554
412.17599487305	33.405404169548	53.592357382681
412.67498779297	33.481972760643	53.835448188647
413.17401123047	33.559970382857	54.078197262849
413.67300415039	33.639382360881	54.320598480027
414.17199707031	33.720218990350	54.562672847506
414.67098999023	33.802459906962	54.804446538465
415.17001342773	33.886118255942	55.045919110141
415.66900634766	33.971175798061	55.287108293103
416.16799926758	34.057630062158	55.528039238270
416.66699218750	34.145492139933	55.768708028752
417.16598510742	34.234765105571	56.009170023095
417.66500854492	34.325433144088	56.249405750237
418.16400146484	34.417516234907	56.489449841984
418.66299438477	34.511017865472	56.729313981396
419.16198730469	34.605936778905	56.969031611200
419.66101074219	34.702292468163	57.208605946480
420.16000366211	34.800088860004	57.448068260824
420.65899658203	34.899339951797	57.687442489040
421.15798950195	35.000055044141	57.926724045476
421.65701293945	35.102257715545	58.165961940666
422.15600585938	35.205947742431	58.405145113403
422.65499877930	35.311171031950	58.644310947417
423.15399169922	35.417919779545	58.883482100136
423.65301513672	35.526240144110	59.122679542365
424.15200805664	35.636143133551	59.361903516091
424.65100097656	35.747652830458	59.601189047501
425.14999389648	35.860807008035	59.840533527969
425.64898681641	35.975630073961	60.079972583454
426.14801025391	36.092153134088	60.319522368740
426.64700317383	36.210405366252	60.559173676416
427.14599609375	36.330440037859	60.798963293277
427.64498901367	36.452261001173	61.038888071168
428.14401245117	36.575940507784	61.278977210951
428.64300537109	36.701501013390	61.519217810646
429.14199829102	36.828989815741	61.759625657538
429.64099121094	36.958455021711	62.000238352704
430.14001464844	37.089922309246	62.241006381532
430.63900756836	37.223476821045	62.481987810089
431.13800048828	37.359116487403	62.723131796221
431.63699340820	37.496940380863	62.964469159145
432.13598632813	37.636968171082	63.206009098576
432.63500976563	37.779256889470	63.447695012427
433.13400268555	37.923883272418	63.689592616367
433.63299560547	38.070873827309	63.931635306004
434.13198852539	38.220299480496	64.173843339851
434.63101196289	38.372223711575	64.416187749816
435.13000488281	38.526682615684	64.658666937479
435.62899780273	38.683765528909	64.901254746817
436.12799072266	38.843504004682	65.143928244454
436.62701416016	39.005982001595	65.386658914979
437.12600708008	39.171256144585	65.629422920460
437.62500000000	39.339387380261	65.872206291773
438.12399291992	39.510429049542	66.114966394745
438.62298583984	39.684450870638	66.357658698934
439.12200927734	39.861524450841	66.600264753495
439.62100219727	40.041700323044	66.842717513975
440.11999511719	40.225064114778	67.085008827679
440.61898803711	40.411645698995	67.327044599769
441.11801147461	40.601529132308	67.568827584884
441.61700439453	40.794783269613	67.810277514625
442.11599731445	40.991458481858	68.051326027890
442.61499023438	41.191611566173	68.291921451614
443.11401367188	41.395316342621	68.532009986705
443.61300659180	41.602623140152	68.771506917583
444.11199951172	41.813596349786	69.010370548623
444.61099243164	42.028300152265	69.248496512273
445.10998535156	42.246780380122	69.485824702063
445.60900878906	42.469090057353	69.722287131028
446.10800170898	42.695297338204	69.957776277777
446.60699462891	42.925428224896	70.192206695199
447.10598754883	43.159567939159	70.425520139502
447.60501098633	43.397739131792	70.657610982041
448.10400390625	43.639983706087	70.888348076206
448.60299682617	43.886357284135	71.117674601541
449.10198974609	44.136895735735	71.345459878370
449.60101318359	44.391643932390	71.571632336708
450.10000610352	44.650620662823	71.796055700272
450.59899902344	44.913881280078	72.018627974037
451.09799194336	45.181433604785	72.239231169391
451.59698486328	45.453327948541	72.457771931337
452.09600830078	45.729555867270	72.674103635261
452.59500122070	46.010147707415	72.888123000981
453.09399414063	46.295128792480	73.099675416468
453.59298706055	46.584519596236	73.308685274159
454.09201049805	46.878299685054	73.514980760061
454.59100341797	47.176487083811	73.718448063569
455.08999633789	47.479085824819	73.918974031009
455.58898925781	47.786083887573	74.116390789844
456.08801269531	48.097472488820	74.310595201055
456.58700561523	48.413251130056	74.501417414883
457.08599853516	48.733387651767	74.688763112295
457.58499145508	49.057873392400	74.872442507298
458.08401489258	49.386661031925	75.052353441791
458.58300781250	49.719732775037	75.228353353996
459.08200073242	50.057053469967	75.400261907438
459.58099365234	50.398567510738	75.567988040356
460.07998657227	50.744255351190	75.731353858059
460.57901000977	51.094042459587	75.890237539713
461.07800292969	51.447885743725	76.044499948752
461.57699584961	51.805694953017	76.193987239871
462.07598876953	52.167478124898	76.338583495354
462.57501220703	52.533032646857	76.478085235537
463.07400512695	52.902420142118	76.612425153020
463.57299804688	53.275514012696	76.741441943142
464.07199096680	53.652152926605	76.864944936696
464.57101440430	54.032324931548	76.982876302867
465.07000732422	54.415948374781	77.095078062662
465.56900024414	54.802846037270	77.201386941332
466.06799316406	55.192979905212	77.301731374356
466.56698608398	55.586173860011	77.395916476430
467.06600952148	55.982385748538	77.483884350457
467.56500244141	56.381431672819	77.565448664590
468.06399536133	56.783257417532	77.640558108930
468.56298828125	57.187692628864	77.709051005265
469.06201171875	57.594571930582	77.770800435452
469.56100463867	58.003787422272	77.825720262456
470.05999755859	58.415198404195	77.873707006367
470.55899047852	58.828659115182	77.914658326411
471.05801391602	59.244018539444	77.948456234344
471.55700683594	59.661113886659	77.975014699969
472.05599975586	60.079783905253	77.994235955384
472.55499267578	60.499912768123	78.006052474777
473.05398559570	60.921279489987	78.010359466649
473.55300903320	61.343717947817	78.007062013123
474.05200195313	61.767131098018	77.996140559460
474.55099487305	62.191257071399	77.977460736659
475.04998779297	62.615947209189	77.950989330139
475.54901123047	63.041062467017	77.916667590015
476.04800415039	63.466327736617	77.874393902789
476.54699707031	63.891677135890	77.824187604566
477.04598999023	64.316825717320	77.765936941693
477.54501342773	64.741667655304	77.699645177238
478.04400634766	65.165849625958	77.625201651365
478.54299926758	65.589372074226	77.542652902109
479.04199218750	66.011942110656	77.451912794091
479.54098510742	66.433377977513	77.352983973728
480.04000854492	66.853476381344	77.245844030288
480.53900146484	67.272034819819	77.130499368012
481.03799438477	67.688851745307	77.006895963597
481.53698730469	68.103728614683	76.875071967207
482.03601074219	68.516449995811	76.734993598340
482.53500366211	68.926798344888	76.586677543305
483.03399658203	69.334580427037	76.430160604619
483.53298950195	69.739592803299	76.265423208660
484.03201293945	70.141601277460	76.092517631999
484.53100585938	70.540398443547	75.911449226180
485.02999877930	70.935783192234	75.722245221952
485.52899169922	71.327525829214	75.524992775150
486.02801513672	71.715424079802	75.319690496117
486.52700805664	72.099241616332	75.106399943469
487.02600097656	72.478785866230	74.885208257880
487.52499389648	72.853822916983	74.656154202183
488.02398681641	73.224141243011	74.419326681804
488.52301025391	73.589514524911	74.174752195555
489.02200317383	73.949739147770	73.922584807128
489.52099609375	74.304573711114	73.662872730401
490.01998901367	74.653827037365	73.395735622064
490.51901245117	74.997274718602	73.121261759699
491.01800537109	75.334687352845	72.839585540150
491.51699829102	75.665867413041	72.550824050544
492.01599121094	75.990587587998	72.255082787922
492.51501464844	76.308631998727	71.952526790345
493.01400756836	76.619807786133	71.643286624001
493.51300048828	76.923877485669	71.327505469062
494.01199340820	77.220672313779	71.005367285282
494.51098632813	77.509971027377	70.677029859606
495.01000976563	77.791566928542	70.342650589748
495.50900268555	78.065273653976	70.002465334239
496.00799560547	78.330903181601	69.656622154825
496.50698852539	78.588269337392	69.305352019627
497.00601196289	78.837169138996	68.948845439515
497.50500488281	79.077429656046	68.587312502688
498.00399780273	79.308921736961	68.221034808359
498.50299072266	79.531437281292	67.850194959186
499.00201416016	79.744826903341	67.475068063397
499.50100708008	79.948969035963	67.095895398803
500.00000000000	80.143680191674	66.712923763935
