#Parameters = {C=8.1e-15; R=16600; a=1000; ep_eff=6; t=0.1}
#"Frequency / GHz"	"Z1,1 [Real/Imaginary Part] [Re]"	"Z1,1 [Real/Imaginary Part] [Im]"
#-------------------------------------------------------------------------------------
1.0000000000000	0.0041042786564905	-3289.7413891105
1.9989999532700	0.61184932575519	-1645.4837068155
2.9979999065399	0.72516489476644	-1096.9387884193
3.9969999790192	0.76299961548851	-822.52792485792
4.9959998130798	0.77681233889096	-657.80340749488
5.9949998855591	0.78176149501085	-547.93144156348
6.9939999580383	0.78198289688446	-469.40704203141
7.9930000305176	0.77923459904698	-410.47639846099
8.9919996261597	0.77426256957202	-364.60894640177
9.9910001754761	0.76794966228718	-327.88606378554
10.989999771118	0.76057575055066	-297.81397201165
11.989000320435	0.75216113779277	-272.73009842924
12.987999916077	0.74287643113162	-251.48323799780
13.987000465393	0.73287599613919	-233.25123255626
14.986000061035	0.72230568697353	-217.43106126217
15.984999656677	0.71108052743138	-203.57041320694
16.983999252319	0.69937202382855	-191.32341563437
17.982999801636	0.68707520482274	-180.42103810111
18.982000350952	0.67439673619804	-170.65090456982
19.981000900269	0.66129082826992	-161.84303582686
20.979999542236	0.64774388433411	-153.85988164599
21.979000091553	0.63385722229579	-146.58887724325
22.978000640869	0.61960370853124	-139.93702454057
23.976999282837	0.60503305151840	-133.82681632227
24.975999832153	0.59023764347481	-128.19313046746
25.975000381470	0.57511297604756	-122.98093806958
26.974000930786	0.55979693898517	-118.14319896129
27.972999572754	0.54426813558788	-113.63981543118
28.972000122070	0.52854254100960	-109.43599024609
29.971000671387	0.51271408958677	-105.50171676088
30.969999313354	0.49675884721945	-101.81080006502
31.968999862671	0.48073598837824	-98.340326179572
32.967998504639	0.46466757281822	-95.070168015215
33.966999053955	0.44861075083766	-91.982544614636
34.965999603271	0.43256325588493	-89.061775920879
35.965000152588	0.41658714344392	-86.293801659037
36.964000701904	0.40071084589703	-83.666219144743
37.963001251221	0.38495902550331	-81.167851010235
38.962001800537	0.36938743918252	-78.788677804038
39.960998535156	0.35402579002222	-76.519685806781
40.959999084473	0.33888792598924	-74.352790594586
41.958999633789	0.32404055735158	-72.280621346157
42.958000183105	0.30950310934462	-70.296492209167
43.957000732422	0.29530908488670	-68.394424803693
44.956001281738	0.28149204533738	-66.568772182241
45.955001831055	0.26807794524032	-64.814685890297
46.953998565674	0.25510947718793	-63.127442162471
47.952999114990	0.24259624641883	-61.502874769473
48.951999664307	0.23056778515474	-59.937101384247
49.951000213623	0.21905947875278	-58.426609653471
50.950000762939	0.20808232358359	-56.968084961237
51.949001312256	0.19765494262308	-55.558576994129
52.948001861572	0.18780264540477	-54.195230071869
53.946998596191	0.17852737304643	-52.875530378356
54.945999145508	0.16984921001575	-51.597072574851
55.944999694824	0.16176410188685	-50.357651538957
56.944000244141	0.15429528755487	-49.155193468840
57.943000793457	0.14743804363318	-47.987815903785
58.942001342773	0.14118960837833	-46.853719517757
59.941001892090	0.13555045918759	-45.751292914201
60.939998626709	0.13051095666015	-44.678944609834
61.938999176025	0.12607249415307	-43.635229038623
62.937999725342	0.12220788366180	-42.618795489601
63.937000274658	0.11891874252777	-41.628415927692
64.935997009277	0.11618203913350	-40.662859102259
65.934997558594	0.11398199283367	-39.721051095503
66.933998107910	0.11229422259801	-38.801884011240
67.932998657227	0.11109839160832	-37.904390778031
68.931999206543	0.11036881426048	-37.027663507651
69.930999755859	0.11007751661726	-36.170772478515
70.930000305176	0.11020069592146	-35.332931379650
71.929000854492	0.11070004713332	-34.513308775019
72.928001403809	0.11155202924811	-33.711191875575
73.927001953125	0.11272334144412	-32.925851911964
74.926002502441	0.11418055051797	-32.156621076541
75.925003051758	0.11589412133702	-31.402845586395
76.924003601074	0.11782868484197	-30.663925980966
77.922996520996	0.11995191131378	-29.939275797009
78.921997070313	0.12223144101292	-29.228340288456
79.920997619629	0.12463000210966	-28.530563598982
80.919998168945	0.12712659152169	-27.845458211117
81.918998718262	0.12968705594412	-27.172532055577
82.917999267578	0.13228018699857	-26.511307301308
83.916999816895	0.13487712042514	-25.861336840352
84.916000366211	0.13746138334884	-25.222180699183
85.915000915527	0.13999795473102	-24.593440203336
86.914001464844	0.14248021029670	-23.974697888577
87.913002014160	0.14487448825766	-23.365583430810
88.912002563477	0.14717830397867	-22.765706696632
89.911003112793	0.14937004826949	-22.174720315673
90.910003662109	0.15143842743070	-21.592277018872
91.908996582031	0.15337020590965	-21.018040560829
92.907997131348	0.15516851242142	-20.451708188106
93.906997680664	0.15682336802946	-19.892933242229
94.905998229980	0.15834803689188	-19.341448714438
95.904998779297	0.15972777837710	-18.796962224020
96.903999328613	0.16098230366080	-18.259184800136
97.902999877930	0.16211794794763	-17.727859464607
98.902000427246	0.16313331889051	-17.202729324644
99.901000976563	0.16405359183548	-16.683549422399
100.90000152588	0.16489521620510	-16.170074838281
101.89900207520	0.16567011607750	-15.662080240229
102.89800262451	0.16640636090685	-15.159350562479
103.89700317383	0.16711260320819	-14.661673624744
104.89600372314	0.16782285674970	-14.168855435962
105.89499664307	0.16855926720779	-13.680685538945
106.89399719238	0.16934709886428	-13.197006465566
107.89299774170	0.17020814809005	-12.717614222352
108.89199829102	0.17117949559980	-12.242369989172
109.89099884033	0.17227710735526	-11.771080897827
110.88999938965	0.17353596234498	-11.303621824012
111.88899993896	0.17497714443574	-10.839837095157
112.88800048828	0.17662979660244	-10.379587747846
113.88700103760	0.17852472299033	-9.9227354062713
114.88600158691	0.18068184793574	-9.4691562977724
115.88500213623	0.18312455831617	-9.0187375290926
116.88400268555	0.18587550981431	-8.5713575781298
117.88300323486	0.18895811562310	-8.1269034236583
118.88200378418	0.19239451349950	-7.6852782732084
119.88099670410	0.19619410601930	-7.2463792264922
120.87999725342	0.20038228342757	-6.8101072637149
121.87899780273	0.20496590733996	-6.3763647527121
122.87799835205	0.20996326193259	-5.9450828842902
123.87699890137	0.21537860029754	-5.5161550244399
124.87599945068	0.22122388065414	-5.0894980155216
125.87500000000	0.22749933876690	-4.6650403222182
126.87400054932	0.23421633561313	-4.2427020509129
127.87300109863	0.24137145659308	-3.8223967771188
128.87199401855	0.24896507735504	-3.4040597971494
129.87100219727	0.25699529148621	-2.9876094634079
130.86999511719	0.26545844464536	-2.5729710039606
131.86900329590	0.27435390309994	-2.1600780977762
132.86799621582	0.28367011300382	-1.7488405570066
133.86700439453	0.29340065619194	-1.3392008759324
134.86599731445	0.30353364203880	-0.93107780055131
135.86500549316	0.31406426136007	-0.52438608683401
136.86399841309	0.32497899020915	-0.11907115776052
137.86300659180	0.33626768452828	0.28495621539192
138.86199951172	0.34792054997355	0.68776639146645
139.86099243164	0.35992515425017	1.0894406377822
140.86000061035	0.37227328176458	1.4900653708084
141.85899353027	0.38495260042967	1.8897146283554
142.85800170898	0.39795053644855	2.2884663133745
143.85699462891	0.41126113054755	2.6864051854507
144.85600280762	0.42487940377993	3.0836266712324
145.85499572754	0.43879535290076	3.4801959881508
146.85400390625	0.45300541051613	3.8762078108999
147.85299682617	0.46750507713188	4.2717618202792
148.85200500488	0.48229175432375	4.6669284115767
149.85099792480	0.49737204845849	5.0618087176300
150.85000610352	0.51273951328718	5.4564754725574
151.84899902344	0.52840108652507	5.8510366209327
152.84800720215	0.54436673639691	6.2455787357664
153.84700012207	0.56064015284018	6.6401903316248
154.84599304199	0.57723358309992	7.0349654081125
155.84500122070	0.59416073432303	7.4299835665316
156.84399414063	0.61143811918658	7.8253560409905
157.84300231934	0.62908001261801	8.2211503577519
158.84199523926	0.64710341147763	8.6174802597710
159.84100341797	0.66553931337351	9.0144255017147
160.83999633789	0.68440235370324	9.4120748918838
161.83900451660	0.70371889812053	9.8105129238473
162.83799743652	0.72351971685391	10.209851964845
163.83700561523	0.74383467244901	10.610153014641
164.83599853516	0.76468655330863	11.011520883260
165.83500671387	0.78611230717061	11.414037524391
166.83399963379	0.80814657317513	11.817800585309
167.83299255371	0.83082242763770	12.222880621204
168.83200073242	0.85417274094464	12.629370939602
169.83099365234	0.87823916344894	13.037361990298
170.83000183105	0.90305568397922	13.446935174767
171.82899475098	0.92866017751132	13.858182899235
172.82800292969	0.95508947500912	14.271171317191
173.82699584961	0.98239232619915	14.686013768402
174.82600402832	1.0105990674181	15.102784733133
175.82499694824	1.0397580040512	15.521570694357
176.82400512695	1.0699063475358	15.942468405310
177.82299804688	1.1010821060055	16.365557562535
178.82200622559	1.1333434246998	16.790928493654
179.82099914551	1.1667147470754	17.218680094631
180.82000732422	1.2012585277007	17.648914805104
181.81900024414	1.2370097068759	18.081703602911
182.81799316406	1.2740131572875	18.517170115085
183.81700134277	1.3123273564061	18.955405134795
184.81599426270	1.3519844699624	19.396509920130
185.81500244141	1.3930516866496	19.840595266513
186.81399536133	1.4355751264957	20.287781113858
187.81300354004	1.4796068020927	20.738171286339
188.81199645996	1.5252011373497	21.191871577413
189.81100463867	1.5724306769837	21.649021639588
190.80999755859	1.6213395108503	22.109736574386
191.80900573730	1.6720107836913	22.574153237047
192.80799865723	1.7244977932815	23.042385523436
193.80700683594	1.7788825925791	23.514595964448
194.80599975586	1.8352364584821	23.990901463247
195.80499267578	1.8936467548312	24.471472967879
196.80400085449	1.9541991640589	24.956444187212
197.80299377441	2.0169818229627	25.445992309985
198.80200195313	2.0820977389237	25.940252714206
199.80099487305	2.1496387451778	26.439400612861
200.80000305176	2.2197320628413	26.943629195330
201.79899597168	2.2924782340290	27.453068744434
202.79800415039	2.3680140110199	27.967941251024
203.79699707031	2.4464698913558	28.488414931388
204.79600524902	2.5279823165808	29.014681725724
205.79499816895	2.6126941833254	29.546939868262
206.79400634766	2.7007760505434	30.085394703305
207.79299926758	2.7923958886402	30.630258298569
208.79200744629	2.8877247512471	31.181726623650
209.79100036621	2.9869469940315	31.740017560615
210.78999328613	3.0902750579414	32.305371154675
211.78900146484	3.1979143906610	32.878016709102
212.78799438477	3.3100856836125	33.458170991975
213.78700256348	3.4270312580883	34.046074008165
214.78599548340	3.5489987977208	34.641989160787
215.78500366211	3.6762461198089	35.246148179490
216.78399658203	3.8090664668913	35.858832568502
217.78300476074	3.9477369619332	36.480277552822
218.78199768066	4.0925815266519	37.110779068068
219.78100585938	4.2439321508115	37.750603125259
220.77999877930	4.4021262357148	38.400020347656
221.77900695801	4.5675388085541	39.059347266360
222.77799987793	4.7405573690537	39.728880716805
223.77699279785	4.9215937648058	40.408904597338
224.77600097656	5.1110790705447	41.099738457151
225.77499389648	5.3094786973776	41.801709606903
226.77400207520	5.5172867045377	42.515155046801
227.77299499512	5.7350128852292	43.240397746538
228.77200317383	5.9632012116999	43.977782709560
229.77099609375	6.2024531124486	44.727675059206
230.77000427246	6.4533652099391	45.490436563185
231.76899719238	6.7166213112861	46.266425696066
232.76800537109	6.9929035055227	47.056026823866
233.76699829102	7.2829668309796	47.859624897291
234.76600646973	7.5876092841464	48.677611097211
235.76499938965	7.9076651769785	49.510384369225
236.76400756836	8.2440615791247	50.358352491332
237.76300048828	8.5977537661396	51.221906254804
238.76199340820	8.9697847038925	52.101483033494
239.76100158691	9.3612561895614	52.997470500049
240.75999450684	9.7733622446539	53.910301019348
241.75900268555	10.207365168437	54.840351635144
242.75799560547	10.664631320398	55.788026682943
243.75700378418	11.146623646068	56.753729046379
244.75599670410	11.654898230337	57.737820171538
245.75500488281	12.191144676194	58.740636876255
246.75399780273	12.757162660218	59.762495093685
247.75300598145	13.354899033473	60.803721858561
248.75199890137	13.986425593504	61.864511767799
249.75100708008	14.653964680476	62.945033274534
250.75000000000	15.359935181876	64.045456353071
251.74899291992	16.106893408257	65.165786322254
252.74800109863	16.897597397433	66.305958988974
253.74699401855	17.735010818351	67.465817090024
254.74600219727	18.622300458284	68.645012136293
255.74499511719	19.562849465781	69.843109510768
256.74398803711	20.560293181039	71.059452296134
257.74301147461	21.618486854102	72.293082316449
258.74200439453	22.741562123672	73.542960232854
259.74099731445	23.933897997797	74.807573246887
260.73999023438	25.200157766100	76.085145733966
261.73901367188	26.545261590218	77.373549109861
262.73800659180	27.974408183289	78.670105364568
263.73699951172	29.493039254408	79.971663099856
264.73599243164	31.106855902495	81.274482991316
265.73498535156	32.821799807191	82.574129359874
266.73400878906	34.643973095190	83.865449138621
267.73300170898	36.579630218783	85.142392425586
268.73199462891	38.635134667615	86.397941639579
269.73098754883	40.816788679292	87.624064606800
270.73001098633	43.130852375210	88.811535321026
271.72900390625	45.583300670521	89.949840312900
272.72799682617	48.179711494003	91.027056030020
273.72698974609	50.925074083381	92.029843136477
274.72601318359	53.823547188154	92.943219339683
275.72500610352	56.878166576484	93.750586770125
276.72399902344	60.090559289080	94.433723892919
277.72299194336	63.460522813480	94.972729843718
278.72198486328	66.985744830362	95.346256189574
279.72100830078	70.661233907252	95.531463284303
280.72000122070	74.478962088060	95.504422650883
281.71899414063	78.427381747567	95.240461889688
282.71798706055	82.491037293013	94.714666045131
283.71701049805	86.650141490579	93.902360741508
284.71600341797	90.880299613448	92.780123826078
285.71499633789	95.152404877595	91.326445341763
286.71398925781	99.432648989006	89.522803291295
287.71301269531	103.68273688506	87.354746542082
288.71200561523	107.86046497894	84.812940682000
289.71099853516	111.92045218814	81.894158675765
290.70999145508	115.81523412680	78.602256364570
291.70901489258	119.49659244579	74.948679343250
292.70800781250	122.91713739188	70.953058422886
293.70700073242	126.03185251332	66.642953205783
294.70599365234	128.79991871217	62.053629208220
295.70498657227	131.18616006432	57.227093777315
296.70401000977	133.16254904457	52.211028979052
297.70300292969	134.70911453535	47.057077533505
298.70199584961	135.81469411307	41.819254551849
299.70098876953	136.47702702379	36.551985988402
300.70001220703	136.70259421319	31.308413122718
301.69900512695	136.50589971856	26.138708227469
302.69799804688	135.90851867407	21.088699890038
303.69699096680	134.93781061601	16.198801752661
304.69601440430	133.62553067132	11.503310071700
305.69500732422	132.00654693204	7.0300849807020
306.69400024414	130.11737403046	2.8004890370972
307.69299316406	127.99500991560	-1.1703576932157
308.69198608398	125.67586396899	-4.8731194201178
309.69100952148	123.19491126211	-8.3036424090614
310.69000244141	120.58505716656	-11.462256910339
311.68899536133	117.87667499682	-14.353056958124
312.68798828125	115.09730312438	-16.983171423251
313.68701171875	112.27159318124	-19.362110599796
314.68600463867	109.42118240032	-21.501096959649
315.68499755859	106.56488329593	-23.412588836127
316.68399047852	103.71877590080	-25.109760596987
317.68301391602	100.89645136947	-26.606147446273
318.68200683594	98.109166409264	-27.915307153757
319.68099975586	95.366173754309	-29.050613371195
320.67999267578	92.674867038360	-30.025039690550
321.67898559570	90.041068516178	-30.851042742093
322.67800903320	87.469226292797	-31.540443745410
323.67700195313	84.962587825347	-32.104396903761
324.67599487305	82.523449792252	-32.553367874784
325.67498779297	80.153217647561	-32.897088416540
326.67401123047	77.852647540677	-33.144598965883
327.67300415039	75.621897044797	-33.304244682623
328.67199707031	73.460660741547	-33.383743621718
329.67098999023	71.368295472661	-33.390164899062
330.67001342773	69.343816508354	-33.330013697758
331.66900634766	67.386019766203	-33.209241623625
332.66799926758	65.493551413778	-33.033314141263
333.66699218750	63.664918226342	-32.807225447007
334.66598510742	61.898496903434	-32.535545584223
335.66500854492	60.192667799280	-32.222459870255
336.66400146484	58.545753119894	-31.871793498272
337.66299438477	56.955998711169	-31.487057463748
338.66198730469	55.421737860462	-31.071468020579
339.66101074219	53.941215783648	-30.627970454129
340.66000366211	52.512811915423	-30.159270342386
341.65899658203	51.134823727969	-29.667846144852
342.65798950195	49.805652871609	-29.155993834912
343.65701293945	48.523661504896	-28.625795609620
344.65600585938	47.287368439549	-28.079214544936
345.65499877930	46.095176225559	-27.517999009155
346.65399169922	44.945651762880	-26.943817624670
347.65301513672	43.837355091916	-26.358179210834
348.65200805664	42.768869055489	-25.762480454964
349.65100097656	41.738825897075	-25.158009601817
350.64999389648	40.745930797900	-24.545968390992
351.64898681641	39.788871926761	-23.927447843106
352.64801025391	38.866411539825	-23.303473106890
353.64700317383	37.977326127110	-22.674958869159
354.64599609375	37.120439026031	-22.042778497938
355.64498901367	36.294614129399	-21.407720924343
356.64401245117	35.498721505160	-20.770512814981
357.64300537109	34.731700621318	-20.131829016901
358.64199829102	33.992484860389	-19.492268805409
359.64099121094	33.280068976470	-18.852390194424
360.64001464844	32.593459640934	-18.212704177096
361.63900756836	31.931710335820	-17.573672058638
362.63800048828	31.293880768727	-16.935708364656
363.63699340820	30.679087380914	-16.299190230265
364.63598632813	30.086445785527	-15.664444289627
365.63500976563	29.515121188015	-15.031779673545
366.63400268555	28.964295870110	-14.401448309904
367.63299560547	28.433190483794	-13.773695375272
368.63198852539	27.921025184641	-13.148702322604
369.63101196289	27.427083693432	-12.526657793906
370.63000488281	26.950651395421	-11.907695018960
371.62899780273	26.491045254669	-11.291939671972
372.62799072266	26.047604569837	-10.679476760774
373.62701416016	25.619696363083	-10.070381169685
374.62600708008	25.206715824553	-9.4647019471256
375.62500000000	24.808082706193	-8.8624722673708
376.62399291992	24.423228575472	-8.2637096743784
377.62298583984	24.051627668514	-7.6683975715528
378.62200927734	23.692759072915	-7.0765324785052
379.62100219727	23.346136026189	-6.4880703331230
380.61999511719	23.011290707540	-5.9029659504088
381.61898803711	22.687781827367	-5.3211609247333
382.61801147461	22.375187902642	-4.7425836219928
383.61700439453	22.073103424870	-4.1671674437067
384.61599731445	21.781151855135	-3.5948105815736
385.61499023438	21.498974316105	-3.0254264510447
386.61401367188	21.226229680149	-2.4589230495308
387.61300659180	20.962599060871	-1.8951783754491
388.61199951172	20.707783280863	-1.3340955719590
389.61099243164	20.461500165503	-0.77556220602542
390.60998535156	20.223485293474	-0.21946162314294
391.60900878906	19.993493680805	0.33432200946939
392.60800170898	19.771292930314	0.88590901002900
393.60699462891	19.556668574457	1.4354082799797
394.60598754883	19.349424746110	1.9829318772349
395.60501098633	19.149368444983	2.5286002983949
396.60400390625	18.956336931979	3.0725265177523
397.60299682617	18.770162978879	3.6148058163619
398.60198974609	18.590704397698	4.1555507542328
399.60101318359	18.417822924243	4.6948547925932
400.60000610352	18.251392534105	5.2328286300949
401.59899902344	18.091290550329	5.7695421836320
402.59799194336	17.937411333588	6.3051032112680
403.59698486328	17.789650519506	6.8395719396518
404.59600830078	17.647913157217	7.3730428690128
405.59500122070	17.512105777657	7.9055753129811
406.59399414063	17.382143724999	8.4372357069056
407.59298706055	17.257941206770	8.9680940445987
408.59201049805	17.139422513208	9.4982069275898
409.59100341797	17.026507860883	10.027619408542
410.58999633789	16.919116443565	10.556387519342
411.58898925781	16.817170247476	11.084541299721
412.58801269531	16.720597016600	11.612141239176
413.58700561523	16.629317059347	12.139216078508
414.58599853516	16.543246539895	12.665806667866
415.58499145508	16.462306682873	13.191942458252
416.58401489258	16.386416498077	13.717669015991
417.58300781250	16.315477875284	14.243012588151
418.58200073242	16.249415665080	14.768026645087
419.58099365234	16.188121447424	15.292724065328
420.57998657227	16.131508761275	15.817173076597
421.57901000977	16.079469533298	16.341400321154
422.57800292969	16.031904638040	16.865460517101
423.57699584961	15.988702676012	17.389418539157
424.57598876953	15.949753924819	17.913318672318
425.57501220703	15.914944510999	18.437248719332
426.57400512695	15.884167466343	18.961273517089
427.57299804688	15.857293559504	19.485484045691
428.57199096680	15.834209245738	20.009982824620
429.57101440430	15.814797231877	20.534859038308
430.57000732422	15.798946592694	21.060247547868
431.56900024414	15.786528751038	21.586265956183
432.56799316406	15.777445000555	22.113081423709
433.56698608398	15.771574150017	22.640810256925
434.56600952148	15.768816232918	23.169647005861
435.56500244141	15.769079768660	23.699771588546
436.56399536133	15.772268894971	24.231372899029
437.56298828125	15.778305112073	24.764647647723
438.56201171875	15.787110126891	25.299823033304
439.56100463867	15.798634578738	25.837144269012
440.55999755859	15.812824493779	26.376825468237
441.55899047852	15.829642447127	26.919156388815
442.55801391602	15.849074121704	27.464371272955
443.55700683594	15.871114886068	28.012758028258
444.55599975586	15.895780084104	28.564612554806
445.55499267578	15.923100044988	29.120216563155
446.55398559570	15.953121487927	29.679847397612
447.55300903320	15.985907960873	30.243821631664
448.55200195313	16.021555043115	30.812453983711
449.55099487305	16.060171801175	31.386044708888
450.54998779297	16.101874990624	31.964895876028
451.54901123047	16.146814044492	32.549327366935
452.54800415039	16.195162757428	33.139634887632
453.54699707031	16.247107967943	33.736126043000
454.54598999023	16.302839779202	34.339089401715
455.54501342773	16.362593721717	34.948833625120
456.54400634766	16.426613116081	35.565625975330
457.54299926758	16.495147523685	36.189750344527
458.54199218750	16.568473769841	36.821469414188
459.54098510742	16.646879870487	37.461031954501
460.54000854492	16.730664624092	38.108694294908
461.53900146484	16.820143488412	38.764678315641
462.53799438477	16.915645981877	39.429216155317
463.53698730469	17.017490657603	40.102493740441
464.53601074219	17.126025961802	40.784725520784
465.53500366211	17.241582894183	41.476060859459
466.53399658203	17.364521716821	42.176698896788
467.53298950195	17.495190400650	42.886787148635
468.53201293945	17.633927735322	43.606452089111
469.53100585938	17.781085069921	44.335841968714
470.52999877930	17.936986748161	45.075064779470
471.52899169922	18.101983166158	45.824256356122
472.52801513672	18.276388388741	46.583501418583
473.52700805664	18.460520941638	47.352932176643
474.52600097656	18.654666419105	48.132623984227
475.52499389648	18.859121124538	48.922697731377
476.52398681641	19.074150899037	49.723276584270
477.52301025391	19.300001812982	50.534455005041
478.52200317383	19.536912811277	51.356383489057
479.52099609375	19.785084820982	52.189217094129
480.51998901367	20.044711472881	53.033119424222
481.51901245117	20.315960210985	53.888309456183
482.51800537109	20.598993990584	54.755003537867
483.51699829102	20.893925437607	55.633518497315
484.51599121094	21.200873080743	56.524155642575
485.51501464844	21.519922549832	57.427300702780
486.51400756836	21.851181471072	58.343434428222
487.51300048828	22.194700175891	59.273056277402
488.51199340820	22.550551225789	60.216768064556
489.51098632813	22.918817624222	61.175268889466
490.51000976563	23.299564294499	62.149349883179
491.50900268555	23.692889647960	63.139904846974
492.50799560547	24.098908402794	64.147947586098
493.50698852539	24.517771294640	65.174615748940
494.50601196289	24.949682566854	66.221182709196
495.50500488281	25.394889941180	67.289079521069
496.50399780273	25.853713847624	68.379832925700
497.50299072266	26.326565829388	69.495199300870
498.50201416016	26.813947859139	70.637075139330
499.50100708008	27.316502109586	71.807537757517
500.50000000000	27.834972368785	73.008818068861
501.49899291992	28.370300929077	74.243380266967
502.49798583984	28.923574977348	75.513939460805
503.49700927734	29.496083480768	76.823308975759
504.49600219727	30.089381136367	78.174653142541
505.49499511719	30.705224351903	79.571246510239
506.49398803711	31.345689365119	81.016722790922
507.49301147461	32.013176030138	82.514896368156
508.49200439453	32.710403348189	84.069916099580
509.49099731445	33.440547440771	85.686181075561
510.48999023438	34.207176445651	87.368422489811
511.48901367188	35.014390599898	89.121719594118
512.48797607422	35.866873773539	90.951422120526
513.48699951172	36.769920895216	92.863373916456
514.48602294922	37.729552119671	94.863727357445
515.48498535156	38.752628512423	96.959126639458
516.48400878906	39.846952449251	99.156664904742
517.48297119141	41.021416669144	101.46391420320
518.48199462891	42.286139908798	103.88902910281
519.48101806641	43.652684358100	106.44067615818
520.47998046875	45.134335901823	109.12812927501
521.47900390625	46.746260208231	111.96134236966
522.47802734375	48.505959999361	114.95089837189
523.47698974609	50.433667456626	118.10792608563
524.47601318359	52.552715555355	121.44430883231
525.47497558594	54.890275431537	124.97242737452
526.47399902344	57.478018280919	128.70504122795
527.47302246094	60.352988267557	132.65518403888
528.47198486328	63.558536033304	136.83590783887
529.47100830078	67.145894398962	141.25957116784
530.46997070313	71.175459634022	145.93730664792
531.46899414063	75.718814328935	150.87761435145
532.46801757813	80.860913113104	156.08529719109
533.46697998047	86.702890931862	161.55855175443
534.46600341797	93.365077828491	167.28570998467
535.46502685547	100.99060949593	173.24060142482
536.46398925781	109.74919651359	179.37497044805
537.46301269531	119.84094027979	185.60881774176
538.46197509766	131.49881157979	191.81601368777
539.46099853516	144.98934093006	197.80442497757
540.46002197266	160.60753290578	203.28921069412
541.45898437500	178.66236073888	207.85751494548
542.45800781250	199.44455626872	210.92545152840
543.45697021484	223.16633783672	211.69178320716
544.45599365234	249.85894971052	209.10002335936
545.45501708984	279.21633728006	201.83951585961
546.45397949219	310.38886505134	188.42987307473
547.45300292969	341.76989098177	167.45599101494
548.45202636719	370.89059973818	137.99621918576
549.45098876953	394.59612460516	100.18929246941
550.45001220703	409.65068767582	55.714170502817
551.44897460938	413.68295267405	7.8154164797305
552.44799804688	406.04726256911	-39.355043437615
553.44702148438	388.07687365411	-81.864692009282
554.44598388672	362.55139335630	-117.00445798069
555.44500732422	332.74523309519	-143.68467461773
556.44396972656	301.58259455526	-162.19825795736
557.44299316406	271.20551708342	-173.67711148608
558.44201660156	242.92289023616	-179.56729666356
559.44097900391	217.37023572451	-181.27892229650
560.44000244141	194.72440361666	-180.01577538604
561.43902587891	174.89000854439	-176.72759323202
562.43798828125	157.63272288195	-172.12587676392
563.43701171875	142.66370679168	-166.72588619392
564.43597412109	129.68774629427	-160.89051440440
565.43499755859	118.42803456254	-154.87020504134
566.43402099609	108.63695233183	-148.83368301244
567.43298339844	100.09895870466	-142.89203574961
568.43200683594	92.629407882849	-137.11591836309
569.43103027344	86.071695335605	-131.54782671402
570.42999267578	80.293651597378	-126.21124403970
571.42901611328	75.184020696050	-121.11634752699
572.42797851563	70.649218128659	-116.26476448225
573.42700195313	66.610359119661	-111.65242266219
574.42602539063	63.000965869715	-107.27154386393
575.42498779297	59.764780104190	-103.11226390757
576.42401123047	56.854047765136	-99.163490134930
577.42297363281	54.228242705096	-95.413665258594
578.42199707031	51.852707354488	-91.851081140487
579.42102050781	49.697782316689	-88.464321549625
580.41998291016	47.738013344956	-85.242324764609
581.41900634766	45.951402280543	-82.174597423023
582.41802978516	44.318997819323	-79.251169350565
583.41699218750	42.824304188996	-76.462748703328
584.41601562500	41.452992305630	-73.800577548749
585.41497802734	40.192549801308	-71.256523520362
586.41400146484	39.032022569013	-68.823011057581
587.41302490234	37.961757078539	-66.493045628066
588.41198730469	36.973325120346	-64.260090545901
589.41101074219	36.059183405130	-62.118087803767
590.40997314453	35.212770614673	-60.061480225677
591.40899658203	34.428195780167	-58.085040112771
592.40802001953	33.700230436344	-56.184027592143
593.40698242188	33.024184818022	-54.353919292615
594.40600585938	32.395923440032	-52.590647482216
595.40502929688	31.811711882680	-50.890358156514
596.40399169922	31.268198304311	-49.249505097055
597.40301513672	30.762391478142	-47.664822051075
598.40197753906	30.291537464318	-46.133228245553
599.40100097656	29.853207413939	-44.651868861307
600.40002441406	29.445199987811	-43.218133390794
601.39898681641	29.065477509642	-41.829539935523
602.39801025391	28.712247803511	-40.483825794565
603.39697265625	28.383824901463	-39.178842915874
604.39599609375	28.078721619646	-37.912637959842
605.39501953125	27.795543975195	-36.683339522583
606.39398193359	27.533034634485	-35.489246086896
607.39300537109	27.290017086796	-34.328714731138
608.39202880859	27.065444576167	-33.200282640838
609.39099121094	26.858342812147	-32.102543340897
610.39001464844	26.667793345051	-31.034187651312
611.38897705078	26.492966502708	-29.993993061371
612.38800048828	26.333085405528	-28.980814080649
613.38702392578	26.187439388105	-27.993616472973
614.38598632813	26.055339907112	-27.031346264033
615.38500976563	25.936176714052	-26.093121785299
616.38397216797	25.829352795787	-25.178045611616
617.38299560547	25.734319331687	-24.285305410676
618.38201904297	25.650550794344	-23.414118189728
619.38098144531	25.577561058179	-22.563789792875
620.38000488281	25.514873451339	-21.733605534384
621.37902832031	25.462051874827	-20.922966185410
622.37799072266	25.418663489202	-20.131235638498
623.37701416016	25.384301785099	-19.357877335472
624.37597656250	25.358581987274	-18.602336859206
625.37500000000	25.341118237093	-17.864108024063
626.37402343750	25.331545977802	-17.142717758452
627.37298583984	25.329522111994	-16.437695691573
628.37200927734	25.334697597819	-15.748614264202
629.37097167969	25.346744415041	-15.075053652375
630.36999511719	25.365330517904	-14.416595428929
631.36901855469	25.390153717070	-13.772876225040
632.36798095703	25.420901971708	-13.143504743007
633.36700439453	25.457273703816	-12.528121834931
634.36602783203	25.498982554286	-11.926370973395
635.36499023438	25.545750386068	-11.337904805451
636.36401367188	25.597298551658	-10.762383188752
637.36297607422	25.653364568073	-10.199485145985
638.36199951172	25.713697573121	-9.6488676672252
639.36102294922	25.778046049703	-9.1102096753826
640.35998535156	25.846176474585	-8.5831943989497
641.35900878906	25.917865932449	-8.0674982519015
642.35797119141	25.992902329785	-7.5628103343990
643.35699462891	26.071085227644	-7.0688114866846
644.35601806641	26.152224474046	-6.5851986473838
645.35498046875	26.236146212027	-6.1116551586575
646.35400390625	26.322692599521	-5.6478852116297
647.35302734375	26.411719283790	-5.1935822373458
648.35198974609	26.503091057300	-4.7484516873731
649.35101318359	26.596692437099	-4.3121961800656
650.34997558594	26.692428230235	-3.8845387214048
651.34899902344	26.790211570893	-3.4651890876647
652.34802246094	26.889974581053	-3.0538764951995
653.34698486328	26.991666476416	-2.6503415971991
654.34600830078	27.095247264385	-2.2543353426800
655.34497070313	27.200698282664	-1.8655993895113
656.34399414063	27.308007532472	-1.4839196798645
657.34301757813	27.417179189055	-1.1090681535054
658.34197998047	27.528234285211	-0.74084468810862
659.34100341797	27.641198301848	-0.37906013247833
660.34002685547	27.756114590889	-0.023536477315234
661.33898925781	27.873029296308	0.32587264221297
662.33801269531	27.991999798191	0.66931113915534
663.33697509766	28.113088564559	1.0068959561839
664.33599853516	28.236362067584	1.3387374719480
665.33502197266	28.361887163007	1.6649075267967
666.33398437500	28.489740129133	1.9854764043860
667.33300781250	28.619987834908	2.3004932959138
668.33197021484	28.752699647307	2.6099852151240
669.33099365234	28.887940394767	2.9139638422705
670.33001708984	29.025767455572	3.2124209567776
671.32897949219	29.166234657628	3.5053324380553
672.32800292969	29.309383001085	3.7926605579056
673.32702636719	29.455247850767	4.0743581329156
674.32598876953	29.603848744671	4.3503573780347
675.32501220703	29.755194328498	4.6205775406284
676.32397460938	29.909281745129	4.8849368664978
677.32299804688	30.066091677008	5.1433421379812
678.32202148438	30.225592521733	5.3956911570416
679.32098388672	30.387729835054	5.6418758589727
680.32000732422	30.552442989598	5.8817843360734
681.31896972656	30.719640852211	6.1153090987403
682.31799316406	30.889237422475	6.3423465492507
683.31701660156	31.061113516215	6.5627859276486
684.31597900391	31.235138506554	6.7765235821350
685.31500244141	31.411176645430	6.9834635602716
686.31402587891	31.589064817953	7.1835204311873
687.31298828125	31.768637614511	7.3766216782707
688.31201171875	31.949713509478	7.5626865608931
689.31097412109	32.132109602099	7.7416718910687
690.30999755859	32.315621592324	7.9135334680300
691.30902099609	32.500050764241	8.0782405749226
692.30798339844	32.685187409083	8.2357810461722
693.30700683594	32.870825602472	8.3861599714022
694.30603027344	33.056756669559	8.5293914409055
695.30499267578	33.242768158734	8.6655043818557
696.30401611328	33.428657578477	8.7945543610324
697.30297851563	33.614229943508	8.9165973076847
698.30200195313	33.799289205761	9.0317070155715
699.30102539063	33.983655478748	9.1399677161676
700.29998779297	34.167154367360	9.2414717567129
701.29901123047	34.349628719410	9.3363286985064
702.29797363281	34.530931297428	9.4246477044521
703.29699707031	34.710929758512	9.5065432071741
704.29602050781	34.889498157021	9.5821365053702
705.29498291016	35.066537084786	9.6515437488706
706.29400634766	35.241957310375	9.7148877809302
707.29302978516	35.415670847878	9.7722757903020
708.29199218750	35.587625075190	9.8238249824093
709.29101562500	35.757759784762	9.8696264005394
710.28997802734	35.926039785611	9.9097770742255
711.28900146484	36.092425156516	9.9443580556476
712.28802490234	36.256900273386	9.9734338639775
713.28698730469	36.419434819232	9.9970532422257
714.28601074219	36.580017884120	10.015261454048
715.28497314453	36.738633834096	10.028075712105
716.28399658203	36.895258727503	10.035504845257
717.28302001953	37.049876124785	10.037536382204
718.28198242188	37.202449577658	10.034148545418
719.28100585938	37.352945021781	10.025298854608
720.28002929688	37.501306592179	10.010935968271
721.27899169922	37.647464235459	9.9909907820352
722.27801513672	37.791340133098	9.9653885489621
723.27697753906	37.932822339574	9.9340405162750
724.27600097656	38.071795506978	9.8968619385435
725.27502441406	38.208105728983	9.8537547192941
726.27398681641	38.341593115417	9.8046289751817
727.27301025391	38.472052497372	9.7493952286706
728.27197265625	38.599270025363	9.6879586692310
729.27099609375	38.723004320201	9.6202523521914
730.27001953125	38.842979636148	9.5462079813509
731.26898193359	38.958912086885	9.4657835766162
732.26800537109	39.070485464358	9.3789503972978
733.26702880859	39.177363918658	9.2857092788033
734.26599121094	39.279194554522	9.1860723307097
735.26501464844	39.375609813132	9.0801014413579
736.26397705078	39.466235341752	8.9678749903017
737.26300048828	39.550670541567	8.8495058626264
738.26202392578	39.628528885537	8.7251513240822
739.26098632813	39.699406058630	8.5949939465803
740.26000976563	39.762912459663	8.4592641898809
741.25897216797	39.818661105127	8.3182243682034
742.25799560547	39.866270082582	8.1721757185404
743.25701904297	39.905377396961	8.0214558188880
744.25598144531	39.935647182780	7.8664426716479
745.25500488281	39.956751670980	7.7075352134550
746.25402832031	39.968407617833	7.5451809088122
747.25299072266	39.970357002135	7.3798481953752
748.25201416016	39.962364963194	7.2120254852940
749.25097656250	39.944249157125	7.0422306047375
750.25000000000	39.915862106110	6.8709981051011
751.24902343750	39.877093900037	6.6988718622194
752.24798583984	39.827878401201	6.5264091457513
753.24700927734	39.768197205680	6.3541695261771
754.24597167969	39.698068214728	6.1827150642184
755.24499511719	39.617560013319	6.0125990537211
756.24401855469	39.526770267432	5.8443662851372
757.24298095703	39.425847450016	5.6785556916918
758.24200439453	39.314978542662	5.5156827355022
759.24102783203	39.194378340648	5.3562412079723
760.23999023438	39.064301734209	5.2007038100320
761.23901367188	38.925030801205	5.0495215280983
762.23797607422	38.776867495411	4.9031061989975
763.23699951172	38.620149220370	4.7618566147896
764.23602294922	38.455217987350	4.6261170160853
765.23498535156	38.282446421392	4.4962220093217
766.23400878906	38.102203421172	4.3724624366900
767.23297119141	37.914878314549	4.2550925965506
768.23199462891	37.720859040613	4.1443480425330
769.23101806641	37.520538217219	4.0404192895161
770.22998046875	37.314307115365	3.9434789340582
771.22900390625	37.102546501818	3.8536597994499
772.22802734375	36.885645878887	3.7710855649442
773.22698974609	36.663971701825	3.6958363737851
774.22601318359	36.437887832796	3.6279820139984
775.22497558594	36.207749222456	3.5675708385788
776.22399902344	35.973894717355	3.5146317669022
777.22302246094	35.736651710829	3.4691697998849
778.22198486328	35.496336262470	3.4311895120229
779.22100830078	35.253251752090	3.4006833653644
780.21997070313	35.007686200283	3.3776241017182
781.21899414063	34.759917560652	3.3619806210691
782.21801757813	34.510213489718	3.3537205840329
783.21697998047	34.258828036786	3.3527985892578
784.21600341797	34.006006055044	3.3591691422715
785.21502685547	33.751984089218	3.3727889207142
786.21398925781	33.496995486911	3.3936052088033
787.21301269531	33.241254451515	3.4215596572751
788.21197509766	32.984982048668	3.4566030103069
789.21099853516	32.728389114632	3.4986856452967
790.21002197266	32.471683730635	3.5477432700463
791.20898437500	32.215071069298	3.6037225673129
792.20800781250	31.958750466882	3.6665558388561
793.20697021484	31.702926968577	3.7361903971467
794.20599365234	31.447799564576	3.8125499898266
795.20501708984	31.193567654761	3.8955748429955
796.20397949219	30.940430344249	3.9851859557494
797.20300292969	30.688585966715	4.0813022395713
798.20202636719	30.438234690954	4.1838442650964
799.20098876953	30.189568017259	4.2927147947697
800.20001220703	29.942786011864	4.4078140504699
801.19897460938	29.698082053654	4.5290389715080
802.19799804688	29.455649434481	4.6562711679581
803.19702148438	29.215671628566	4.7893837600237
804.19598388672	28.978338224707	4.9282476431006
805.19500732422	28.743823893811	5.0727149434143
806.19396972656	28.512308020874	5.2226343252076
807.19299316406	28.283955383754	5.3778461655164
808.19201660156	28.058923193665	5.5381791689857
809.19097900391	27.837362722369	5.7034459754631
810.19000244141	27.619413683206	5.8734633465702
811.18902587891	27.405207111967	6.0480383400536
812.18798828125	27.194859823064	6.2269530631281
813.18701171875	26.988478682190	6.4100133949371
814.18597412109	26.786155090472	6.5969983450810
815.18499755859	26.587972504532	6.7876775467930
816.18402099609	26.393989903018	6.9818388088418
817.18298339844	26.204262418275	7.1792565885550
818.18200683594	26.018820685701	7.3796940563129
819.18103027344	25.837682182251	7.5829318882286
820.17999267578	25.660857203636	7.7887398892622
821.17901611328	25.488331191582	7.9969061581248
822.17797851563	25.320077843746	8.2071938577898
823.17700195313	25.156057753580	8.4194068329519
824.17602539063	24.996212111719	8.6333301219363
825.17498779297	24.840479237185	8.8487669800795
826.17401123047	24.688770718988	9.0655209997816
827.17297363281	24.540992342456	9.2834243317546
828.17199707031	24.397040071541	9.5023028937431
829.17102050781	24.256800159946	9.7219964768602
830.16998291016	24.120143570816	9.9423711046315
831.16900634766	23.986941255904	10.163298124624
832.16802978516	23.857054851552	10.384649492031
833.16699218750	23.730339636244	10.606334219673
834.16601562500	23.606645746839	10.828272313575
835.16497802734	23.485825652180	11.050385475971
836.16400146484	23.367729939917	11.272620648279
837.16302490234	23.252207362053	11.494941178025
838.16198730469	23.139110922151	11.717326919671
839.16101074219	23.028299775969	11.939761177041
840.15997314453	22.919636143949	12.162253915324
841.15899658203	22.812980006953	12.384819341762
842.15802001953	22.708221382500	12.607490812159
843.15698242188	22.605236144893	12.830307551631
844.15600585938	22.503922298914	13.053318202038
845.15502929688	22.404191906277	13.276582922619
846.15399169922	22.305954594873	13.500170190025
847.15301513672	22.209139032141	13.724154024695
848.15197753906	22.113693130371	13.948604439612
849.15100097656	22.019578996568	14.173612983213
850.15002441406	21.926749462211	14.399251518971
851.14898681641	21.835195541176	14.625609393509
852.14801025391	21.744907047404	14.852758784935
853.14697265625	21.655883435863	15.080775080961
854.14599609375	21.568149351816	15.309737288531
855.14501953125	21.481730911468	15.539711195617
856.14398193359	21.396659716469	15.770749460132
857.14300537109	21.312973534140	16.002902595463
858.14202880859	21.230735656731	16.236223214271
859.14099121094	21.149998269638	16.470736687283
860.14001464844	21.070823431117	16.706465042904
861.13897705078	20.993271907747	16.943421608998
862.13800048828	20.917410669522	17.181611103858
863.13702392578	20.843310727240	17.421014227328
864.13598632813	20.771027296352	17.661623493369
865.13500976563	20.700635705895	17.903399123303
866.13397216797	20.632177743587	18.146293837779
867.13299560547	20.565714190852	18.390275326886
868.13201904297	20.501292428154	18.635274014667
869.13098144531	20.438944127542	18.881220630842
870.13000488281	20.378699713020	19.128042948852
871.12902832031	20.320576564284	19.375664005370
872.12799072266	20.264579799180	19.623994426091
873.12701416016	20.210714883712	19.872963529575
874.12597656250	20.158965793575	20.122472264472
875.12500000000	20.109295403273	20.372446456627
876.12402343750	20.061669618770	20.622776506836
877.12298583984	20.016042957128	20.873402080999
878.12200927734	19.972349992768	21.124244185819
879.12097167969	19.930515916524	21.375220697369
880.11999511719	19.890456069494	21.626280409603
881.11901855469	19.852072559510	21.877352646777
882.11798095703	19.815269839866	22.128413999418
883.11700439453	19.779938671895	22.379409523146
884.11602783203	19.745960994850	22.630342064355
885.11499023438	19.713212799830	22.881192332254
886.11401367188	19.681564827399	23.131966773597
887.11297607422	19.650898928278	23.382690573945
888.11199951172	19.621088418073	23.633403801736
889.11102294922	19.592013822697	23.884163828552
890.10998535156	19.563531266111	24.135017207806
891.10900878906	19.535555465279	24.386071371362
892.10797119141	19.507954396918	24.637398492542
893.10699462891	19.480630949558	24.889129638917
894.10601806641	19.453501780659	25.141370512049
895.10498046875	19.426489408760	25.394275365533
896.10400390625	19.399518952703	25.647966824134
897.10302734375	19.372544411711	25.902613966383
898.10198974609	19.345524095741	26.158361037093
899.10101318359	19.318441276632	26.415389084444
900.09997558594	19.291297779184	26.673857020419
901.09899902344	19.264092261143	26.933943945569
902.09802246094	19.236854208544	27.195809560912
903.09698486328	19.209638479887	27.459634530103
904.09600830078	19.182507553072	27.725582278680
905.09497070313	19.155527784025	27.993813395379
906.09399414063	19.128795861680	28.264465079555
907.09301757813	19.102416548492	28.537694574523
908.09197998047	19.076513027441	28.813631467830
909.09100341797	19.051216097224	29.092401730993
910.09002685547	19.026663073659	29.374112059973
911.08898925781	19.003009729618	29.658861619230
912.08801269531	18.980402799057	29.946712582450
913.08697509766	18.958998395062	30.237742759102
914.08599853516	18.938970947567	30.532005873634
915.08502197266	18.920474828640	30.829533378901
916.08398437500	18.903676309433	31.130337811587
917.08300781250	18.888743717771	31.434431550329
918.08197021484	18.875826625096	31.741802077073
919.08099365234	18.865071064357	32.052422402074
920.08001708984	18.856615998334	32.366250776299
921.07897949219	18.850609411850	32.683254326564
922.07800292969	18.847153464506	33.003352081960
923.07702636719	18.846376579045	33.326507295720
924.07598876953	18.848358363654	33.652622500896
925.07501220703	18.853187735607	33.981615761868
926.07397460938	18.860922490898	34.313397135380
927.07299804688	18.871639631022	34.647923226068
928.07202148438	18.885358151534	34.985076670049
929.07098388672	18.902105672814	35.324789175848
930.07000732422	18.921888144336	35.666983659288
931.06896972656	18.944695813915	36.011581842435
932.06799316406	18.970510131065	36.358526910933
933.06701660156	18.999306716570	36.707802640012
934.06597900391	19.031024650808	37.059324198509
935.06500244141	19.065622220452	37.413098809841
936.06402587891	19.103030502147	37.769120260899
937.06298828125	19.143174193171	38.127387089565
938.06201171875	19.185994272428	38.487946872980
939.06097412109	19.231404313236	38.850843562667
940.05999755859	19.279333175758	39.216152025267
941.05902099609	19.329707989225	39.583952150488
942.05798339844	19.382469974116	39.954402487804
943.05700683594	19.437532675212	40.327550369142
944.05603027344	19.494872507912	40.703633449918
945.05499267578	19.554455392639	41.082811160146
946.05401611328	19.616260174329	41.465266089873
947.05297851563	19.680272228262	41.851185655257
948.05200195313	19.746519276996	42.240830902987
949.05102539063	19.815034251233	42.634427025334
950.04998779297	19.885896412115	43.032231787660
951.04901123047	19.959192486611	43.434531757101
952.04797363281	20.035024891019	43.841549951047
953.04699707031	20.113558342056	44.253583012111
954.04602050781	20.194942739353	44.670900272186
955.04498291016	20.279402696281	45.093795936481
956.04400634766	20.367165284861	45.522529323534
957.04302978516	20.458490554036	45.957357128227
958.04199218750	20.553666047239	46.398560348313
959.04101562500	20.653016382605	46.846368045112
960.03997802734	20.756867788007	47.300996393968
961.03900146484	20.865610377299	47.762694266446
962.03802490234	20.979624586193	48.231627147589
963.03698730469	21.099326532787	48.707956023711
964.03601074219	21.225161462096	49.191889782645
965.03497314453	21.357571244395	49.683521274593
966.03399658203	21.497018822334	50.182914574054
967.03302001953	21.644006274416	50.690201853731
968.03198242188	21.799027627303	51.205450095453
969.03100585938	21.962554038980	51.728603756327
970.03002929688	22.135108284454	52.259721449437
971.02899169922	22.317220739738	52.798754476477
972.02801513672	22.509376083272	53.345645315418
973.02697753906	22.712087275114	53.900321682510
974.02600097656	22.925844201387	54.462636177989
975.02502441406	23.151159645043	55.032478335863
976.02398681641	23.388520709487	55.609716385531
977.02301025391	23.638433929204	56.194207681393
978.02197265625	23.901316094540	56.785685541608
979.02099609375	24.177659769944	57.384017871873
980.02001953125	24.467889724864	57.988977366059
981.01898193359	24.772438294859	58.600345269839
982.01800537109	25.091706733330	59.217871995645
983.01702880859	25.426118484442	59.841391535729
984.01599121094	25.776051213763	60.470666319205
985.01501464844	26.141898272229	61.105512506904
986.01397705078	26.524011431632	61.745685620156
987.01300048828	26.922790403078	62.391059433877
988.01202392578	27.338583168105	63.041452750070
989.01098632813	27.771764469944	63.696699128062
990.01000976563	28.222729409497	64.356712029020
991.00897216797	28.691871865322	65.021389193866
992.00799560547	29.179615752718	65.690682240830
993.00701904297	29.686415814391	66.364536250453
994.00598144531	30.212769191218	67.042983949440
995.00500488281	30.759212219343	67.726018182195
996.00402832031	31.326333263516	68.413686476892
997.00299072266	31.914819387035	69.106071410052
998.00201416016	32.525389914448	69.803278819350
999.00097656250	33.158885807353	70.505407250478
1000.0000000000	33.816220704334	71.212546815511
