#Parameters = {t=0.1; a=9000; ep_eff=6}
#"Frequency / GHz"	"Z1,1 [Real/Imaginary Part] [Re]"	"Z1,1 [Real/Imaginary Part] [Im]"
#-------------------------------------------------------------------------------------
1.0000000000000	107.28043309673	-2819.7944327176
1.9989999532700	138.00919192255	-1461.1491875513
2.9979999065399	122.34781303938	-1026.4669462447
3.9969999790192	90.197453959747	-813.95462283625
4.9959998130798	51.801558478418	-676.92895436441
5.9949998855591	20.300051036758	-569.02578389901
6.9939999580383	3.6689684297692	-480.06515395357
7.9930000305176	0.00020190094512525	-410.31502562101
8.9919996261597	3.0431636078556	-358.61798977167
9.9910001754761	7.4622714060331	-321.43451055574
10.989999771118	10.049229135836	-294.46014004417
11.989000320435	9.5457793284829	-273.45405728481
12.987999916077	6.5470856723814	-254.85418273618
13.987000465393	2.9818442755632	-236.70653320084
14.986000061035	0.72835952338057	-219.03617878251
15.984999656677	0.44121171571774	-202.94331959017
16.983999252319	1.5749397706444	-189.36167584386
17.982999801636	3.0786665891265	-178.49657795357
18.982000350952	3.9992418797201	-169.85613663486
19.981000900269	3.8538577001491	-162.51166299116
20.979999542236	2.8047276908440	-155.50402763684
21.979000091553	1.5053217034898	-148.30335023555
22.978000640869	0.62878449075193	-140.99831495572
23.976999282837	0.45473413955583	-134.04965944645
24.975999832153	0.81642040115190	-127.88273456782
25.975000381470	1.3154377227676	-122.63827656224
26.974000930786	1.5834537827772	-118.14380664372
27.972999572754	1.4739728010947	-114.04139454276
28.972000122070	1.1159918554452	-110.00354575757
29.971000671387	0.79304694486016	-105.91865983702
30.969999313354	0.73075962625358	-101.91565227524
31.968999862671	0.95593292255926	-98.227152211846
32.967998504639	1.3046445266274	-95.016718745750
33.966999053955	1.5352002826785	-92.275109208974
34.965999603271	1.4717767983932	-89.819569058957
35.965000152588	1.1111016975369	-87.391928196396
36.964000701904	0.62501464707241	-84.809127316015
37.963001251221	0.24666228922907	-82.064351876600
38.962001800537	0.12679881132688	-79.304223108720
39.960998535156	0.26542916473478	-76.717495819497
40.959999084473	0.54182145896189	-74.425970840294
41.958999633789	0.79820343258062	-72.434274588311
42.958000183105	0.92623703657133	-70.646628246180
43.957000732422	0.91583660344542	-68.934738184110
44.956001281738	0.84006169541977	-67.217430368967
45.955001831055	0.78815949949594	-65.499095980476
46.953998565674	0.79753741285703	-63.844530812368
47.952999114990	0.83195525492246	-62.314894008959
48.951999664307	0.81396495423880	-60.912973795106
49.951000213623	0.68615943403757	-59.571657916949
50.950000762939	0.46109886190438	-58.193333538765
51.949001312256	0.22351096673734	-56.715229166229
52.948001861572	0.081003715329823	-55.153405086917
53.946998596191	0.10011867248867	-53.594638947539
54.945999145508	0.27110683133089	-52.146879846204
55.944999694824	0.51639513101024	-50.883745711444
56.944000244141	0.73120499644866	-49.810614870470
57.943000793457	0.83507311179202	-48.865779386707
58.942001342773	0.80900294701464	-47.955945691725
59.941001892090	0.69644042487720	-47.007455101575
60.939998626709	0.56751585080864	-46.000238108529
61.938999176025	0.47348411559209	-44.963645380589
62.937999725342	0.42302041121839	-43.942818433400
63.937000274658	0.39109658847519	-42.963510582746
64.935997009277	0.34833673746657	-42.017602011274
65.934997558594	0.28869253670377	-41.075617394619
66.933998107910	0.23634737744025	-40.114911881347
67.932998657227	0.22832964112822	-39.141966053108
68.931999206543	0.28675223379983	-38.192700861698
69.930999755859	0.40065782604416	-37.312195880681
70.930000305176	0.52854792109860	-36.527785758707
71.929000854492	0.61926274397308	-35.832047588099
72.928001403809	0.63890501797058	-35.185764729750
73.927001953125	0.58741911801049	-34.539318569421
74.926002502441	0.49423824165917	-33.858707710855
75.925003051758	0.39714911963210	-33.138662580643
76.924003601074	0.32089658409129	-32.395850677542
77.922996520996	0.26997367244489	-31.650623779620
78.921997070313	0.23747891464981	-30.912276827225
79.920997619629	0.22013905481296	-30.178360061352
80.919998168945	0.22631961761287	-29.446329727079
81.918998718262	0.26995927186912	-28.726599978329
82.917999267578	0.35491264948811	-28.044959485738
83.916999816895	0.46205659955363	-27.429919491123
84.916000366211	0.55065924635636	-26.892105627573
85.915000915527	0.57706914999100	-26.409359129403
86.914001464844	0.52167238416568	-25.930850672899
87.913002014160	0.40578901864233	-25.402487015350
88.912002563477	0.28347189172654	-24.798862250680
89.911003112793	0.21109503212008	-24.139015482993
90.910003662109	0.21498469877750	-23.474963100645
91.908996582031	0.27703212511573	-22.860669930708
92.907997131348	0.34619853230527	-22.319668455727
93.906997680664	0.37061241445822	-21.829510991808
94.905998229980	0.33295801938421	-21.334637232151
95.904998779297	0.26585851141931	-20.783380877301
96.903999328613	0.23369679018639	-20.165370620055
97.902999877930	0.29216618571046	-19.523621542573
98.902000427246	0.45142283013799	-18.933961507793
99.901000976563	0.66294902536035	-18.464701649141
100.90000152588	0.83708002009772	-18.135609893494
101.89900207520	0.88721361154383	-17.897336899988
102.89800262451	0.78089681038818	-17.649171195366
103.89700317383	0.56373957243321	-17.292485025587
104.89600372314	0.33508513606382	-16.785666000398
105.89499664307	0.19294065228740	-16.162463670875
106.89399719238	0.18662047310817	-15.507708766290
107.89299774170	0.30009344652755	-14.912560727903
108.89199829102	0.46604099138945	-14.433272195116
109.89099884033	0.60117129511603	-14.068508782264
110.88999938965	0.64786205468992	-13.764909576333
111.88899993896	0.60077319146232	-13.450012301828
112.88800048828	0.50162371790141	-13.073366240268
113.88700103760	0.40752021858116	-12.628993065914
114.88600158691	0.35665770107776	-12.148044300010
115.88500213623	0.35226630044932	-11.672199213338
116.88400268555	0.36961880490923	-11.227102304513
117.88300323486	0.37772688188984	-10.810058710068
118.88200378418	0.36146836448238	-10.396970928852
119.88099670410	0.33069980768005	-9.9620301343744
120.87999725342	0.31195325943335	-9.4964845006721
121.87899780273	0.33021428370478	-9.0144456732837
122.87799835205	0.39349355154154	-8.5440722565574
123.87699890137	0.48875009280540	-8.1115283362205
124.87599945068	0.58980959165300	-7.7277995155785
125.87500000000	0.67133417075676	-7.3850710370125
126.87400054932	0.72033899330123	-7.0637196660321
127.87300109863	0.73876466904593	-6.7443201996221
128.87199401855	0.73710833518385	-6.4164107554952
129.87100219727	0.72502443583926	-6.0793729954259
130.86999511719	0.70578962677287	-5.7364301422716
131.86900329590	0.67757226106307	-5.3878497365727
132.86799621582	0.63920350298492	-5.0283141167497
133.86700439453	0.59544073224912	-4.6500060458618
134.86599731445	0.55768084504818	-4.2487279347354
135.86500549316	0.53978418149382	-3.8285113316036
136.86399841309	0.55183602429194	-3.4018620780450
137.86300659180	0.59543748999118	-2.9860277773424
138.86199951172	0.66228702261034	-2.5973276289252
139.86099243164	0.73597938291100	-2.2460852962962
140.86000061035	0.79575222665885	-1.9331170939005
141.85899353027	0.82145198612523	-1.6479993402753
142.85800170898	0.79933685186885	-1.3695642577008
143.85699462891	0.72814360843176	-1.0694007538981
144.85600280762	0.62328543562371	-0.71936150753639
145.85499572754	0.51612401931888	-0.30184566735043
146.85400390625	0.44650940694887	0.18103504320356
147.85299682617	0.44999338931946	0.70377096114793
148.85200500488	0.54409237214314	1.2221925050060
149.85099792480	0.71866505527600	1.6861868555405
150.85000610352	0.93520837511253	2.0573654476819
151.84899902344	1.1378588692236	2.3254706920979
152.84800720215	1.2743090958581	2.5149994860386
153.84700012207	1.3175382911661	2.6756636041521
154.84599304199	1.2753856313958	2.8599008294386
155.84500122070	1.1817269937704	3.1004752985099
156.84399414063	1.0758813427561	3.4017064105450
157.84300231934	0.98403811265420	3.7470817411670
158.84199523926	0.91275316826935	4.1156177019232
159.84100341797	0.85567109152476	4.4957075202458
160.83999633789	0.80674639437978	4.8884942084650
161.83900451660	0.77005352242976	5.3000265605121
162.83799743652	0.75915561414763	5.7289939293364
163.83700561523	0.78642306241500	6.1598906641196
164.83599853516	0.85002141394643	6.5673505119912
165.83500671387	0.92808791523786	6.9303502408350
166.83399963379	0.98589656239227	7.2477746822894
167.83299255371	0.99409136824428	7.5447519939415
168.83200073242	0.94749748871737	7.8628947006549
169.83099365234	0.87161210100971	8.2388310767175
170.83000183105	0.81161866045135	8.6839410803621
171.82899475098	0.81074045946351	9.1774714468544
172.82800292969	0.89021953092588	9.6755578751733
173.82699584961	1.0401593048997	10.130204598437
174.82600402832	1.2242796747957	10.509311452930
175.82499694824	1.3959885367795	10.808655095972
176.82400512695	1.5177808502741	11.050510936684
177.82299804688	1.5736807156133	11.270248661612
178.82200622559	1.5688654398239	11.500150733086
179.82099914551	1.5197511866501	11.760078322057
180.82000732422	1.4435031186184	12.058221641204
181.81900024414	1.3537581649115	12.397253917429
182.81799316406	1.2627188380442	12.778697853664
183.81700134277	1.1845927588384	13.202015631467
184.81599426270	1.1353923217872	13.660422961424
185.81500244141	1.1277737111730	14.138229727256
186.81399536133	1.1644861806337	14.613688270714
187.81300354004	1.2353499750673	15.066738015961
188.81199645996	1.3210115722053	15.487413017262
189.81100463867	1.4019785968609	15.879146525212
190.80999755859	1.4673621641691	16.254538231704
191.80900573730	1.5172901860403	16.626043500891
192.80799865723	1.5575348645050	16.998810745799
193.80700683594	1.5908346525814	17.370736483301
194.80599975586	1.6124141725521	17.739686979612
195.80499267578	1.6136810005712	18.111528824896
196.80400085449	1.5920625462863	18.501668018425
197.80299377441	1.5590096606879	18.927061028373
198.80200195313	1.5385416594264	19.393305127680
199.80099487305	1.5554791247023	19.886543739522
200.80000305176	1.6198048086057	20.376508052891
201.79899597168	1.7172229703291	20.831248646874
202.79800415039	1.8128972383006	21.235666473601
203.79699707031	1.8686227016164	21.602904712550
204.79600524902	1.8641615789201	21.969623004273
205.79499816895	1.8088130599992	22.376910587896
206.79400634766	1.7353683120375	22.848870193367
207.79299926758	1.6815021899422	23.383105584191
208.79200744629	1.6715860190433	23.957009610080
209.79100036621	1.7097409445183	24.543711548493
210.78999328613	1.7866165670402	25.126128492257
211.78900146484	1.8932598224421	25.699622111752
212.78799438477	2.0302078331557	26.262093920637
213.78700256348	2.2029708844654	26.800537744672
214.78599548340	2.4057706292599	27.287401537492
215.78500366211	2.6060190785938	27.694514620108
216.78399658203	2.7456384256150	28.019161755165
217.78300476074	2.7663196395707	28.303725318186
218.78199768066	2.6464543085773	28.628864087287
219.78100585938	2.4229345983404	29.077954490765
220.77999877930	2.1799149599631	29.695184504617
221.77900695801	2.0116058699798	30.463490026862
222.77799987793	1.9811333903468	31.312696363109
223.77699279785	2.0946319426298	32.151231080896
224.77600097656	2.3013761358779	32.907439675814
225.77499389648	2.5221501818384	33.561120865582
226.77400207520	2.6923287561873	34.145557598438
227.77299499512	2.7910679131450	34.717001980936
228.77200317383	2.8354838657348	35.315373259893
229.77099609375	2.8475570497137	35.948056407116
230.77000427246	2.8243981989485	36.608768844783
231.76899719238	2.7395912979852	37.314373909004
232.76800537109	2.5795943986311	38.125744364669
233.76699829102	2.3889570612334	39.127495108228
234.76600646973	2.2868130832227	40.372484894162
235.76499938965	2.4365338650011	41.822913077903
236.76400756836	2.9751481232147	43.318469276589
237.76300048828	3.9179153742410	44.596073415122
238.76199340820	5.0741541197075	45.391866350854
239.76100158691	6.0632658718465	45.621513200397
240.75999450684	6.5070985117721	45.513085787002
241.75900268555	6.2860293679977	45.517471431743
242.75799560547	5.6148758569486	46.042594799324
243.75700378418	4.8970582784171	47.256149630111
244.75599670410	4.5342992354466	49.060374010320
245.75500488281	4.7998582434450	51.154156132411
246.75399780273	5.7500170999453	53.119430108523
247.75300598145	7.1613996665176	54.563762593075
248.75199890137	8.5835035300297	55.326948902670
249.75100708008	9.5752758295996	55.602761476419
250.75000000000	9.9664178881032	55.808145850438
251.74899291992	9.8941705486429	56.304826050337
252.74800109863	9.6256949488950	57.237528390819
253.74699401855	9.3706115620710	58.569405518769
254.74600219727	9.2094491296211	60.214854560879
255.74499511719	9.1439390443121	62.157616811004
256.74398803711	9.2165443194855	64.480142833254
257.74301147461	9.6142086530236	67.281304645240
258.74200439453	10.680873029342	70.521533173363
259.74099731445	12.799780717749	73.860615269612
260.73999023438	16.110240246464	76.581894532819
261.73901367188	20.105677662642	77.819580561936
262.73800659180	23.533707580341	77.257809692091
263.73699951172	25.146245992230	75.737518308201
264.73599243164	24.717332365229	74.800643337810
265.73498535156	23.084527126721	75.632551059994
266.73400878906	21.458880861706	78.640174216860
267.73300170898	20.991402901178	83.643850477667
268.73199462891	22.731296810681	90.012328716835
269.73098754883	27.529857709771	96.491388514766
270.73001098633	35.434584851275	101.05352464983
271.72900390625	44.738725399329	101.66761635967
272.72799682617	52.297115605593	98.213072656149
273.72698974609	55.952720339604	93.100536875516
274.72601318359	56.032866111771	89.158189333758
275.72500610352	54.182570591677	87.833017879968
276.72399902344	51.916733990135	89.381149344876
277.72299194336	50.279428378090	93.674583686003
278.72198486328	50.137908676459	100.65650324986
279.72100830078	52.645324690326	110.39492984859
280.72000122070	59.783974585394	122.72723036184
281.71899414063	74.853509059965	136.08698545308
282.71798706055	101.55357679093	144.65714669935
283.71701049805	137.06044723190	136.14465780575
284.71600341797	162.37245632815	104.30646172801
285.71499633789	161.69730667924	67.806327871352
286.71398925781	145.54004656016	45.761722405649
287.71301269531	128.56038482154	38.067377203001
288.71200561523	116.17558725138	38.521483805539
289.71099853516	108.91813290317	42.816915276015
290.70999145508	106.25950725664	48.737497005839
291.70901489258	107.87702622808	55.113012270944
292.70800781250	114.00059087276	60.974340514970
293.70700073242	125.38979034974	64.637769675522
294.70599365234	142.40409874874	62.419142457939
295.70498657227	161.56275736569	48.235589370067
296.70401000977	171.10814255533	19.838328809996
297.70300292969	160.21356107410	-9.8869287298622
298.70199584961	136.79633116148	-24.765790125987
299.70098876953	115.30180609187	-24.667834747315
300.70001220703	101.29927217587	-16.902736528151
301.69900512695	94.739911356580	-6.5814203664478
302.69799804688	94.810419708056	3.6334951866879
303.69699096680	101.27803518613	11.494010713631
304.69601440430	113.57006130012	13.310655967542
305.69500732422	127.19118991262	3.9349863135184
306.69400024414	131.09605394780	-16.107276996004
307.69299316406	119.67425912635	-33.756137462722
308.69198608398	102.56461628974	-39.350617968490
309.69100952148	89.178665829172	-36.021116882642
310.69000244141	81.541506191295	-29.385807323946
311.68899536133	78.629620372746	-22.694270510855
312.68798828125	79.031652177623	-17.517235445999
313.68701171875	81.373607855713	-14.629842715665
314.68600463867	84.298136382192	-14.187499238663
315.68499755859	86.741507462746	-15.706507246215
316.68399047852	88.303707576768	-18.452407969449
317.68301391602	89.051029333887	-22.076613798207
318.68200683594	88.789862054350	-26.699166312301
319.68099975586	86.673693183042	-32.175189706930
320.67999267578	81.869370016012	-37.292833839631
321.67898559570	74.826992255689	-40.176613965856
322.67800903320	67.382741698607	-39.835159899146
323.67700195313	61.381425634261	-36.827684622033
324.67599487305	57.709850410055	-32.478807228597
325.67498779297	56.418428451918	-28.052032984935
326.67401123047	57.117678233417	-24.524674216490
327.67300415039	59.138980625789	-22.626801069995
328.67199707031	61.527100183400	-22.776983192239
329.67098999023	63.157860671477	-24.850021952630
330.67001342773	63.158415991439	-28.073099665760
331.66900634766	61.317144052590	-31.379810913679
332.66799926758	57.998221688978	-33.946556225237
333.66699218750	53.733079696983	-35.344311666628
334.66598510742	49.026755279466	-35.352571984534
335.66500854492	44.427306794253	-33.868732192899
336.66400146484	40.540035289087	-31.003714618159
337.66299438477	37.888452999529	-27.131000536565
338.66198730469	36.799551316458	-22.794360888151
339.66101074219	37.409636722643	-18.611495281633
340.66000366211	39.687691840197	-15.287016293384
341.65899658203	43.312352128187	-13.682455558843
342.65798950195	47.321822196348	-14.690907014554
343.65701293945	49.863376523869	-18.511489731554
344.65600585938	49.060477023807	-23.604030282560
345.65499877930	44.940407804446	-27.236080285885
346.65399169922	39.567145400389	-27.855885385457
347.65301513672	34.966525458653	-25.902742714297
348.65200805664	31.999039982535	-22.583401759269
349.65100097656	30.698252080843	-18.905845961711
350.64999389648	30.790761019460	-15.514424400048
351.64898681641	31.929605628417	-12.807598855040
352.64801025391	33.741966343043	-11.035701074024
353.64700317383	35.827275874412	-10.329120178078
354.64599609375	37.768008766097	-10.689545833424
355.64498901367	39.158682616943	-11.977523211718
356.64401245117	39.646473221607	-13.899842290905
357.64300537109	39.004471616787	-16.001033071894
358.64199829102	37.246925151729	-17.716165954714
359.64099121094	34.700539013221	-18.538614389082
360.64001464844	31.914940600287	-18.220134440711
361.63900756836	29.449527058285	-16.837699427072
362.63800048828	27.704993137926	-14.695570541251
363.63699340820	26.885945534008	-12.184649737344
364.63598632813	27.041468034802	-9.7018523684982
365.63500976563	28.098578368726	-7.6354990594436
366.63400268555	29.845040722620	-6.3648020301058
367.63299560547	31.873077843310	-6.2054633173541
368.63198852539	33.565581063064	-7.2545268693747
369.63101196289	34.258042036120	-9.1987592613896
370.63000488281	33.587997667500	-11.316106502161
371.62899780273	31.742491650847	-12.816102166536
372.62799072266	29.312862712663	-13.249983320064
373.62701416016	26.922409712933	-12.613723149008
374.62600708008	24.988076744547	-11.168500081433
375.62500000000	23.704183887309	-9.2362757731527
376.62399291992	23.125014086734	-7.1005537391711
377.62298583984	23.240848659967	-4.9961567006731
378.62200927734	24.012186206431	-3.1392513742623
379.62100219727	25.358478342693	-1.7621953766355
380.61999511719	27.104465524213	-1.1227038373970
381.61898803711	28.904589156969	-1.4457522934714
382.61801147461	30.220454593578	-2.7644064067672
383.61700439453	30.480217078408	-4.7256985239826
384.61599731445	29.430774265249	-6.5977533875338
385.61499023438	27.376643073072	-7.6295725817431
386.61401367188	25.000403842680	-7.4681326560819
387.61300659180	22.963103171225	-6.2335803777608
388.61199951172	21.673315034379	-4.3103621365162
389.61099243164	21.285034412188	-2.1425738164912
390.60998535156	21.767216537675	-0.14589041423423
391.60900878906	22.939157935411	1.3184756989508
392.60800170898	24.472360428598	1.9878425087149
393.60699462891	25.925430767099	1.7870390999187
394.60598754883	26.872339188421	0.89822299118919
395.60501098633	27.075874935949	-0.29624448968965
396.60400390625	26.558136187734	-1.3941920267302
397.60299682617	25.511278082510	-2.1244885008577
398.60198974609	24.163491984154	-2.3639424830090
399.60101318359	22.717614526830	-2.0755500373371
400.60000610352	21.360373865231	-1.2653255405858
401.59899902344	20.279870167946	0.014053699026210
402.59799194336	19.655762304459	1.6423921813760
403.59698486328	19.628341948102	3.4221648258311
404.59600830078	20.259631291622	5.0842850326252
405.59500122070	21.485364582164	6.3120305917245
406.59399414063	23.061838678788	6.8066307448349
407.59298706055	24.556998062631	6.4198524677027
408.59201049805	25.473847814068	5.3029074417701
409.59100341797	25.501798905283	3.9101644874677
410.58999633789	24.691151843034	2.7722041307932
411.58898925781	23.368578657375	2.2264286518698
412.58801269531	21.907614341022	2.3420528229755
413.58700561523	20.579046660987	3.0226590241374
414.58599853516	19.539629947450	4.1277966582729
415.58499145508	18.885725211533	5.5263296766155
416.58401489258	18.698039706322	7.0860638473861
417.58300781250	19.045766147952	8.6366644823977
418.58200073242	19.946207070010	9.9408867990121
419.58099365234	21.289148810727	10.707551012381
420.57998657227	22.761400427327	10.686270805769
421.57901000977	23.867253194194	9.8518348579572
422.57800292969	24.147909699734	8.5503968725806
423.57699584961	23.494266415376	7.3802711199974
424.57598876953	22.223103368542	6.8300889946760
425.57501220703	20.825402507920	7.0312402785596
426.57400512695	19.675884011315	7.8107055594987
427.57299804688	18.920830244945	8.8857136855736
428.57199096680	18.516597129450	10.027153239378
429.57101440430	18.337102028772	11.143640711977
430.57000732422	18.300592941908	12.276634499726
431.56900024414	18.456683013987	13.505594138819
432.56799316406	18.974621274448	14.813026162546
433.56698608398	20.030185250291	15.989111084522
434.56600952148	21.628675747566	16.630822893220
435.56500244141	23.413831443284	16.295278210524
436.56399536133	24.629393252067	14.868418718716
437.56298828125	24.521522635259	12.930680472586
438.56201171875	23.012251390990	11.538790234298
439.56100463867	20.814018395755	11.456438102965
440.55999755859	18.854000143980	12.750112301093
441.55899047852	17.804024593081	15.005599733898
442.55801391602	18.018291860469	17.620167970587
443.55700683594	19.579861066532	19.889468986349
444.55599975586	22.203414881528	21.031972658755
445.55499267578	25.045701009545	20.446491301787
446.55398559570	26.872328525720	18.277802855174
447.55300903320	26.894959300525	15.617012966547
448.55200195313	25.408893792074	13.704110528842
449.55099487305	23.339189942492	13.054653634062
450.54998779297	21.459432892947	13.475926476844
451.54901123047	20.120606208031	14.520804282055
452.54800415039	19.355313748024	15.794120710595
453.54699707031	19.046822949492	17.052079964640
454.54598999023	19.058769808561	18.190350295316
455.54501342773	19.305425183701	19.175158298170
456.54400634766	19.746143073369	19.962040082322
457.54299926758	20.316887529057	20.461562449743
458.54199218750	20.859457788288	20.590829590250
459.54098510742	21.131486184837	20.386137564573
460.54000854492	20.935388309081	20.073536796714
461.53900146484	20.277669743992	19.988359712058
462.53799438477	19.397366656603	20.382049039807
463.53698730469	18.632998306591	21.285364732876
464.53601074219	18.253594238311	22.513965650211
465.53500366211	18.350006242811	23.764301036757
466.53399658203	18.795346123195	24.745502035718
467.53298950195	19.289317653402	25.330348263618
468.53201293945	19.523552081006	25.657637827764
469.53100585938	19.400407438825	26.063154525667
470.52999877930	19.116536966398	26.849020805696
471.52899169922	19.039838566118	28.083858655608
472.52801513672	19.509969202126	29.557994546286
473.52700805664	20.673167793890	30.850140015001
474.52600097656	22.354983692793	31.469488017516
475.52499389648	24.020698610865	31.110571974998
476.52398681641	24.988121106852	29.940533758743
477.52301025391	24.876826962053	28.596323821481
478.52200317383	23.864234842395	27.766774703271
479.52099609375	22.474538698990	27.786155092016
480.51998901367	21.211650700123	28.595045111885
481.51901245117	20.372872084736	29.927255556241
482.51800537109	20.045079427270	31.486206221531
483.51699829102	20.173423148863	33.044145031462
484.51599121094	20.647088351934	34.477211944353
485.51501464844	21.376645093391	35.742950924413
486.51400756836	22.326314210226	36.812774265532
487.51300048828	23.475263734835	37.606856188108
488.51199340820	24.729994669213	37.993303604689
489.51098632813	25.861192693568	37.880929434375
490.51000976563	26.552905880527	37.357767091508
491.50900268555	26.578965918869	36.745494803075
492.50799560547	25.973629329811	36.473986736888
493.50698852539	25.035397581648	36.865426843762
494.50601196289	24.181423077347	38.007513559396
495.50500488281	23.797219215447	39.762378413953
496.50399780273	24.154446604434	41.828359899487
497.50299072266	25.363496890987	43.791994080414
498.50201416016	27.312578353373	45.187254763165
499.50100708008	29.609304809435	45.623547140736
500.50000000000	31.627787313156	44.994646511762
501.49899291992	32.753346672493	43.632731892881
502.49798583984	32.710520809548	42.206046536063
503.49700927734	31.692090855424	41.386460693113
504.49600219727	30.199653109804	41.570695877776
505.49499511719	28.798624644878	42.828455769426
506.49398803711	27.976950295440	44.988906244029
507.49301147461	28.110774608168	47.716528350908
508.49200439453	29.443246736740	50.521963011692
509.49099731445	31.987918758601	52.756427867960
510.48999023438	35.347842208404	53.723525692779
511.48901367188	38.631210984645	53.034275811202
512.48797607422	40.783680705410	51.027382025769
513.48699951172	41.259613738649	48.711435730008
514.48602294922	40.336843719576	47.120081089969
515.48498535156	38.768222733731	46.769243824614
516.48400878906	37.286699621430	47.642554117183
517.48297119141	36.385605278829	49.441021219680
518.48199462891	36.327655573183	51.784286781415
519.48101806641	37.218662212550	54.295878846866
520.47998046875	39.063618960913	56.613535154812
521.47900390625	41.778326910262	58.365699994315
522.47802734375	45.139877689389	59.156916631136
523.47698974609	48.690369298987	58.633975955677
524.47601318359	51.701926928109	56.693718730959
525.47497558594	53.382432185366	53.735485587090
526.47399902344	53.311454645712	50.651609687747
527.47302246094	51.725113220353	48.412297317119
528.47198486328	49.344637251915	47.597488460277
529.47100830078	46.970597293789	48.270593519544
530.46997070313	45.213641021555	50.140809170501
531.46899414063	44.433252899920	52.758044721404
532.46801757813	44.763584609681	55.627761285844
533.46697998047	46.136741029270	58.276513312584
534.46600341797	48.304002059357	60.321451485272
535.46502685547	50.896114626170	61.542405226513
536.46398925781	53.524732857735	61.903882147940
537.46301269531	55.858520644071	61.504245729843
538.46197509766	57.623574208779	60.518659775245
539.46099853516	58.582615193642	59.210791163087
540.46002197266	58.589264302522	57.976883302175
541.45898437500	57.707046322284	57.305390231998
542.45800781250	56.265750576047	57.622854465388
543.45697021484	54.779672133800	59.139337797449
544.45599365234	53.798492186001	61.798284223272
545.45501708984	53.790733544519	65.311675437051
546.45397949219	55.072519137886	69.210535068785
547.45300292969	57.735309661940	72.895258262933
548.45202636719	61.559047548516	75.738210790604
549.45098876953	65.987847156383	77.280570305505
550.45001220703	70.277990398207	77.442029815876
551.44897460938	73.782372957908	76.559167714614
552.44799804688	76.153429865131	75.202887777615
553.44702148438	77.334523877986	73.965395707652
554.44598388672	77.460857369117	73.383664511984
555.44500732422	76.826865272136	73.948426836511
556.44396972656	75.915524226654	76.077120026144
557.44299316406	75.406349092892	80.034007273275
558.44201660156	76.148222535250	85.848357294176
559.44097900391	79.138523791120	93.216306197742
560.44000244141	85.468641435497	101.28860044050
561.43902587891	95.992626180970	108.30711952854
562.43798828125	110.32982544862	111.48446233022
563.43701171875	125.52436967051	108.29550781236
564.43597412109	136.75934310313	99.412732295331
565.43499755859	141.39050713971	89.404338198774
566.43402099609	141.17809933818	82.862794646351
567.43298339844	139.82981246530	81.410321284025
568.43200683594	140.40707986271	84.380150908444
569.43103027344	144.93124941475	90.271253355219
570.42999267578	154.89316165864	97.212882658358
571.42901611328	171.47986213890	102.58515757093
572.42797851563	194.88994586544	102.34409185889
573.42700195313	222.28030148401	91.232422195973
574.42602539063	245.70339951909	66.204853873338
575.42498779297	255.49980440923	32.301800836380
576.42401123047	249.76594479506	1.2732213085333
577.42297363281	236.14423279204	-19.062699300170
578.42199707031	223.34581656107	-29.274157330678
579.42102050781	215.95691569491	-34.062964042416
580.41998291016	214.92114537820	-38.583306544887
581.41900634766	218.58010219522	-47.547845735590
582.41802978516	222.28764063348	-64.465173500472
583.41699218750	218.60718762620	-88.621252516362
584.41601562500	202.45999696825	-112.29028191318
585.41497802734	177.74093897703	-126.24445585751
586.41400146484	153.38392445337	-128.76691378488
587.41302490234	134.71339395174	-124.43556492717
588.41198730469	122.18539227989	-118.10858065459
589.41101074219	114.11840310909	-112.61932494855
590.40997314453	108.49044646986	-109.07939043821
591.40899658203	103.57545890769	-107.48198691354
592.40802001953	98.218275619099	-107.11690513363
593.40698242188	91.996659853006	-106.99524428048
594.40600585938	85.132586664670	-106.31111987945
595.40502929688	78.141461291076	-104.69985689032
596.40399169922	71.490078231073	-102.17215876019
597.40301513672	65.474030904741	-98.907332003821
598.40197753906	60.261527516085	-95.120948767279
599.40100097656	55.949319966613	-91.044822700154
600.40002441406	52.562275652529	-86.938822982787
601.39898681641	50.023641289249	-83.071060528798
602.39801025391	48.144244014706	-79.663833022604
603.39697265625	46.651103686575	-76.832894150586
604.39599609375	45.253336023905	-74.548283452575
605.39501953125	43.730148378421	-72.640693600643
606.39398193359	42.004143944969	-70.868364236675
607.39300537109	40.151901266583	-69.024316425807
608.39202880859	38.334909692424	-67.020551210531
609.39099121094	36.697733314925	-64.895695627469
610.39001464844	35.301440421323	-62.754752113653
611.38897705078	34.121064779493	-60.693389529029
612.38800048828	33.088697102654	-58.753014921981
613.38702392578	32.145155955686	-56.919497390403
614.38598632813	31.270935317503	-55.155271426504
615.38500976563	30.482636638921	-53.437644875714
616.38397216797	29.804455641003	-51.778072204264
617.38299560547	29.238260564927	-50.213024863050
618.38201904297	28.752262255054	-48.776937371982
619.38098144531	28.293231810553	-47.477040850662
620.38000488281	27.812692341611	-46.285559601924
621.37902832031	27.289855962135	-45.153499628066
622.37799072266	26.736899529499	-44.035531902064
623.37701416016	26.184874210576	-42.909841936809
624.37597656250	25.661724229297	-41.780008902953
625.37500000000	25.178432010873	-40.661615707075
626.37402343750	24.730632542609	-39.565285044181
627.37298583984	24.311452866379	-38.489217320284
628.37200927734	23.923776308671	-37.425222809109
629.37097167969	23.581769988027	-36.371841488400
630.36999511719	23.300523727845	-35.343705698828
631.36901855469	23.081234249157	-34.368785921634
632.36798095703	22.902865478507	-33.474372919066
633.36700439453	22.726876228951	-32.670175217332
634.36602783203	22.513486536948	-31.938943774349
635.36499023438	22.240904879040	-31.241645383297
636.36401367188	21.915591176015	-30.534826071943
637.36297607422	21.567310892114	-29.790381562533
638.36199951172	21.232392735551	-29.005231183126
639.36102294922	20.936530870444	-28.196800874499
640.35998535156	20.686949382355	-27.389346317231
641.35900878906	20.476081934891	-26.600872226660
642.35797119141	20.291721900116	-25.837945753828
643.35699462891	20.125698514808	-25.099258083102
644.35601806641	19.975681493257	-24.383150448270
645.35498046875	19.840436733764	-23.692214489640
646.35400390625	19.713788077597	-23.031255091698
647.35302734375	19.583348487366	-22.400490145388
648.35198974609	19.436244291849	-21.790037670034
649.35101318359	19.268113534744	-21.181046568663
650.34997558594	19.088830795041	-20.554326044465
651.34899902344	18.919728679498	-19.901203806613
652.34802246094	18.783295980790	-19.229392398767
653.34698486328	18.691457605606	-18.559530697424
654.34600830078	18.639760160972	-17.914623937287
655.34497070313	18.610526885524	-17.308414151219
656.34399414063	18.583008778834	-16.739563581264
657.34301757813	18.544333193631	-16.194696695584
658.34197998047	18.494587707744	-15.657961775833
659.34100341797	18.443289059978	-15.120595379910
660.34002685547	18.400549082578	-14.584292173344
661.33898925781	18.369439688394	-14.056819646151
662.33801269531	18.344781811849	-13.543868634701
663.33697509766	18.318629319249	-13.043441566603
664.33599853516	18.287952833179	-12.546820936462
665.33502197266	18.258504966184	-12.045293383923
666.33398437500	18.241778646452	-11.537608811984
667.33300781250	18.247098972914	-11.032257357722
668.33197021484	18.274537625131	-10.542717004161
669.33099365234	18.313888580153	-10.078795604660
670.33001708984	18.350627586221	-9.6398687750949
671.32897949219	18.375227395415	-9.2149055846908
672.32800292969	18.389367942151	-8.7896768602545
673.32702636719	18.404566628628	-8.3562427060000
674.32598876953	18.434080461022	-7.9182031910493
675.32501220703	18.483651466118	-7.4879900686573
676.32397460938	18.547414443614	-7.0781650401913
677.32299804688	18.611812789295	-6.6925915185865
678.32202148438	18.664865542101	-6.3235171974057
679.32098388672	18.704523040343	-5.9568295368303
680.32000732422	18.740106723842	-5.5818374686087
681.31896972656	18.785738799038	-5.1988508741463
682.31799316406	18.850302414031	-4.8190017729665
683.31701660156	18.930904698248	-4.4566765811689
684.31597900391	19.014302997366	-4.1193493856304
685.31500244141	19.085531401237	-3.8020130826569
686.31402587891	19.137978804241	-3.4898398690250
687.31298828125	19.178023554900	-3.1677236787758
688.31201171875	19.220927889258	-2.8299954853343
689.31097412109	19.280969703293	-2.4837244714873
690.30999755859	19.362575539978	-2.1436035412868
691.30902099609	19.458353715549	-1.8221470194605
692.30798339844	19.555033223550	-1.5220166142202
693.30700683594	19.642941403508	-1.2354832732528
694.30603027344	19.722328301756	-0.95135885131737
695.30499267578	19.801927247352	-0.66408414295180
696.30401611328	19.890925055571	-0.37821488024647
697.30297851563	19.990416845396	-0.10483771033438
698.30200195313	20.090767183944	0.14759689591153
699.30102539063	20.177329631041	0.38150975545772
700.29998779297	20.240929444318	0.61109030790890
701.29901123047	20.285832292150	0.85453090554965
702.29797363281	20.329107686256	1.1224472370998
703.29699707031	20.391302465095	1.4103378488864
704.29602050781	20.484437191391	1.7003289122327
705.29498291016	20.604949094131	1.9711633974586
706.29400634766	20.735992264865	2.2100877796892
707.29302978516	20.857516816530	2.4194102200308
708.29199218750	20.957717643897	2.6135821582747
709.29101562500	21.038355444968	2.8091452380097
710.28997802734	21.110794359056	3.0145799199558
711.28900146484	21.186241073234	3.2271143772684
712.28802490234	21.267745478621	3.4380670223925
713.28698730469	21.349561436023	3.6420027786040
714.28601074219	21.424127840011	3.8426054984958
715.28497314453	21.491073810000	4.0504260383821
716.28399658203	21.560956656246	4.2738476752613
717.28302001953	21.650197809308	4.5100181178173
718.28198242188	21.770070049690	4.7427479019311
719.28100585938	21.917187553550	4.9497805257432
720.28002929688	22.072247002902	5.1155758058803
721.27899169922	22.208882857811	5.2415945978192
722.27801513672	22.307879544620	5.3470794989412
723.27697753906	22.367826398830	5.4590636118346
724.27600097656	22.405148765772	5.5977029153519
725.27502441406	22.443717169883	5.7664815237816
726.27398681641	22.501286006632	5.9531348429929
727.27301025391	22.581506844563	6.1394795509329
728.27197265625	22.675885730850	6.3130564372767
729.27099609375	22.773083530759	6.4726669456761
730.27001953125	22.868436662701	6.6246887628366
731.26898193359	22.966442262023	6.7735805217028
732.26800537109	23.074349830567	6.9143773528003
733.26702880859	23.191784982159	7.0335345231973
734.26599121094	23.304570426810	7.1184701304444
735.26501464844	23.388390337029	7.1696514519077
736.26397705078	23.421514391706	7.2064553386713
737.26300048828	23.398887991445	7.2613813551064
738.26202392578	23.338017008174	7.3650855890633
739.26098632813	23.272283492247	7.5313871838741
740.26000976563	23.235955569471	7.7513882888044
741.25897216797	23.250014172229	7.9993491319740
742.25799560547	23.316409444242	8.2455704230644
743.25701904297	23.422337693922	8.4683525040264
744.25598144531	23.550285489591	8.6586718775969
745.25500488281	23.686641080636	8.8163922634834
746.25402832031	23.823272556998	8.9425707284065
747.25299072266	23.952088686220	9.0350597986171
748.25201416016	24.058441426815	9.0918961431127
749.25097656250	24.120709120201	9.1204814533428
750.25000000000	24.119346331282	9.1450348166931
751.24902343750	24.051217795988	9.2044096665690
752.24798583984	23.939533137981	9.3382570059039
753.24700927734	23.831338794774	9.5681420253552
754.24597167969	23.782144007957	9.8842414329049
755.24499511719	23.834895955885	10.244751501542
756.24401855469	24.002711672218	10.588281189375
757.24298095703	24.261770112559	10.854216517381
758.24200439453	24.557199819818	11.004105705318
759.24102783203	24.820720932788	11.036390894813
760.23999023438	24.994414502642	10.988062219322
761.23901367188	25.051048441227	10.921566387967
762.23797607422	25.002099405928	10.902361303823
763.23699951172	24.891050812876	10.977415510711
764.23602294922	24.776975998977	11.162881152811
765.23498535156	24.716238956575	11.442885065024
766.23400878906	24.748084928767	11.776946686957
767.23297119141	24.886135513092	12.111864882303
768.23199462891	25.116063765909	12.395441183491
769.23101806641	25.399623972545	12.589856695253
770.22998046875	25.684918114517	12.681918061110
771.22900390625	25.921052222131	12.686613696990
772.22802734375	26.072615543135	12.641887947954
773.22698974609	26.128205958132	12.596465813700
774.22601318359	26.100188946499	12.596226638599
775.22497558594	26.018021386758	12.675140343273
776.22399902344	25.920558205027	12.852296551541
777.22302246094	25.851220899973	13.131991143380
778.22198486328	25.855489767080	13.502771882072
779.22100830078	25.976875824830	13.933704890695
780.21997070313	26.247433985496	14.370948484919
781.21899414063	26.672710968096	14.740435995674
782.21801757813	27.216043083032	14.962499211263
783.21697998047	27.792707970489	14.979991958239
784.21600341797	28.285943998494	14.791733879414
785.21502685547	28.589062510445	14.471563509242
786.21398925781	28.657248878785	14.151618386075
787.21301269531	28.536561960927	13.969365689177
788.21197509766	28.347681547900	14.007122689246
789.21099853516	28.234614423780	14.259310006045
790.21002197266	28.308568305421	14.639542801587
791.20898437500	28.610483024643	15.016413154146
792.20800781250	29.100217877849	15.260897332185
793.20697021484	29.673143316272	15.291586672348
794.20599365234	30.200945619368	15.102902322867
795.20501708984	30.582431397219	14.761464501079
796.20397949219	30.778808387036	14.369950042078
797.20300292969	30.813922395820	14.019715519188
798.20202636719	30.745017755526	13.761323438741
799.20098876953	30.628405763623	13.604941076147
800.20001220703	30.501569746395	13.540170834254
801.19897460938	30.385870778280	13.555824357577
802.19799804688	30.299830084386	13.646486946182
803.19702148438	30.268935860343	13.805269676204
804.19598388672	30.323574944972	14.011720070549
805.19500732422	30.486381861322	14.225930219933
806.19396972656	30.757643982980	14.394676427695
807.19299316406	31.107883031237	14.467357255457
808.19201660156	31.482752024470	14.414390029809
809.19097900391	31.819219685784	14.239019597854
810.19000244141	32.065667023715	13.976477661953
811.18902587891	32.196719008962	13.681488268408
812.18798828125	32.217217812567	13.411148288323
813.18701171875	32.156776079679	13.210938368646
814.18597412109	32.060654897571	13.107080287746
815.18499755859	31.980713742598	13.103187094778
816.18402099609	31.966525626503	13.178872433602
817.18298339844	32.054855757644	13.290557008871
818.18200683594	32.257580255945	13.377640014835
819.18103027344	32.551992039273	13.376693130346
820.17999267578	32.880279881242	13.242739093999
821.17901611328	33.163988087252	12.970331130767
822.17797851563	33.332348794967	12.602321047748
823.17700195313	33.352575663323	12.216853951473
824.17602539063	33.244590617088	11.895754285283
825.17498779297	33.070657871080	11.691239535286
826.17401123047	32.906960585606	11.608911596470
827.17297363281	32.813948291141	11.612893804438
828.17199707031	32.819129295632	11.645780018916
829.17102050781	32.915828082929	11.651013447443
830.16998291016	33.073452378211	11.588417487050
831.16900634766	33.251249110670	11.439472039639
832.16802978516	33.408858870033	11.204955448394
833.16699218750	33.511518650305	10.900625340644
834.16601562500	33.533048544451	10.554893837250
835.16497802734	33.460953195114	10.207254462982
836.16400146484	33.303718695630	9.9025066428168
837.16302490234	33.094826078001	9.6779420673223
838.16198730469	32.886844285336	9.5475048770033
839.16101074219	32.734523079037	9.4916924490776
840.15997314453	32.673289962597	9.4604900761196
841.15899658203	32.703105319799	9.3900267238892
842.15802001953	32.785812304597	9.2267662362778
843.15698242188	32.858694686944	8.9489885967557
844.15600585938	32.859140144359	8.5747830010349
845.15502929688	32.748176756536	8.1518153040313
846.15399169922	32.520185802157	7.7351735294735
847.15301513672	32.195253144687	7.3672597308536
848.15197753906	31.802871701592	7.0708838222893
849.15100097656	31.369987663885	6.8551922846275
850.15002441406	30.919976669402	6.7247555845170
851.14898681641	30.478741669630	6.6820110924129
852.14801025391	30.078494377983	6.7207638840806
853.14697265625	29.752215915965	6.8172588167579
854.14599609375	29.519840755163	6.9279173231866
855.14501953125	29.374172367624	6.9993016466815
856.14398193359	29.276303704434	6.9876889349881
857.14300537109	29.166346666690	6.8792888959334
858.14202880859	28.987009502163	6.6989562542686
859.14099121094	28.708269640322	6.5000186777962
860.14001464844	28.338267245666	6.3394381432848
861.13897705078	27.913927878116	6.2533859568034
862.13800048828	27.478902912807	6.2474740082810
863.13702392578	27.063893274920	6.3046136179390
864.13598632813	26.679926696363	6.4016831561869
865.13500976563	26.324934001130	6.5228419190648
866.13397216797	25.995588747575	6.6619521147309
867.13299560547	25.694287516973	6.8153587511320
868.13201904297	25.426248595157	6.9731207213091
869.13098144531	25.189811866892	7.1173624886221
870.13000488281	24.968721756166	7.2307104595175
871.12902832031	24.734451685767	7.3095593211028
872.12799072266	24.459526452649	7.3721366341439
873.12701416016	24.134368659128	7.4535446400936
874.12597656250	23.775894899328	7.5887407954642
875.12500000000	23.420917175663	7.7938380431105
876.12402343750	23.108069881291	8.0576036902196
877.12298583984	22.859484207188	8.3479755804188
878.12200927734	22.672504971404	8.6287466943770
879.12097167969	22.525107343558	8.8763229563958
880.11999511719	22.390590025151	9.0871693287370
881.11901855469	22.251899377278	9.2725181401476
882.11798095703	22.106347884407	9.4452309918800
883.11700439453	21.958640097756	9.6090462272738
884.11602783203	21.808765673297	9.7583803933489
885.11499023438	21.645251802182	9.8882913598716
886.11401367188	21.449979898023	10.006436332556
887.11297607422	21.211982124252	10.136548696057
888.11199951172	20.940081799171	10.308883052370
889.11102294922	20.663948719471	10.542981544470
890.10998535156	20.421422391587	10.834480995227
891.10900878906	20.239618563407	11.155046028443
892.10797119141	20.121277923804	11.465719481430
893.10699462891	20.044202528045	11.736101759787
894.10601806641	19.974179579857	11.958408093399
895.10498046875	19.883855130394	12.148242883428
896.10400390625	19.765823884872	12.331665537906
897.10302734375	19.631839517470	12.527770191725
898.10198974609	19.499802750827	12.738547993913
899.10101318359	19.378844974144	12.952399109944
900.09997558594	19.263158047883	13.157176510621
901.09899902344	19.138476249185	13.352558317161
902.09802246094	18.995769656903	13.552312256291
903.09698486328	18.841550336235	13.774449418858
904.09600830078	18.696296224030	14.026588040851
905.09497070313	18.581636530790	14.297601833429
906.09399414063	18.505049960515	14.562114898499
907.09301757813	18.452841434163	14.795520409562
908.09197998047	18.396686358931	14.989893042485
909.09100341797	18.310527218573	15.160154438920
910.09002685547	18.186804094294	15.335299960047
911.08898925781	18.040807755920	15.540301323228
912.08801269531	17.899952487997	15.780953348712
913.08697509766	17.785870759565	16.041956651735
914.08599853516	17.701373928120	16.298638494336
915.08502197266	17.630605367962	16.533977556696
916.08398437500	17.551801096884	16.749502720435
917.08300781250	17.453497098616	16.962540217994
918.08197021484	17.342726651331	17.192020408189
919.08099365234	17.238985270799	17.443322769894
920.08001708984	17.158801992021	17.703477330796
921.07897949219	17.101998135397	17.950074522105
922.07800292969	17.049738736852	18.167914407988
923.07702636719	16.976294564731	18.361659785988
924.07598876953	16.867035823525	18.555055028840
925.07501220703	16.729760041681	18.776230997943
926.07397460938	16.590934728554	19.039183060241
927.07299804688	16.479129941156	19.334437475943
928.07202148438	16.407150903401	19.635034624858
929.07098388672	16.364442393133	19.913745307746
930.07000732422	16.324587671094	20.160163000918
931.06896972656	16.263239566291	20.386631712608
932.06799316406	16.174155551250	20.618472915303
933.06701660156	16.072165156439	20.875683618814
934.06597900391	15.981068099641	21.159125550637
935.06500244141	15.915711686111	21.451008673512
936.06402587891	15.870930717070	21.728822085576
937.06298828125	15.825119473048	21.982799678782
938.06201171875	15.756238989318	22.224590415544
939.06097412109	15.659072012120	22.480141110086
940.05999755859	15.550985992485	22.771625505223
941.05902099609	15.461554958732	23.101066415005
942.05798339844	15.413253248914	23.447414262926
943.05700683594	15.406370454116	23.779161926808
944.05603027344	15.418057475052	24.074103975507
945.05499267578	15.416742973246	24.333744170910
946.05401611328	15.382641676821	24.581790542450
947.05297851563	15.320187578843	24.847638677350
948.05200195313	15.253452093301	25.146406410942
949.05102539063	15.208169262324	25.469588495804
950.04998779297	15.193475206096	25.792692767235
951.04901123047	15.195848005859	26.093809461853
952.04797363281	15.189529646886	26.370424187799
953.04699707031	15.156306573324	26.641944799386
954.04602050781	15.100349758156	26.935845446348
955.04498291016	15.046836584234	27.267040484044
956.04400634766	15.024946232244	27.625559502389
957.04302978516	15.047146381667	27.981432224411
958.04199218750	15.098973471573	28.303956022379
959.04101562500	15.146788378712	28.582631105089
960.03997802734	15.159430310274	28.835621951990
961.03900146484	15.129241738660	29.098407028104
962.03802490234	15.077161742835	29.400227483041
963.03698730469	15.038170321573	29.744922362820
964.03601074219	15.037545460947	30.109415693470
965.03497314453	15.074262166006	30.460392981556
966.03399658203	15.122468206584	30.777728407673
967.03302001953	15.150449650853	31.068870430449
968.03198242188	15.144180480812	31.363545117013
969.03100585938	15.118380519105	31.691855153808
970.03002929688	15.106576126078	32.061749272460
971.02899169922	15.137456402278	32.452029327517
972.02801513672	15.213919206982	32.825840118616
973.02697753906	15.309223212811	33.155656925450
974.02600097656	15.383907187946	33.443376755000
975.02502441406	15.412734580692	33.720458359839
976.02398681641	15.402739243328	34.027018455873
977.02301025391	15.388585757726	34.384198391937
978.02197265625	15.408775395440	34.779990585054
979.02099609375	15.479424814792	35.177689420656
980.02001953125	15.583172129615	35.541239486592
981.01898193359	15.681068591920	35.860641630330
982.01800537109	15.740270896813	36.159711831346
983.01702880859	15.758157145129	36.479354096617
984.01599121094	15.764836116377	36.848096879080
985.01501464844	15.802089131810	37.261248341390
986.01397705078	15.893847600762	37.683360542865
987.01300048828	16.028460016765	38.072246609158
988.01202392578	16.165303329015	38.408957690120
989.01098632813	16.262511424866	38.712603491218
990.01000976563	16.307249220536	39.028387921483
991.00897216797	16.325915383609	39.396101311562
992.00799560547	16.366383922069	39.821919580267
993.00701904297	16.465132497470	40.273510599473
994.00598144531	16.621797690515	40.701542917053
995.00500488281	16.798202714753	41.073543459673
996.00402832031	16.944122954564	41.397674744530
997.00299072266	17.032976515633	41.718131403415
998.00201416016	17.081612975287	42.084261346074
999.00097656250	17.138865712313	42.515291933126
1000.0000000000	17.251561070158	42.986488592417
