#Parameters = {t=0.1; a=9000; ep_eff=6}
#"Frequency / GHz"	"Z3,3 [Real/Imaginary Part] [Re]"	"Z3,3 [Real/Imaginary Part] [Im]"
#-------------------------------------------------------------------------------------
1.0000000000000	117.13145265975	-2477.7687974114
1.9989999532700	148.16593439118	-1290.1756531049
2.9979999065399	134.07627561824	-914.83730938606
3.9969999790192	101.56047488530	-734.98550357195
4.9959998130798	59.607763945857	-618.33765816230
5.9949998855591	23.589859441795	-521.79652709410
6.9939999580383	4.3142673950963	-438.73762149661
7.9930000305176	9.9356266738407e-05	-372.87184027203
8.9919996261597	3.3313968430765	-324.51367323500
9.9910001754761	8.2835750224358	-290.45641911065
10.989999771118	11.317335563576	-266.47351556262
11.989000320435	10.938813021975	-248.28358003149
12.987999916077	7.6525949754092	-232.10829674568
13.987000465393	3.5817887957104	-215.78409364418
14.986000061035	0.91611359686217	-199.39034592563
15.984999656677	0.45338563930290	-184.26849623589
16.983999252319	1.6084184130667	-171.55430781430
17.982999801636	3.2335417684710	-161.55159269232
18.982000350952	4.2802710709729	-153.79537643507
19.981000900269	4.1904186778658	-147.32617652579
20.979999542236	3.1074780394911	-141.11358900971
21.979000091553	1.7373418034652	-134.57737607380
22.978000640869	0.82301493017465	-127.82488227400
23.976999282837	0.66946004739999	-121.37852420634
24.975999832153	1.0863739410051	-115.71612374410
25.975000381470	1.6282750790359	-110.99795816027
26.974000930786	1.8808453336776	-107.03301063435
27.972999572754	1.6788440690316	-103.41345222330
28.972000122070	1.1796447697365	-99.759930175573
29.971000671387	0.72805418441184	-95.946480170569
30.969999313354	0.60221376617591	-92.134579904175
31.968999862671	0.84621683281493	-88.610829255226
32.967998504639	1.2803616967844	-85.586676093146
33.966999053955	1.6268453010959	-83.081354155309
34.965999603271	1.6667499094701	-80.914427270486
35.965000152588	1.3642159840100	-78.804327155960
36.964000701904	0.88367071156899	-76.533629214096
37.963001251221	0.47277430705500	-74.071476996433
38.962001800537	0.30127935495579	-71.559105862031
39.960998535156	0.37943332633975	-69.190196788329
40.959999084473	0.58744961550400	-67.089681392397
41.958999633789	0.76710222880571	-65.257532837659
42.958000183105	0.81777222606745	-63.588064770738
43.957000732422	0.74877814026268	-61.948544751396
44.956001281738	0.65672288319012	-60.268696987001
45.955001831055	0.64492697203337	-58.579469185789
46.953998565674	0.74703012259130	-56.977477551470
47.952999114990	0.90551099355176	-55.549559053361
48.951999664307	1.0099140107699	-54.309445407684
49.951000213623	0.96793857685735	-53.180584787844
50.950000762939	0.76865881941217	-52.037232060730
51.949001312256	0.49439408552326	-50.781227110601
52.948001861572	0.26938283845988	-49.401318297029
53.946998596191	0.18457167857800	-47.971939902494
54.945999145508	0.25283137242544	-46.600792596354
55.944999694824	0.41508552311517	-45.367804715156
56.944000244141	0.58241221384410	-44.289266300550
57.943000793457	0.68725129232175	-43.320614807772
58.942001342773	0.71599386594866	-42.393046675080
59.941001892090	0.70395013678482	-41.460144682040
60.939998626709	0.69816209320959	-40.522860209083
61.938999176025	0.71747772057721	-39.616401633853
62.937999725342	0.73871368127468	-38.773228516447
63.937000274658	0.71620081874340	-37.990197903413
64.935997009277	0.61986538846073	-37.222825850856
65.934997558594	0.46441575681521	-36.412020707924
66.933998107910	0.30680652559474	-35.525001461084
67.932998657227	0.21268792069439	-34.579377731218
68.931999206543	0.21690846238730	-33.633569772901
69.930999755859	0.30466350418881	-32.752570800403
70.930000305176	0.42223570862761	-31.972015136088
71.929000854492	0.50923449771441	-31.280574903676
72.928001403809	0.53371810277487	-30.630499560846
73.927001953125	0.50822332775278	-29.970932041092
74.926002502441	0.47502295052195	-29.281469471904
75.925003051758	0.47176104460822	-28.582002206515
76.924003601074	0.50283675300492	-27.913086611076
77.922996520996	0.53593568253286	-27.302221942314
78.921997070313	0.52536041903319	-26.738981324134
79.920997619629	0.44742841311147	-26.176275771255
80.919998168945	0.32355079838417	-25.559617459309
81.918998718262	0.21255812667020	-24.865146243414
82.917999267578	0.17632126054389	-24.118969637966
83.916999816895	0.24272654615178	-23.385189614801
84.916000366211	0.38828881886940	-22.731992274319
85.915000915527	0.54819866593917	-22.195272448795
86.914001464844	0.64884228263531	-21.757869983650
87.913002014160	0.64763015689342	-21.357022397855
88.912002563477	0.55644131162029	-20.919465514821
89.911003112793	0.43171696716355	-20.402937956448
90.910003662109	0.33815634993981	-19.815968305942
91.908996582031	0.31219024469565	-19.205507259830
92.907997131348	0.34685257350026	-18.625118502624
93.906997680664	0.40226796874361	-18.104363070311
94.905998229980	0.43276437731532	-17.634803920007
95.904998779297	0.41494161482579	-17.178843674449
96.903999328613	0.36035217833667	-16.695223114335
97.902999877930	0.30595237320713	-16.164463184891
98.902000427246	0.29073545477249	-15.598499535042
99.901000976563	0.33476617566084	-15.031566405933
100.90000152588	0.43144638490441	-14.501459270675
101.89900207520	0.55353146727034	-14.032781275526
102.89800262451	0.66660772461096	-13.629387457814
103.89700317383	0.74192070307155	-13.276726667683
104.89600372314	0.76332696939436	-12.949818767501
105.89499664307	0.72807509503777	-12.620900314784
106.89399719238	0.64516721063176	-12.264158615038
107.89299774170	0.53451245751901	-11.859077099110
108.89199829102	0.42579606645457	-11.395592757509
109.89099884033	0.35341199185021	-10.880610410052
110.88999938965	0.34556509072992	-10.341403790658
111.88899993896	0.41084433021229	-9.8206916535986
112.88800048828	0.52906462855138	-9.3621156563862
113.88700103760	0.65366168743631	-8.9899627970248
114.88600158691	0.72910530202098	-8.6929488292551
115.88500213623	0.71833335069438	-8.4239707506025
116.88400268555	0.62483010349162	-8.1213101682663
117.88300323486	0.49263852538149	-7.7414925923518
118.88200378418	0.38214888583232	-7.2822563579088
119.88099670410	0.33735584385908	-6.7814376272902
120.87999725342	0.36394375428230	-6.2941125873618
121.87899780273	0.42890553724145	-5.8617324275115
122.87799835205	0.48122346619160	-5.4892953438422
123.87699890137	0.48349633918849	-5.1433615789314
124.87599945068	0.43586495743887	-4.7742299881618
125.87500000000	0.37567925675029	-4.3489783226738
126.87400054932	0.35296748553856	-3.8730535463688
127.87300109863	0.39893002803284	-3.3871326433254
128.87199401855	0.50668676886726	-2.9432560869884
129.87100219727	0.63406669051471	-2.5746909853873
130.86999511719	0.72678709265347	-2.2760874208184
131.86900329590	0.74974179996772	-2.0060201852906
132.86799621582	0.70664104007453	-1.7120784541985
133.86700439453	0.63436773940416	-1.3618429106419
134.86599731445	0.57719194975743	-0.95819390857291
135.86500549316	0.56023959040287	-0.53073842226367
136.86399841309	0.57899212519350	-0.11232921286799
137.86300659180	0.60923505865103	0.28304599538002
138.86199951172	0.62942703798375	0.66683183726893
139.86099243164	0.63975350082196	1.0629201820146
140.86000061035	0.66384588275692	1.4845044175844
141.85899353027	0.73150809958599	1.9177308140602
142.85800170898	0.85423072998796	2.3243441004900
143.85699462891	1.0097297758087	2.6624777491015
144.85600280762	1.1463882288118	2.9142054809976
145.85499572754	1.2081791586417	3.1030893230937
146.85400390625	1.1670543741080	3.2877192512640
147.85299682617	1.0409898885537	3.5320199841546
148.85200500488	0.88425292219326	3.8718709099101
149.85099792480	0.75771089537275	4.3000436212764
150.85000610352	0.69982207294928	4.7759369605806
151.84899902344	0.71383089765297	5.2500964366890
152.84800720215	0.77437412015465	5.6882845178648
153.84700012207	0.84710219426451	6.0832984561135
154.84599304199	0.90904025449701	6.4496141637991
155.84500122070	0.95723962982519	6.8061715243340
156.84399414063	1.0013487639736	7.1603059341514
157.84300231934	1.0475860716419	7.5047146814838
158.84199523926	1.0874117095648	7.8284068689546
159.84100341797	1.1000798614323	8.1326223250320
160.83999633789	1.0680062230433	8.4388009025248
161.83900451660	0.99379272739677	8.7807757503753
162.83799743652	0.90561266079677	9.1853782714876
163.83700561523	0.84598096724091	9.6548421459241
164.83599853516	0.85091484352470	10.162387309663
165.83500671387	0.93198859208888	10.663439894466
166.83399963379	1.0704846976553	11.115809015071
167.83299255371	1.2264341119120	11.498626007251
168.83200073242	1.3580385578766	11.820161963679
169.83099365234	1.4406062943875	12.110031330561
170.83000183105	1.4737176523939	12.401205874825
171.82899475098	1.4735712052763	12.714272866590
172.82800292969	1.4582666230923	13.053489008011
173.82699584961	1.4375397458095	13.414469021785
174.82600402832	1.4130448333162	13.794927637366
175.82499694824	1.3866931859064	14.199378729964
176.82400512695	1.3685632356267	14.634227836675
177.82299804688	1.3768638094274	15.097670336894
178.82200622559	1.4287336887064	15.573063803856
179.82099914551	1.5276620062601	16.031897824792
180.82000732422	1.6563081529129	16.446430689261
181.81900024414	1.7807327915010	16.805169667275
182.81799316406	1.8656363973709	17.121513365616
183.81700134277	1.8921899446689	17.428808251983
184.81599426270	1.8669636586858	17.763640448269
185.81500244141	1.8162814889937	18.148379479881
186.81399536133	1.7706891512061	18.583607212421
187.81300354004	1.7502798248256	19.053592326399
188.81199645996	1.7591930682073	19.539029214212
189.81100463867	1.7908020889159	20.028281433848
190.80999755859	1.8383080842204	20.520153881365
191.80900573730	1.9025617184022	21.017588437900
192.80799865723	1.9913424409639	21.518068376100
193.80700683594	2.1108715603775	22.008603419758
194.80599975586	2.2559942536713	22.469692151467
195.80499267578	2.4066425919941	22.886342468968
196.80400085449	2.5341347277612	23.258952376266
197.80299377441	2.6141054201382	23.606320943276
198.80200195313	2.6378520707175	23.958190300566
199.80099487305	2.6147631929132	24.342447199867
200.80000305176	2.5653379175811	24.775365151732
201.79899597168	2.5111736892012	25.260327889185
202.79800415039	2.4690858695417	25.792990878440
203.79699707031	2.4518678239469	26.366845443526
204.79600524902	2.4721274600739	26.973547221102
205.79499816895	2.5430747905555	27.598277852410
206.79400634766	2.6724128132160	28.215289194935
207.79299926758	2.8513671506987	28.790598954506
208.79200744629	3.0468932818917	29.295298635326
209.79100036621	3.2063100070885	29.724694884455
210.78999328613	3.2777802312408	30.111362060418
211.78900146484	3.2376923308877	30.519113809922
212.78799438477	3.1073800639966	31.017429164895
213.78700256348	2.9472504979954	31.650574611106
214.78599548340	2.8321294169320	32.419094235440
215.78500366211	2.8223558874412	33.281782754477
216.78399658203	2.9437858423995	34.173626304600
217.78300476074	3.1833516720753	35.030434805917
218.78199768066	3.4999745716573	35.809134801014
219.78100585938	3.8439442656398	36.495117527767
220.77999877930	4.1725319153891	37.095087950504
221.77900695801	4.4529033479382	37.624626007351
222.77799987793	4.6548763911749	38.103816901172
223.77699279785	4.7467754345542	38.565348907764
224.77600097656	4.7060328338707	39.065410942703
225.77499389648	4.5415752300859	39.680789285792
226.77400207520	4.3110394214310	40.484919356184
227.77299499512	4.1164896470128	41.513370009711
228.77200317383	4.0763150008355	42.736749313796
229.77099609375	4.2829406856364	44.054469052471
230.77000427246	4.7584281669221	45.314783184006
231.76899719238	5.4240094226473	46.364681545825
232.76800537109	6.1078693884517	47.120448740456
233.76699829102	6.6077405007857	47.623794420479
234.76600646973	6.7834868642204	48.036587892991
235.76499938965	6.6172407831916	48.569231005568
236.76400756836	6.2034671401822	49.396646058857
237.76300048828	5.6946071496923	50.615915907682
238.76199340820	5.2521784420905	52.251456693325
239.76100158691	5.0282154102219	54.277157743240
240.75999450684	5.1696705642056	56.625364438323
241.75900268555	5.8218080969448	59.170170919073
242.75799560547	7.1007877235789	61.692038081002
243.75700378418	9.0111939066404	63.860301229788
244.75599670410	11.322958658865	65.304094302505
245.75500488281	13.518182847913	65.824878911623
246.75399780273	14.972585023554	65.643558696884
247.75300598145	15.333333065959	65.400821071808
248.75199890137	14.751443339751	65.829177830816
249.75100708008	13.770827388807	67.407032843642
250.75000000000	13.078574878077	70.245029353184
251.74899291992	13.341954146912	74.114586216402
252.74800109863	15.103799536820	78.447061121455
253.74699401855	18.570939622687	82.317054893384
254.74600219727	23.260850956144	84.662269454208
255.74499511719	27.908286348170	84.948670923234
256.74398803711	31.160907026549	83.761720049100
257.74301147461	32.544831420546	82.425418565793
258.74200439453	32.560604985509	82.023584019940
259.74099731445	32.035986321010	82.947827320798
260.73999023438	31.601393206437	85.098004868687
261.73901367188	31.563002322520	88.246588496214
262.73800659180	32.030835320857	92.298418845914
263.73699951172	33.167807980798	97.377289298775
264.73599243164	35.456059259527	103.70562695283
265.73498535156	39.870891321259	111.26412917707
266.73400878906	47.800618191234	119.19787014553
267.73300170898	60.241064295873	125.05649151692
268.73199462891	75.656008368184	125.03103054426
269.73098754883	88.509612856632	117.53820936522
270.73001098633	93.647086464210	107.08505859018
271.72900390625	91.979017635040	100.31833860441
272.72799682617	88.160885265600	100.23615081226
273.72698974609	86.377275959611	106.65483287889
274.72601318359	90.003041809598	118.43624663878
275.72500610352	103.14053504527	133.52753527907
276.72399902344	131.23181646572	145.81231566290
277.72299194336	174.62637055707	139.61955672173
278.72198486328	210.73842970063	100.05228145597
279.72100830078	210.80104370339	48.869885485513
280.72000122070	187.16147579327	17.845637126638
281.71899414063	162.96701028955	7.4007278853125
282.71798706055	145.84233674646	7.5478416650403
283.71701049805	135.78143472590	12.037637705522
284.71600341797	131.66306372133	18.020856993018
285.71499633789	132.98049652096	24.015124847914
286.71398925781	140.02299820919	28.467954559149
287.71301269531	153.32634188471	28.409626785789
288.71200561523	171.39166607318	18.190785354903
289.71099853516	185.33975544284	-8.1553606266722
290.70999145508	179.25295297936	-44.329378601185
291.70901489258	152.02483618092	-68.792355734155
292.70800781250	121.90519490096	-73.011784079432
293.70700073242	100.24941234869	-65.526676391166
294.70599365234	87.498219304346	-54.606471439085
295.70498657227	81.209666328425	-44.007211839402
296.70401000977	79.349230417910	-35.111691326151
297.70300292969	80.548049337100	-28.539553313798
298.70199584961	83.710251242969	-24.741947518618
299.70098876953	87.670854475591	-24.021919820362
300.70001220703	91.131670721294	-26.300000714832
301.69900512695	92.900604479357	-30.959717715604
302.69799804688	92.160155047057	-36.970848693767
303.69699096680	88.534624764840	-43.069844675092
304.69601440430	82.199691691253	-47.817629610714
305.69500732422	74.149472317335	-49.905599942735
306.69400024414	66.046548249630	-48.822254934390
307.69299316406	59.450244757613	-45.123313823285
308.69198608398	55.222395088528	-39.957649918259
309.69100952148	53.568154210376	-34.502596585573
310.69000244141	54.325586800482	-29.791744350824
311.68899536133	57.069441954580	-26.831952346986
312.68798828125	60.865510063566	-26.665018903516
313.68701171875	63.857238841384	-29.894778437323
314.68600463867	63.620980733499	-35.490720671435
315.68499755859	59.191172379100	-40.440002670497
316.68399047852	52.431096661648	-42.111053857376
317.68301391602	46.104189508072	-40.373888480834
318.68200683594	41.700778791869	-36.661671860976
319.68099975586	39.412130383061	-32.396217219402
320.67999267578	38.862125924834	-28.500662816252
321.67898559570	39.521491953994	-25.498778687272
322.67800903320	40.823914657533	-23.641127492321
323.67700195313	42.214765876602	-22.936524823967
324.67599487305	43.245032982399	-23.170688115038
325.67498779297	43.666527938690	-24.006818491438
326.67401123047	43.418420064040	-25.135109367416
327.67300415039	42.508083341015	-26.335410487064
328.67199707031	40.927804910424	-27.405183021600
329.67098999023	38.709321145896	-28.069985504271
330.67001342773	36.047186211869	-28.020889067201
331.66900634766	33.324544422587	-27.072299109150
332.66799926758	30.983721369768	-25.280013799404
333.66699218750	29.363329028499	-22.913029879251
334.66598510742	28.625307304963	-20.341563111868
335.66500854492	28.765551059183	-17.946596534922
336.66400146484	29.638895721138	-16.077064068587
337.66299438477	30.962063333618	-15.016009044574
338.66198730469	32.317061489132	-14.912150349798
339.66101074219	33.217354533118	-15.681826505010
340.66000366211	33.271951770101	-16.965651246216
341.65899658203	32.364830347301	-18.238436927311
342.65798950195	30.692140823517	-19.033167926973
343.65701293945	28.623845011772	-19.103545622108
344.65600585938	26.528427800709	-18.426273733723
345.65499877930	24.684499987202	-17.110828492251
346.65399169922	23.278824416027	-15.319353049302
347.65301513672	22.434282771931	-13.232493800416
348.65200805664	22.229976288976	-11.048294867123
349.65100097656	22.701203349447	-8.9953313303597
350.64999389648	23.813982965931	-7.3451507575171
351.64898681641	25.409674852664	-6.4021527165568
352.64801025391	27.134582308083	-6.4304637908185
353.64700317383	28.429524782950	-7.4839381294102
354.64599609375	28.707856184808	-9.2132616420296
355.64498901367	27.716335553402	-10.893221574052
356.64401245117	25.753850761055	-11.798744882638
357.64300537109	23.468062417727	-11.604400865344
358.64199829102	21.463426659853	-10.430624878727
359.64099121094	20.094098898872	-8.6269568777320
360.64001464844	19.478117176287	-6.5728013400250
361.63900756836	19.581073976809	-4.5938614529682
362.63800048828	20.275062447063	-2.9483936695207
363.63699340820	21.363066389852	-1.8249759158908
364.63598632813	22.593638615112	-1.3265779752969
365.63500976563	23.690506047379	-1.4465444154578
366.63400268555	24.403221549716	-2.0586827888775
367.63299560547	24.562546215112	-2.9384372683814
368.63198852539	24.117599985781	-3.8116222675878
369.63101196289	23.143942977045	-4.4141175120830
370.63000488281	21.823247178513	-4.5472661012797
371.62899780273	20.399330978669	-4.1165031857285
372.62799072266	19.122836729616	-3.1418418597458
373.62701416016	18.204041151257	-1.7402444048624
374.62600708008	17.786617152518	-0.095015057371323
375.62500000000	17.937336154298	1.5704330353402
376.62399291992	18.635981061666	3.0112094593663
377.62298583984	19.755273615529	3.9866263379176
378.62200927734	21.043121962027	4.3157592647034
379.62100219727	22.148838333157	3.9659239028215
380.61999511719	22.733339430896	3.1212738207920
381.61898803711	22.626807357258	2.1419808384408
382.61801147461	21.907966372675	1.4015594724458
383.61700439453	20.830275624513	1.1254999531030
384.61599731445	19.672885344103	1.3497628329251
385.61499023438	18.637589436362	1.9856241364551
386.61401367188	17.828868713529	2.9060761580099
387.61300659180	17.284461755453	3.9998478993955
388.61199951172	17.016514530357	5.1845424932306
389.61099243164	17.039351249567	6.3910380431864
390.60998535156	17.373186079654	7.5357972983445
391.60900878906	18.021613204298	8.4981729744841
392.60800170898	18.928383144442	9.1204853511132
393.60699462891	19.930230680042	9.2490816478498
394.60598754883	20.744672799080	8.8249768483470
395.60501098633	21.047082608442	7.9876966768940
396.60400390625	20.640308078890	7.0918803834844
397.60299682617	19.597789307398	6.5636245980528
398.60198974609	18.237587678871	6.6888121508473
399.60101318359	16.955753654663	7.5089236774531
400.60000610352	16.073903500288	8.8639198246344
401.59899902344	15.778910602329	10.486226569541
402.59799194336	16.119065151511	12.069362872025
403.59698486328	17.003428616331	13.312853118150
404.59600830078	18.196733887349	13.981100600862
405.59500122070	19.352432382683	13.992154950245
406.59399414063	20.127677426037	13.483526546508
407.59298706055	20.338526389444	12.765360884291
408.59201049805	20.027736227067	12.160463375954
409.59100341797	19.386196058189	11.860108824657
410.58999633789	18.616266802415	11.899290080388
411.58898925781	17.848415907452	12.225414285274
412.58801269531	17.138675320124	12.778601357561
413.58700561523	16.512922881757	13.532187023944
414.58599853516	16.013652582560	14.484978261631
415.58499145508	15.719385632735	15.624182959583
416.58401489258	15.729364036558	16.887115184732
417.58300781250	16.124101587562	18.141720705463
418.58200073242	16.915463505918	19.194305820883
419.58099365234	17.998599084017	19.831399579256
420.57998657227	19.131458944290	19.902802709234
421.57901000977	19.985447608901	19.424437268916
422.57800292969	20.282676183292	18.624913583932
423.57699584961	19.940961011222	17.862617365661
424.57598876953	19.103722615745	17.456472983495
425.57501220703	18.039240159189	17.565535779817
426.57400512695	17.012895897749	18.184207836569
427.57299804688	16.218039048729	19.205353295613
428.57199096680	15.768159887120	20.482021091712
429.57101440430	15.714789614472	21.859357732367
430.57000732422	16.062173945531	23.181939106096
431.56900024414	16.766171685862	24.293285829094
432.56799316406	17.719006599350	25.046184675634
433.56698608398	18.736273783013	25.338205370390
434.56600952148	19.575781820696	25.168422229618
435.56500244141	20.009054883224	24.678676282057
436.56399536133	19.920068679541	24.127990480542
437.56298828125	19.360299834408	23.794105702141
438.56201171875	18.515354561658	23.867107614688
439.56100463867	17.616569872943	24.404127606197
440.55999755859	16.864037182680	25.351531725794
441.55899047852	16.393240032846	26.594191481730
442.55801391602	16.277123314872	27.996456948757
443.55700683594	16.542347076569	29.421910829144
444.55599975586	17.181960102714	30.734140701028
445.55499267578	18.151898119663	31.788399231516
446.55398559570	19.346089302543	32.433673411454
447.55300903320	20.563862125942	32.549828326827
448.55200195313	21.512510014823	32.128895628140
449.55099487305	21.893560192532	31.356141965053
450.54998779297	21.556474628512	30.598533228810
451.54901123047	20.604683869447	30.261888023347
452.54800415039	19.356430339040	30.614541440421
453.54699707031	18.206710691073	31.705758063213
454.54598999023	17.505563518974	33.389469435520
455.54501342773	17.495411838939	35.379193930201
456.54400634766	18.269275945318	37.289897752832
457.54299926758	19.709467515943	38.694236364909
458.54199218750	21.436359845053	39.255891235218
459.54098510742	22.883658465487	38.932913200198
460.54000854492	23.567175840831	38.079473926585
461.53900146484	23.363656705013	37.268356723334
462.53799438477	22.526936216767	36.962111133322
463.53698730469	21.466904714145	37.332697906749
464.53601074219	20.533757103597	38.302418577415
465.53500366211	19.929030362794	39.671311321158
466.53399658203	19.710202702803	41.224117976026
467.53298950195	19.834238996189	42.794788589872
468.53201293945	20.214546894378	44.293097939188
469.53100585938	20.775175944110	45.694175550175
470.52999877930	21.479632420435	46.998004434075
471.52899169922	22.318973849288	48.185142697230
472.52801513672	23.268746607050	49.201114856921
473.52700805664	24.247708468431	49.985916452226
474.52600097656	25.115795043585	50.534454140865
475.52499389648	25.728471618511	50.944886864126
476.52398681641	26.020290652765	51.408245383855
477.52301025391	26.057693230320	52.134298670425
478.52200317383	26.023481017642	53.261703431911
479.52099609375	26.150236445142	54.804844931992
480.51998901367	26.643670867862	56.650627166221
481.51901245117	27.618966084894	58.591395056647
482.51800537109	29.057102421439	60.386713974249
483.51699829102	30.798204963897	61.852433031034
484.51599121094	32.601793681641	62.952046914415
485.51501464844	34.273276742668	63.827992045881
486.51400756836	35.789060794850	64.724593484274
487.51300048828	37.331845749269	65.836211957542
488.51199340820	39.213619245845	67.168683008224
489.51098632813	41.726379732461	68.472157212244
490.51000976563	44.958206630565	69.268129444527
491.50900268555	48.616141341379	69.012679654974
492.50799560547	51.989387492941	67.424808656963
493.50698852539	54.240365229091	64.815780756400
494.50601196289	54.936419726518	62.049197190320
495.50500488281	54.341088669273	60.049369137235
496.50399780273	53.198917230402	59.313156555287
497.50299072266	52.318641039962	59.792590188602
498.50201416016	52.295376790818	61.032934479356
499.50100708008	53.381703637414	62.339875549151
500.50000000000	55.386841373735	62.950335221652
501.49899291992	57.623636337851	62.317240916040
502.49798583984	59.112525954594	60.483997994891
503.49700927734	59.124564293990	58.201673803904
504.49600219727	57.645416581400	56.509585730977
505.49499511719	55.292026872100	56.138070561930
506.49398803711	52.872132425777	57.276576178771
507.49301147461	51.056852514450	59.708435556484
508.49200439453	50.292815005086	63.006961324511
509.49099731445	50.815063464770	66.636646140411
510.48999023438	52.630770410209	69.989250242324
511.48901367188	55.445703705829	72.455490365208
512.48797607422	58.617655966464	73.612686965647
513.48699951172	61.289365722579	73.479622839358
514.48602294922	62.741567419743	72.618504182827
515.48498535156	62.736256461655	71.911491895492
516.48400878906	61.564021329689	72.165857878810
517.48297119141	59.817080404958	73.865010256457
518.48199462891	58.139625080165	77.166089338782
519.48101806641	57.113038625459	82.012881553609
520.47998046875	57.260409563707	88.222331730234
521.47900390625	59.089916275365	95.487364299220
522.47802734375	63.097722388472	103.29665934429
523.47698974609	69.650382553294	110.81728872162
524.47601318359	78.686996164285	116.87293932736
525.47497558594	89.338782579929	120.25393745003
526.47399902344	99.891720160667	120.45107505328
527.47302246094	108.52751086642	118.29407156359
528.47198486328	114.41918811785	115.67563154334
529.47100830078	118.11916758455	114.50915745256
530.46997070313	121.05319829935	115.95766362908
531.46899414063	124.88979380018	120.36327854742
532.46801757813	131.29456600678	127.47130143766
533.46697998047	141.99067343709	136.49192815709
534.46600341797	158.80984244918	145.80275490987
535.46502685547	183.28884867335	152.31331336141
536.46398925781	215.21030603246	151.03076559521
537.46301269531	250.18370961705	136.49048611530
538.46197509766	279.29868601580	107.40708985274
539.46099853516	294.77513512840	70.205360151126
540.46002197266	296.43778277722	34.508100017013
541.45898437500	290.02186132177	5.7191512275521
542.45800781250	281.29897530307	-16.202745232814
543.45697021484	273.38713202699	-33.822021782293
544.45599365234	267.04013203376	-49.957117508999
545.45501708984	261.45828331085	-66.839761502426
546.45397949219	254.73656366870	-85.751927236199
547.45300292969	244.27652474844	-106.46844868114
548.45202636719	227.86784233378	-126.68349124839
549.45098876953	205.46610279894	-142.55898266450
550.45001220703	179.98650347125	-151.00781136693
551.44897460938	155.61801933578	-151.78483662553
552.44799804688	135.30655736336	-147.13802557482
553.44702148438	119.87709897404	-139.94284320160
554.44598388672	108.69825692826	-132.39490216856
555.44500732422	100.58181847508	-125.72283324899
556.44396972656	94.325591606321	-120.37618984896
557.44299316406	88.960378010111	-116.27913229052
558.44201660156	83.858567531050	-113.05805932657
559.44097900391	78.750783480891	-110.25831764389
560.44000244141	73.638824014341	-107.52301661595
561.43902587891	68.640592398160	-104.66740851841
562.43798828125	63.862955461677	-101.63627882983
563.43701171875	59.367724589646	-98.416498764463
564.43597412109	55.210133323419	-94.990297841926
565.43499755859	51.479207596702	-91.355127323575
566.43402099609	48.288279480519	-87.572024428035
567.43298339844	45.719408479654	-83.785448458695
568.43200683594	43.766164349514	-80.191414200547
569.43103027344	42.312399015277	-76.972923730635
570.42999267578	41.155218446430	-74.235462532393
571.42901611328	40.062414182563	-71.965961831342
572.42797851563	38.847738378146	-70.032039971754
573.42700195313	37.436763497999	-68.231128748913
574.42602539063	35.885429799181	-66.376511787739
575.42498779297	34.333418382356	-64.372938151402
576.42401123047	32.922214273675	-62.236140995980
577.42297363281	31.731622481311	-60.053288667923
578.42199707031	30.764890475233	-57.921721366768
579.42102050781	29.974487659294	-55.904461636314
580.41998291016	29.301861155360	-54.018279674990
581.41900634766	28.706900525655	-52.249669433728
582.41802978516	28.174526094693	-50.580984497940
583.41699218750	27.700960684030	-49.008423075281
584.41601562500	27.274013853020	-47.540403727873
585.41497802734	26.864358054634	-46.181017840822
586.41400146484	26.434906048250	-44.912418306824
587.41302490234	25.962680374448	-43.691503111476
588.41198730469	25.457267665556	-42.466014733489
589.41101074219	24.961092134814	-41.201572698862
590.40997314453	24.528704567175	-39.901178569587
591.40899658203	24.197877437215	-38.603784168399
592.40802001953	23.970210930211	-37.363514955888
593.40698242188	23.811120803421	-36.221718317546
594.40600585938	23.668324290547	-35.186961398715
595.40502929688	23.498523290296	-34.232867920377
596.40399169922	23.287764391139	-33.314694453966
597.40301513672	23.053991918056	-32.394977074739
598.40197753906	22.830921648924	-31.462035070472
599.40100097656	22.645051538119	-30.530648301134
600.40002441406	22.500867814401	-29.626957502224
601.39898681641	22.381968616445	-28.768792188755
602.39801025391	22.265450303923	-27.954364767213
603.39697265625	22.138947323442	-27.165508561924
604.39599609375	22.008850022831	-26.382127645641
605.39501953125	21.894486496757	-25.597449831936
606.39398193359	21.813107560858	-24.823142242947
607.39300537109	21.766350095863	-24.081210544951
608.39202880859	21.737522473279	-23.388725764559
609.39099121094	21.701185651336	-22.745425279621
610.39001464844	21.638931586689	-22.132662990293
611.38897705078	21.550775868876	-21.524415221897
612.38800048828	21.454519945240	-20.903331434933
613.38702392578	21.373442204590	-20.270512352185
614.38598632813	21.321141674559	-19.643103061743
615.38500976563	21.293482871396	-19.041635408739
616.38397216797	21.272455928338	-18.476074907700
617.38299560547	21.238885895062	-17.939415625883
618.38201904297	21.185382204966	-17.412884235755
619.38098144531	21.120869318985	-16.879096425317
620.38000488281	21.063584930212	-16.333644497571
621.37902832031	21.028010120401	-15.787396429333
622.37799072266	21.014792341688	-15.258143590295
623.37701416016	21.010464256618	-14.757778994738
624.37597656250	20.996815050575	-14.283672363507
625.37500000000	20.963596051044	-13.820093786125
626.37402343750	20.915687462443	-13.348791380451
627.37298583984	20.869796243362	-12.861321459813
628.37200927734	20.842971554801	-12.364479101649
629.37097167969	20.841154984747	-11.875273663361
630.36999511719	20.855413016244	-11.409195824228
631.36901855469	20.868173768667	-10.969601867925
632.36798095703	20.865278533581	-10.545447116731
633.36700439453	20.845671768167	-10.118820824476
634.36602783203	20.821934178944	-9.6772306640258
635.36499023438	20.811448606440	-9.2219063982923
636.36401367188	20.824458881918	-8.7665641067481
637.36297607422	20.857212628583	-8.3277169118418
638.36199951172	20.894753420131	-7.9132364982880
639.36102294922	20.921247691947	-7.5168676113249
640.35998535156	20.931001793123	-7.1225066395061
641.35900878906	20.932362989357	-6.7152662115556
642.35797119141	20.941862804247	-6.2916416750957
643.35699462891	20.972769349527	-5.8616794199812
644.35601806641	21.026082719259	-5.4417761826283
645.35498046875	21.089978048617	-5.0432114671932
646.35400390625	21.148076050738	-4.6642443680861
647.35302734375	21.190945625945	-4.2910301439236
648.35198974609	21.222924633948	-3.9070982040513
649.35101318359	21.259386646152	-3.5046562880041
650.34997558594	21.316423141734	-3.0899460943735
651.34899902344	21.400130236890	-2.6789483388474
652.34802246094	21.502732200261	-2.2866148931946
653.34698486328	21.608074822954	-1.9168169492785
654.34600830078	21.702845632094	-1.5598400416085
655.34497070313	21.785878429431	-1.1991926836707
656.34399414063	21.869051110511	-0.82312887731694
657.34301757813	21.969175289238	-0.43282418884166
658.34197998047	22.096653020561	-0.041556772754556
659.34100341797	22.248635283762	0.33428742203184
660.34002685547	22.411364130773	0.68624008172423
661.33898925781	22.569976037990	1.0191943285743
662.33801269531	22.719159786564	1.3475371247510
663.33697509766	22.867074786525	1.6843616832063
664.33599853516	23.029618076496	2.0314858348702
665.33502197266	23.219089083736	2.3773325427121
666.33398437500	23.435051080911	2.7041417431943
667.33300781250	23.663762200781	2.9997332174743
668.33197021484	23.886729814134	3.2658186849646
669.33099365234	24.092842534839	3.5170427289392
670.33001708984	24.285663533801	3.7710394100836
671.32897949219	24.480626321582	4.0363488891287
672.32800292969	24.694050629340	4.3066331475252
673.32702636719	24.931682022514	4.5652388275700
674.32598876953	25.184586309343	4.7967544159003
675.32501220703	25.435198678595	4.9977081864438
676.32397460938	25.669505886540	5.1789543915862
677.32299804688	25.886780463141	5.3578116641343
678.32202148438	26.099775783063	5.5455086975683
679.32098388672	26.325117405578	5.7388566285293
680.32000732422	26.570728690605	5.9224254599046
681.31896972656	26.829190106460	6.0795294835441
682.31799316406	27.081939219293	6.2047615676792
683.31701660156	27.311763926926	6.3090168459030
684.31597900391	27.515126619602	6.4131570899904
685.31500244141	27.705376612926	6.5341933397876
686.31402587891	27.904264701603	6.6737073338423
687.31298828125	28.127642081958	6.8166658523953
688.31201171875	28.375038322201	6.9413037412822
689.31097412109	28.630188619952	7.0334877121374
690.30999755859	28.872112128325	7.0958396949985
691.30902099609	29.089295090641	7.1453650279947
692.30798339844	29.287048959300	7.2010588772937
693.30700683594	29.482785446992	7.2704981383157
694.30603027344	29.692743184204	7.3449005683782
695.30499267578	29.919868444165	7.4061711779306
696.30401611328	30.151467441641	7.4406844538370
697.30297851563	30.368433753832	7.4500425426540
698.30200195313	30.559676337421	7.4507563083936
699.30102539063	30.731317089891	7.4626140397907
700.29998779297	30.903472146688	7.4937865949078
701.29901123047	31.096466787439	7.5335010847325
702.29797363281	31.315876245830	7.5577708900111
703.29699707031	31.546696050429	7.5447888876601
704.29602050781	31.760946017709	7.4900338429834
705.29498291016	31.934445017298	7.4110932325798
706.29400634766	32.062001883548	7.3383382778151
707.29302978516	32.160780924766	7.2974562948882
708.29199218750	32.259999360402	7.2954737892621
709.29101562500	32.384480058373	7.3188731978511
710.28997802734	32.542968013882	7.3435891126486
711.28900146484	32.727559748507	7.3490116135889
712.28802490234	32.922756423684	7.3267080702694
713.28698730469	33.116437903934	7.2790642995796
714.28601074219	33.304468651291	7.2107702521512
715.28497314453	33.486193406488	7.1213635545658
716.28399658203	33.655804867276	7.0057607826715
717.28302001953	33.798279208541	6.8630213980829
718.28198242188	33.895580812791	6.7060661464175
719.28100585938	33.940284506864	6.5627373529327
720.28002929688	33.946911135232	6.4644918214781
721.27899169922	33.950980377569	6.4283196195489
722.27801513672	33.994186482760	6.4438737774972
723.27697753906	34.103701313243	6.4747972148147
724.27600097656	34.277603174064	6.4744074230943
725.27502441406	34.484824670349	6.4075709836065
726.27398681641	34.680172685235	6.2669270556712
727.27301025391	34.826367629547	6.0742100588827
728.27197265625	34.910103066172	5.8659302981641
729.27099609375	34.942640336739	5.6730918999135
730.27001953125	34.946350159235	5.5084026016232
731.26898193359	34.938380672896	5.3681939114554
732.26800537109	34.923241667260	5.2448352487599
733.26702880859	34.898243967413	5.1385329849294
734.26599121094	34.865891894337	5.0589493759171
735.26501464844	34.842122884713	5.0152121869227
736.26397705078	34.852584845950	5.0022604704785
737.26300048828	34.918203747970	4.9945250490938
738.26202392578	35.039279059069	4.9531043143166
739.26098632813	35.188939331534	4.8436282120606
740.26000976563	35.321511053117	4.6549757037354
741.25897216797	35.392622912969	4.4073371725291
742.25799560547	35.379800788219	4.1437418542724
743.25701904297	35.290978266103	3.9097192651591
744.25598144531	35.156479244844	3.7340713954295
745.25500488281	35.011564257330	3.6220276639515
746.25402832031	34.882010813307	3.5621672200853
747.25299072266	34.780653496625	3.5388820121779
748.25201416016	34.713735730520	3.5403611093561
749.25097656250	34.688944180747	3.5569235328752
750.25000000000	34.716646485511	3.5730810829303
751.24902343750	34.801888524822	3.5618511025844
752.24798583984	34.932330443245	3.4888181604715
753.24700927734	35.071862378175	3.3267921620492
754.24597167969	35.167680924703	3.0738631267253
755.24499511719	35.170774067393	2.7628730905448
756.24401855469	35.059878576083	2.4533209449952
757.24298095703	34.854026761914	2.2074105020598
758.24200439453	34.605105518412	2.0636149930061
759.24102783203	34.375186959470	2.0227705043566
760.23999023438	34.212384887806	2.0524583755652
761.23901367188	34.137050508740	2.1037748276982
762.23797607422	34.141654233012	2.1299536076088
763.23699951172	34.200162558763	2.0983942979640
764.23602294922	34.279433303931	1.9936365968448
765.23498535156	34.346612993205	1.8142958301561
766.23400878906	34.371483082653	1.5698078086330
767.23297119141	34.327485014483	1.2804450300602
768.23199462891	34.196239224209	0.97888266398043
769.23101806641	33.976090054543	0.70775002621876
770.22998046875	33.689320583968	0.50932977459813
771.22900390625	33.380842093369	0.41003552785979
772.22802734375	33.105861324005	0.40790553515048
773.22698974609	32.911351040050	0.47044134343512
774.22601318359	32.819946330509	0.54438133855585
775.22497558594	32.822906584944	0.57271982175330
776.22399902344	32.884083126237	0.51188479929372
777.22302246094	32.951994701658	0.34273478194140
778.22198486328	32.974408730475	0.072870233647151
779.22100830078	32.909942125382	-0.26838652071005
780.21997070313	32.734516014662	-0.63780236699851
781.21899414063	32.444429176775	-0.98573500617378
782.21801757813	32.058454256770	-1.2638182867352
783.21697998047	31.618130425472	-1.4352860808060
784.21600341797	31.182050888394	-1.4876488079893
785.21502685547	30.811221699143	-1.4424823683406
786.21398925781	30.547939719472	-1.3552144991158
787.21301269531	30.395870039106	-1.3007660319142
788.21197509766	30.311085793478	-1.3469322120370
789.21099853516	30.212143915168	-1.5236885291640
790.21002197266	30.010902861709	-1.8031058645437
791.20898437500	29.653278523375	-2.1049699710068
792.20800781250	29.147314985636	-2.3310678146147
793.20697021484	28.559340680756	-2.4105104844723
794.20599365234	27.980535886871	-2.3286532805191
795.20501708984	27.485965931152	-2.1251045747923
796.20397949219	27.108648503680	-1.8676714023996
797.20300292969	26.837538826388	-1.6199240393369
798.20202636719	26.635077430845	-1.4184964056811
799.20098876953	26.462315938103	-1.2687390578693
800.20001220703	26.297306267069	-1.1580014322062
801.19897460938	26.136941493173	-1.0756947292209
802.19799804688	25.983417684539	-1.0257483210449
803.19702148438	25.826940365504	-1.0228561483549
804.19598388672	25.638452417274	-1.0756766814740
805.19500732422	25.379242401690	-1.1693112701557
806.19396972656	25.022584758121	-1.2608392777222
807.19299316406	24.573192081146	-1.2934277944658
808.19201660156	24.070628672142	-1.2213926088220
809.19097900391	23.573989391864	-1.0302447798775
810.19000244141	23.138126837713	-0.74061063145288
811.18902587891	22.795131192621	-0.39628598997216
812.18798828125	22.548699927561	-0.045757173077822
813.18701171875	22.380387281314	0.27311202101954
814.18597412109	22.261515940578	0.53962453373436
815.18499755859	22.163566861835	0.74835316925116
816.18402099609	22.062814876033	0.90333947932432
817.18298339844	21.939822745588	1.0140642170465
818.18200683594	21.778465862478	1.0955389618502
819.18103027344	21.568465237133	1.1698455504239
820.17999267578	21.311192368380	1.2642381718162
821.17901611328	21.023689345893	1.4032966727697
822.17797851563	20.735702389238	1.5983417903029
823.17700195313	20.478993378654	1.8407971181664
824.17602539063	20.273992535565	2.1045499084289
825.17498779297	20.121042300335	2.3569684526849
826.17401123047	20.001143345882	2.5731409548608
827.17297363281	19.885998913351	2.7459200327341
828.17199707031	19.751905270067	2.8863209232139
829.17102050781	19.589452738150	3.0144524244529
830.16998291016	19.403518984276	3.1471134106727
831.16900634766	19.204820454692	3.2904252134616
832.16802978516	18.999997444088	3.4415721272561
833.16699218750	18.787597514479	3.5969763574301
834.16601562500	18.562368079654	3.7597435589633
835.16497802734	18.323811383034	3.9401455368023
836.16400146484	18.081692945949	4.1484233920121
837.16302490234	17.853411515034	4.3853692173990
838.16198730469	17.654212129990	4.6380664387214
839.16101074219	17.486782779879	4.8846463354246
840.15997314453	17.337342794879	5.1059549982139
841.15899658203	17.181597189386	5.2970601246292
842.15802001953	16.997718617417	5.4711829481354
843.15698242188	16.778487887932	5.6529893724901
844.15600585938	16.534817103365	5.8650680486225
845.15502929688	16.288538169359	6.1165181281436
846.15399169922	16.059803596674	6.4004411105767
847.15301513672	15.857525400012	6.7010575121363
848.15197753906	15.678297599252	7.0045133428428
849.15100097656	15.513300091838	7.3060258968638
850.15002441406	15.357466046036	7.6090158930990
851.14898681641	15.213913537834	7.9175704806907
852.14801025391	15.090336887303	8.2285935663932
853.14697265625	14.990224260882	8.5300500415805
854.14599609375	14.905580899877	8.8074295025284
855.14501953125	14.817331677567	9.0543629802446
856.14398193359	14.704409924160	9.2799891343472
857.14300537109	14.556299407005	9.5069910416990
858.14202880859	14.380531246999	9.7604504401846
859.14099121094	14.199607953906	10.054235122835
860.14001464844	14.038996740864	10.383930519480
861.13897705078	13.913945712753	10.730355220001
862.13800048828	13.822998709640	11.071065986091
863.13702392578	13.751589228869	11.392458020447
864.13598632813	13.682800853199	11.695240375610
865.13500976563	13.608088511167	11.990174091029
866.13397216797	13.530683043665	12.287682546940
867.13299560547	13.459846129333	12.589131379308
868.13201904297	13.400674985783	12.886042582787
869.13098144531	13.347316327447	13.167851118531
870.13000488281	13.284954729265	13.432247089288
871.12902832031	13.199633958777	13.690485007477
872.12799072266	13.089251347900	13.962895471553
873.12701416016	12.967510762915	14.267088186484
874.12597656250	12.857500403726	14.606774464976
875.12500000000	12.778974885525	14.968946109706
876.12402343750	12.737478395816	15.331166120533
877.12298583984	12.722236202080	15.674422775244
878.12200927734	12.713944936141	15.993420080784
879.12097167969	12.697525447994	16.297742790589
880.11999511719	12.671319578675	16.603134917055
881.11901855469	12.646373612570	16.919057117248
882.11798095703	12.636522113952	17.241371333689
883.11700439453	12.646592305310	17.555322520130
884.11602783203	12.666988607662	17.846523353836
885.11499023438	12.678730958594	18.112499457199
886.11401367188	12.665920159579	18.366434614843
887.11297607422	12.626964598612	18.629910770947
888.11199951172	12.576532141760	18.919380573152
889.11102294922	12.536568014333	19.235728106098
890.10998535156	12.522546096702	19.563985429296
891.10900878906	12.534131671960	19.883217353830
892.10797119141	12.556205146639	20.180025113499
893.10699462891	12.569480773660	20.456668329214
894.10601806641	12.563554245660	20.728468769703
895.10498046875	12.543247293719	21.012342606094
896.10400390625	12.523956664031	21.314736406493
897.10302734375	12.519555007347	21.627662679059
898.10198974609	12.531859148887	21.935453186227
899.10101318359	12.548994830706	22.227115363919
900.09997558594	12.554184515845	22.505684462756
901.09899902344	12.538746858798	22.787297505715
902.09802246094	12.509922022172	23.090249940544
903.09698486328	12.487418892356	23.421728177676
904.09600830078	12.490845876960	23.771595739114
905.09497070313	12.526442553966	24.117818073863
906.09399414063	12.582270850821	24.440246251601
907.09301757813	12.635252564859	24.733686992210
908.09197998047	12.665894279410	25.011404503118
909.09100341797	12.670895354535	25.296270833861
910.09002685547	12.664616662446	25.605467482663
911.08898925781	12.668511135878	25.939430790333
912.08801269531	12.696154548367	26.282719893246
913.08697509766	12.744186043346	26.615702019732
914.08599853516	12.795322984032	26.929034540245
915.08502197266	12.831457323645	27.230781432503
916.08398437500	12.847596107350	27.540742091844
917.08300781250	12.856528539511	27.875939506259
918.08197021484	12.880468324726	28.237590823188
919.08099365234	12.935563644852	28.609048015258
920.08001708984	13.020031508486	28.966309267360
921.07897949219	13.114173613808	29.294267529317
922.07800292969	13.193025028830	29.597665463495
923.07702636719	13.243326981044	29.898673552356
924.07598876953	13.273002762559	30.222109187370
925.07501220703	13.305909512892	30.578535118105
926.07397460938	13.365719598190	30.957069436007
927.07299804688	13.459925553356	31.332828301082
928.07202148438	13.574755128349	31.683865219187
929.07098388672	13.684649590362	32.006300282202
930.07000732422	13.770195161390	32.317077350465
931.06896972656	13.831920857763	32.641850598722
932.06799316406	13.889857618644	32.996526354718
933.06701660156	13.969094277235	33.375793391358
934.06597900391	14.081618008251	33.756625284407
935.06500244141	14.217095709354	34.114570995103
936.06402587891	14.349285457722	34.441675938112
937.06298828125	14.454334971634	34.753457383476
938.06201171875	14.528383321372	35.079080490937
939.06097412109	14.591392721222	35.441288380682
940.05999755859	14.674207216343	35.840249598759
941.05902099609	14.797741188647	36.252840543846
942.05798339844	14.958691497130	36.647820680594
943.05700683594	15.131314591113	37.006995549618
944.05603027344	15.284999664979	37.338025037569
945.05499267578	15.405826424186	37.669164358376
946.05401611328	15.506599938556	38.029207812830
947.05297851563	15.617733905140	38.426683640867
948.05200195313	15.765513428327	38.843463414862
949.05102539063	15.952876349472	39.247051145307
950.04998779297	16.156050844778	39.613551165038
951.04901123047	16.340211282144	39.945836620870
952.04797363281	16.484155821108	40.273222247238
953.04699707031	16.596296598233	40.631862587745
954.04602050781	16.709959043198	41.039783923607
955.04498291016	16.861046174088	41.483880540575
956.04400634766	17.063673666610	41.928324271244
957.04302978516	17.300105664351	42.338750931141
958.04199218750	17.532372394177	42.706084114739
959.04101562500	17.728689148800	43.053625666394
960.03997802734	17.886301821309	43.420982492668
961.03900146484	18.033804686776	43.835973199870
962.03802490234	18.211076346905	44.294902457072
963.03698730469	18.441051458608	44.764665711130
964.03601074219	18.713090582488	45.206090256632
965.03497314453	18.989302707223	45.601961863321
966.03399658203	19.231188129800	45.971170640275
967.03302001953	19.428285766700	46.356866167219
968.03198242188	19.607441574579	46.796195640392
969.03100585938	19.815422465709	47.293480084058
970.03002929688	20.087299625029	47.816073568282
971.02899169922	20.421865816539	48.315331158204
972.02801513672	20.781157375621	48.759796532579
973.02697753906	21.115887721032	49.157969313352
974.02600097656	21.400638922977	49.553799737398
975.02502441406	21.652772472681	49.995594666699
976.02398681641	21.921048798833	50.501704806259
977.02301025391	22.251779653648	51.046851192460
978.02197265625	22.656159121767	51.578753280661
979.02099609375	23.101076821784	52.054300681913
980.02001953125	23.531147832162	52.471298339574
981.01898193359	23.908597990342	52.872127918462
982.01800537109	24.242191113043	53.314388198276
983.01702880859	24.583013635059	53.829330278749
984.01599121094	24.989676795092	54.398295960623
985.01501464844	25.487219328657	54.963306101375
986.01397705078	26.047824727967	55.466055410525
987.01300048828	26.607602140567	55.889401516685
988.01202392578	27.111099810996	56.271950757346
989.01098632813	27.552411118709	56.682428896328
990.01000976563	27.981182999268	57.170429246217
991.00897216797	28.468636708610	57.730321542856
992.00799560547	29.057929623396	58.303390356633
993.00701904297	29.732281374287	58.817093939354
994.00598144531	30.423943317622	59.236557626672
995.00500488281	31.061086839681	59.592386274509
996.00402832031	31.621167472603	59.961296532848
997.00299072266	32.149747628730	60.411164652859
998.00201416016	32.729873073162	60.951317159340
999.00097656250	33.424163411675	61.523685866897
1000.0000000000	34.229471165433	62.041007420268
