#Parameters = {t=0.1; a=9000; ep_eff=6}
#"Frequency / GHz"	"Z4,4 [Real/Imaginary Part] [Re]"	"Z4,4 [Real/Imaginary Part] [Im]"
#-------------------------------------------------------------------------------------
1.0000000000000	-681.69665973995	-1687.7189106269
1.9989999532700	-1.0948203471116	-1107.7465021970
2.9979999065399	160.68570020577	-861.00624033803
3.9969999790192	187.93029527222	-777.93056074221
4.9959998130798	111.24829801881	-743.89809993349
5.9949998855591	-5.6123929225107	-644.75631950690
6.9939999580383	-53.054070064504	-505.90048902492
7.9930000305176	-44.110924023592	-401.28882483537
8.9919996261597	-20.204687979172	-336.97422955712
9.9910001754761	2.0164381991371	-300.20018178908
10.989999771118	16.626912946996	-281.46227256335
11.989000320435	19.695605892083	-272.81296212409
12.987999916077	10.615911036553	-263.95754403282
13.987000465393	-2.8031788736679	-246.49622154781
14.986000061035	-10.299986501037	-222.61073049120
15.984999656677	-9.6271788372889	-199.98592889797
16.983999252319	-4.2430558252367	-182.93665593785
17.982999801636	2.0248972291481	-172.06771467334
18.982000350952	6.2492303278881	-166.19061294135
19.981000900269	6.5216447427907	-162.77173838070
20.979999542236	3.0446068624825	-158.36850878949
21.979000091553	-1.3704760891613	-150.88182929623
22.978000640869	-3.7284216423775	-141.29402156054
23.976999282837	-3.2654091223924	-132.03393565153
24.975999832153	-1.0213153595497	-124.78805529788
25.975000381470	1.4406478206849	-120.00961490049
26.974000930786	2.7301078288302	-117.12305194112
27.972999572754	2.1701285362878	-114.75785134459
28.972000122070	0.31134683983398	-111.45034808579
29.971000671387	-1.4155476195887	-106.73744999490
30.969999313354	-1.9119077730646	-101.38090487844
31.968999862671	-1.0778366558698	-96.510044878932
32.967998504639	0.45536341873201	-92.866511543462
33.966999053955	1.7985393256900	-90.576837924247
34.965999603271	2.1991105608525	-89.149237218421
35.965000152588	1.4577871053909	-87.674012587719
36.964000701904	0.12582732563542	-85.394321234362
37.963001251221	-0.91809847144691	-82.260778224704
38.962001800537	-1.1473393949924	-78.842753002362
39.960998535156	-0.62327257695482	-75.802129823265
40.959999084473	0.20436298564915	-73.509538244760
41.958999633789	0.79662497077731	-71.922555647435
42.958000183105	0.81452527414704	-70.638433967190
43.957000732422	0.33213436938369	-69.144735496870
44.956001281738	-0.22455580727373	-67.185533078840
45.955001831055	-0.42243092198350	-64.922276339819
46.953998565674	-0.12006538958401	-62.755816667677
47.952999114990	0.49424702746754	-61.038711816611
48.951999664307	1.0421386828223	-59.882189135266
49.951000213623	1.1683608532627	-59.089327769185
50.950000762939	0.76951839162044	-58.250639293492
51.949001312256	0.086548100704478	-57.013645252866
52.948001861572	-0.47286405732474	-55.332092807500
53.946998596191	-0.62808329959227	-53.457090708987
54.945999145508	-0.36858548458292	-51.727021871214
55.944999694824	0.095651419361023	-50.367525556921
56.944000244141	0.47554136505242	-49.391328862143
57.943000793457	0.56942572258801	-48.606501662393
58.942001342773	0.38765284684927	-47.744993219778
59.941001892090	0.13346970118912	-46.653678510830
60.939998626709	0.037195322966990	-45.393202433840
61.938999176025	0.19025409493094	-44.168833490455
62.937999725342	0.49731494917279	-43.177801482219
63.937000274658	0.74341214738548	-42.480627797206
64.935997009277	0.73041184710671	-41.951446815398
65.934997558594	0.41961665175775	-41.346243625006
66.933998107910	-0.026819056536496	-40.470980578633
67.932998657227	-0.36021034397370	-39.318154554454
68.931999206543	-0.41384303529097	-38.055925835410
69.930999755859	-0.18916204694173	-36.907142988664
70.930000305176	0.16567230092040	-36.023637570358
71.929000854492	0.44452197150103	-35.411027148964
72.928001403809	0.50217314612258	-34.928317602067
73.927001953125	0.34534274742014	-34.378966934986
74.926002502441	0.11991644265182	-33.646518144282
75.925003051758	-0.0040809557871319	-32.765886914488
76.924003601074	0.049991552792541	-31.878895747255
77.922996520996	0.22689686188952	-31.128470143715
78.921997070313	0.38432846423539	-30.565460138569
79.920997619629	0.38895492632754	-30.113667839118
80.919998168945	0.21221606412683	-29.618210646248
81.918998718262	-0.044814733415335	-28.955906992144
82.917999267578	-0.22460029837053	-28.122468680163
83.916999816895	-0.22096466175696	-27.228125300543
84.916000366211	-0.039785486465881	-26.421122677275
85.915000915527	0.21156565185327	-25.799030767097
86.914001464844	0.38972207833195	-25.352840606984
87.913002014160	0.40489896952928	-24.972138572389
88.912002563477	0.28067171619282	-24.519911130577
89.911003112793	0.13231826730939	-23.929084192115
90.910003662109	0.078717867757300	-23.243577256892
91.908996582031	0.16048790251821	-22.578153722771
92.907997131348	0.31677514897776	-22.036959857816
93.906997680664	0.42561777462844	-21.641854434559
94.905998229980	0.38621004658418	-21.310215537338
95.904998779297	0.19547785462579	-20.904802717298
96.903999328613	-0.041984684556282	-20.329450054839
97.902999877930	-0.18306160287107	-19.595672922749
98.902000427246	-0.13567517449949	-18.812477373857
99.901000976563	0.092346768922296	-18.121102459763
100.90000152588	0.40007112735860	-17.620426406579
101.89900207520	0.64583088196081	-17.314627065964
102.89800262451	0.72549434235460	-17.109158091692
103.89700317383	0.63339525720057	-16.868641411878
104.89600372314	0.45675113069847	-16.503049880789
105.89499664307	0.30703484740917	-16.015011707080
106.89399719238	0.24717943060822	-15.478001539041
107.89299774170	0.26424714528591	-14.974565395103
108.89199829102	0.29396721207307	-14.540870583763
109.89099884033	0.27480154389873	-14.148377800082
110.88999938965	0.19581244482628	-13.732422721103
111.88899993896	0.10400027560298	-13.246510685732
112.88800048828	0.066669925548622	-12.700344369176
113.88700103760	0.12049338081514	-12.154037522503
114.88600158691	0.24388730587302	-11.677371086606
115.88500213623	0.36841276906144	-11.302439793464
116.88400268555	0.42253406203102	-10.999368550727
117.88300323486	0.38092176840665	-10.694247199078
118.88200378418	0.28242031342127	-10.320539517696
119.88099670410	0.20053847610102	-9.8653858068691
120.87999725342	0.19021426453100	-9.3753460503081
121.87899780273	0.25032084762734	-8.9210506665848
122.87799835205	0.32464779619957	-8.5464719244368
123.87699890137	0.34069997320064	-8.2346037626705
124.87599945068	0.26396542996239	-7.9140510384251
125.87500000000	0.12915725378999	-7.5076151446338
126.87400054932	0.021705577682204	-6.9884082079565
127.87300109863	0.023797416542563	-6.4016100905253
128.87199401855	0.16372952208525	-5.8407540589871
129.87100219727	0.39628805170231	-5.3971424985685
130.86999511719	0.62219199134313	-5.1081805731604
131.86900329590	0.74097146330963	-4.9312560036827
132.86799621582	0.71087236278395	-4.7653625530703
133.86700439453	0.57275022783111	-4.5132310527761
134.86599731445	0.41766107683628	-4.1386954738047
135.86500549316	0.32627718403635	-3.6777124126534
136.86399841309	0.32512459371562	-3.2040266458077
137.86300659180	0.38171649391930	-2.7790950683104
138.86199951172	0.43490003336667	-2.4160163745333
139.86099243164	0.44076531043626	-2.0770192495452
140.86000061035	0.40425559489489	-1.7062358595938
141.85899353027	0.37405940907652	-1.2742322354058
142.85800170898	0.40615150517864	-0.80153987221720
143.85699462891	0.52386992785670	-0.34710753025747
144.85600280762	0.69960378977893	0.027561345561799
145.85499572754	0.86740732179665	0.29646899465806
146.85400390625	0.96003248519012	0.48709847143801
147.85299682617	0.94812142705722	0.66477954444365
148.85200500488	0.85397900104924	0.89291916633944
149.85099792480	0.73069996150374	1.1986035637983
150.85000610352	0.62582165233107	1.5673449516172
151.84899902344	0.55718874112907	1.9649068026098
152.84800720215	0.51417006098532	2.3658863704865
153.84700012207	0.47850913570244	2.7689056558317
154.84599304199	0.44713709622181	3.1893062364256
155.84500122070	0.43902535634662	3.6370476589262
156.84399414063	0.48089754842131	4.0982109765889
157.84300231934	0.58288357743108	4.5353466565811
158.84199523926	0.72221821042459	4.9077341356088
159.84100341797	0.84807587990207	5.1994191330161
160.83999633789	0.90802687196793	5.4357927004926
161.83900451660	0.88050062242810	5.6739713883870
162.83799743652	0.78940759262689	5.9704488140522
163.83700561523	0.68903233702346	6.3488756638012
164.83599853516	0.63128648442630	6.7904906390638
165.83500671387	0.63849300056267	7.2507002675680
166.83399963379	0.69721226357356	7.6879469485707
167.83299255371	0.77419667582462	8.0864616260297
168.83200073242	0.84272423381896	8.4591251456924
169.83099365234	0.90064279722177	8.8292698700476
170.83000183105	0.96666004946092	9.2060471602398
171.82899475098	1.0581775721288	9.5730753232289
172.82800292969	1.1685145242722	9.8999226338167
173.82699584961	1.2618746737367	10.168895714202
174.82600402832	1.2928977877487	10.397473956876
175.82499694824	1.2394410288926	10.637034191171
176.82400512695	1.1237079709309	10.944544383496
177.82299804688	1.0036329522458	11.346723878864
178.82200622559	0.94016439279963	11.823011849423
179.82099914551	0.96301826450750	12.317475983215
180.82000732422	1.0553124762093	12.771124606719
181.81900024414	1.1655963990491	13.155842497003
182.81799316406	1.2415794374253	13.489346016400
183.81700134277	1.2645323568373	13.819380886980
184.81599426270	1.2589139015976	14.186760682128
185.81500244141	1.2698019449204	14.595057211852
186.81399536133	1.3256390417281	15.009082113738
187.81300354004	1.4131615662589	15.382587982502
188.81199645996	1.4824472182293	15.696497424458
189.81100463867	1.4814528959648	15.980963190408
190.80999755859	1.3976006376820	16.301707569659
191.80900573730	1.2741128576076	16.717161103230
192.80799865723	1.1872722760008	17.237827665256
193.80700683594	1.2015610276897	17.816065482979
194.80599975586	1.3313479018030	18.370602964407
195.80499267578	1.5301683567614	18.831241219600
196.80400085449	1.7154500978955	19.180174232056
197.80299377441	1.8182916607778	19.462763909050
198.80200195313	1.8256997363765	19.755658021348
199.80099487305	1.7822341710939	20.113770557852
200.80000305176	1.7509775436365	20.536974219425
201.79899597168	1.7651377592740	20.978882250613
202.79800415039	1.8042862863141	21.388363715455
203.79699707031	1.8110027251130	21.755057896621
204.79600524902	1.7386940101456	22.125861339068
205.79499816895	1.5964507675461	22.576203763503
206.79400634766	1.4547602897683	23.155265845544
207.79299926758	1.4070284505640	23.845603220293
208.79200744629	1.5138849259153	24.563296439349
209.79100036621	1.7618020401243	25.197328845032
210.78999328613	2.0592904738877	25.670824065470
211.78900146484	2.2815946888507	25.992108394057
212.78799438477	2.3451359720373	26.255958735114
213.78700256348	2.2582182609012	26.584460075157
214.78599548340	2.1069748989277	27.051544705912
215.78500366211	1.9926773417263	27.648210757061
216.78399658203	1.9701007850210	28.304592165928
217.78300476074	2.0239416752915	28.945805742534
218.78199768066	2.0938005616812	29.545233255108
219.78100585938	2.1314763995664	30.139200385449
220.77999877930	2.1488817577056	30.789404280676
221.77900695801	2.2164904163603	31.519622492105
222.77799987793	2.4100843414854	32.275613807389
223.77699279785	2.7397902328035	32.940170387771
224.77600097656	3.1077094509695	33.404381115437
225.77499389648	3.3371536622879	33.661497068002
226.77400207520	3.2792824934514	33.851027947857
227.77299499512	2.9248916945131	34.195536641967
228.77200317383	2.4239208324550	34.870656689329
229.77099609375	2.0049606587679	35.911960332332
230.77000427246	1.8671562242342	37.205214729497
231.76899719238	2.0977717024323	38.537258172893
232.76800537109	2.6301509114688	39.683677907364
233.76699829102	3.2645824886174	40.517549181834
234.76600646973	3.7736769517000	41.083509602096
235.76499938965	4.0398329638147	41.561424830500
236.76400756836	4.1092339356795	42.132128031624
237.76300048828	4.1192522058508	42.861377225427
238.76199340820	4.1737113499676	43.688472109004
239.76100158691	4.2612956243925	44.510742966408
240.75999450684	4.2698242374579	45.300255255395
241.75900268555	4.0932527552337	46.167734000749
242.75799560547	3.7551288309638	47.312711227214
243.75700378418	3.4488407668390	48.892380476963
244.75599670410	3.4731780560098	50.902697719731
245.75500488281	4.1090853310858	53.121637454745
246.75399780273	5.4626591416817	55.125502366793
247.75300598145	7.2995915102074	56.431885566115
248.75199890137	9.0213646179880	56.812391491603
249.75100708008	9.9758667915133	56.567884355538
250.75000000000	9.9201576702530	56.396531738296
251.74899291992	9.1466216585056	56.934442901090
252.74800109863	8.2198950003837	58.454545397541
253.74699401855	7.6912244885573	60.874790737160
254.74600219727	7.9647661117501	63.873120907335
255.74499511719	9.2384812291938	66.976780248949
256.74398803711	11.443923603713	69.655837508097
257.74301147461	14.221975957028	71.476827179590
258.74200439453	17.017698355606	72.271215102592
259.74099731445	19.274571043157	72.196503344454
260.73999023438	20.597314538563	71.659997858965
261.73901367188	20.819935485089	71.203248630937
262.73800659180	20.026738616855	71.403942190239
263.73699951172	18.548926439474	72.778446068716
264.73599243164	16.921861919292	75.699221473549
265.73498535156	15.841976347493	80.355884959713
266.73400878906	16.185025488119	86.704806390989
267.73300170898	19.045520194598	94.265788140517
268.73199462891	25.517535445413	101.66091926699
269.73098754883	35.669174127663	106.28351846527
270.73001098633	46.974536525630	105.56273308932
271.72900390625	55.138325780577	100.04882962231
272.72799682617	58.179081662308	93.595302170170
273.72698974609	57.690501947387	89.445333288560
274.72601318359	56.190073940054	88.329802351080
275.72500610352	55.268527969181	89.505373609942
276.72399902344	55.422538962788	91.978772471623
277.72299194336	56.450452936441	95.179771751723
278.72198486328	58.049661427140	99.261232532914
279.72100830078	60.506427388159	104.94799935319
280.72000122070	65.186919779328	112.93522212818
281.71899414063	74.764091735240	122.94765058205
282.71798706055	92.947781906528	131.91616585299
283.71701049805	121.01476822714	131.03695917676
284.71600341797	147.74699028419	109.79421234846
285.71499633789	153.34769510944	76.806288232569
286.71398925781	139.66772853674	54.332569234321
287.71301269531	122.65365494055	47.800137817494
288.71200561523	110.53717067948	51.583983121272
289.71099853516	105.27535498631	60.862936662699
290.70999145508	107.77181820016	72.889973752699
291.70901489258	119.95656696118	84.927683383965
292.70800781250	144.34907633782	90.997797291105
293.70700073242	178.01341819808	78.850519851768
294.70599365234	200.92283604555	40.152678618813
295.70498657227	191.96831235688	-4.6810619125556
296.70401000977	163.42815100474	-29.557908861967
297.70300292969	135.91851619880	-35.024149393356
298.70199584961	116.07836216215	-30.762078600896
299.70098876953	103.41352897891	-22.791726583681
300.70001220703	96.405021453923	-13.762578801544
301.69900512695	94.067480499748	-4.8816693583313
302.69799804688	96.028953523736	2.9369478550479
303.69699096680	102.20773675434	8.3432677918434
304.69601440430	111.97067123799	9.0267806871888
305.69500732422	122.41303121317	2.1851224373056
306.69400024414	127.41639512325	-12.178972967309
307.69299316406	122.34825563586	-27.734278201005
308.69198608398	110.27898394002	-36.991013874837
309.69100952148	97.779529577050	-38.713740901775
310.69000244141	88.416524886826	-35.857455364883
311.68899536133	82.683351419850	-31.293110326477
312.68798828125	79.937268631128	-26.697357094436
313.68701171875	79.401428024930	-22.903030565298
314.68600463867	80.440462973334	-20.326451202556
315.68499755859	82.568525190991	-19.251218799796
316.68399047852	85.320487211467	-20.010247027082
317.68301391602	87.986185738320	-23.006225665575
318.68200683594	89.339576948474	-28.387658778916
319.68099975586	87.820756282983	-35.365657638593
320.67999267578	82.587551577063	-41.883518774891
321.67898559570	74.590804393913	-45.659353709745
322.67800903320	66.037296072545	-45.805301188913
323.67700195313	58.799278220273	-43.030853843386
324.67599487305	53.684312792193	-38.624883654627
325.67498779297	50.734400387189	-33.672693752651
326.67401123047	49.704122563102	-28.896871563511
327.67300415039	50.317449412788	-24.794848323191
328.67199707031	52.310270859612	-21.818982458352
329.67098999023	55.315197417011	-20.501462554849
330.67001342773	58.611774663073	-21.425708792751
331.66900634766	60.876097705796	-24.851220892684
332.66799926758	60.438753355455	-29.957370517806
333.66699218750	56.527231692703	-34.566192300731
334.66598510742	50.334501642020	-36.490027427471
335.66500854492	44.101622886895	-35.195531924523
336.66400146484	39.431700289037	-31.629218965137
337.66299438477	36.856122369436	-27.063613969299
338.66198730469	36.286143339293	-22.499120052626
339.66101074219	37.398457983899	-18.660350753463
340.66000366211	39.715721916368	-16.122749294049
341.65899658203	42.521866708942	-15.288949265908
342.65798950195	44.881237251950	-16.147418505953
343.65701293945	46.011520807848	-18.070558862990
344.65600585938	45.785407853180	-20.111195820242
345.65499877930	44.702221534410	-21.664002010571
346.65399169922	43.306206954744	-22.734602671931
347.65301513672	41.736672780113	-23.609133885945
348.65200805664	39.766632045810	-24.377101400368
349.65100097656	37.191940657692	-24.722836148391
350.64999389648	34.208783174496	-24.150697343861
351.64898681641	31.400020049924	-22.421239352637
352.64801025391	29.382779041684	-19.735777325638
353.64700317383	28.534227567046	-16.581234530241
354.64599609375	28.956611623303	-13.526413545988
355.64498901367	30.521482511441	-11.136876681775
356.64401245117	32.848309974411	-9.9332012842051
357.64300537109	35.248505220827	-10.244230256366
358.64199829102	36.838979053408	-11.929079796051
359.64099121094	36.975837434684	-14.252782819194
360.64001464844	35.679301052061	-16.256917895903
361.63900756836	33.521251893814	-17.337589547370
362.63800048828	31.136694591156	-17.411910126045
363.63699340820	28.925571598350	-16.671868908173
364.63598632813	27.076445785197	-15.330270251134
365.63500976563	25.700504114518	-13.543744985584
366.63400268555	24.912564402953	-11.456316236572
367.63299560547	24.829493807494	-9.2635751428687
368.63198852539	25.519335321999	-7.2470574500126
369.63101196289	26.926240228870	-5.7697175081591
370.63000488281	28.778936329868	-5.2124963952609
371.62899780273	30.533813370535	-5.8041503609770
372.62799072266	31.499173033020	-7.3713284550049
373.62701416016	31.220341805518	-9.2593124763488
374.62600708008	29.819237195192	-10.675627943490
375.62500000000	27.864622918641	-11.180903288522
376.62399291992	25.933435424049	-10.814025636451
377.62298583984	24.339116087747	-9.8592212105321
378.62200927734	23.143831922179	-8.5898307740891
379.62100219727	22.297160829961	-7.1536287764413
380.61999511719	21.768412282276	-5.5870964323538
381.61898803711	21.611991522589	-3.9017986636600
382.61801147461	21.950425115598	-2.1808779345522
383.61700439453	22.895968313686	-0.63825444783010
384.61599731445	24.438211386642	0.37890431597052
385.61499023438	26.313573691317	0.47088324806088
386.61401367188	27.924821845629	-0.59272600184242
387.61300659180	28.504896081905	-2.5494044866212
388.61199951172	27.621026350883	-4.5645395866486
389.61099243164	25.572659651727	-5.7120532112167
390.60998535156	23.151231265110	-5.5728926484482
391.60900878906	21.085846320977	-4.3082941429625
392.60800170898	19.775087122406	-2.3480857840765
393.60699462891	19.333151396746	-0.13234073356977
394.60598754883	19.709237836779	1.9766981606983
395.60501098633	20.760935449348	3.6963356738802
396.60400390625	22.280873683601	4.8139873538377
397.60299682617	24.004898698326	5.1918278642397
398.60198974609	25.621194756622	4.7865747798112
399.60101318359	26.793499944259	3.6825507274748
400.60000610352	27.220204923170	2.1276655355741
401.59899902344	26.741657416646	0.52722555349473
402.59799194336	25.443582933049	-0.66018521037294
403.59698486328	23.653457529468	-1.0967112992430
404.59600830078	21.806045833177	-0.68371283656315
405.59500122070	20.283372408286	0.45277926930057
406.59399414063	19.331527491398	2.0568356597147
407.59298706055	19.055839674578	3.8287454028988
408.59201049805	19.441117912613	5.4707576448929
409.59100341797	20.360299111509	6.7133609896441
410.58999633789	21.574588465762	7.3551170306827
411.58898925781	22.759235734850	7.3260291024608
412.58801269531	23.586970667876	6.7388562865844
413.58700561523	23.847212933638	5.8663426059253
414.58599853516	23.519434531035	5.0310158783344
415.58499145508	22.744067363150	4.4807049371146
416.58401489258	21.727729169546	4.3326310175979
417.58300781250	20.660321493152	4.5940802771229
418.58200073242	19.681064242219	5.2128032953887
419.58099365234	18.882709864588	6.1171573136424
420.57998657227	18.329704560561	7.2335693686147
421.57901000977	18.073903211658	8.4861533543831
422.57800292969	18.160650784560	9.7859859053112
423.57699584961	18.622092807555	11.017193436988
424.57598876953	19.455130651539	12.027196698928
425.57501220703	20.583556081128	12.633922351079
426.57400512695	21.815720402408	12.669650626659
427.57299804688	22.835845612433	12.073875157394
428.57199096680	23.286420675293	11.000060003505
429.57101440430	22.946650397227	9.8317736083113
430.57000732422	21.883259619742	9.0314909126375
431.56900024414	20.424676684578	8.9175248094409
432.56799316406	18.986520355593	9.5525300960899
433.56698608398	17.910153661659	10.787779974971
434.56600952148	17.399052887747	12.364082471738
435.56500244141	17.519987834401	13.986938239147
436.56399536133	18.213799729699	15.369812993917
437.56298828125	19.299681144256	16.276767221806
438.56201171875	20.497044852398	16.582648329910
439.56100463867	21.496340030012	16.326219105643
440.55999755859	22.065362303595	15.702121997924
441.55899047852	22.122502591940	14.975416420345
442.55801391602	21.725499034720	14.378029945037
443.55700683594	21.004432479902	14.058087024097
444.55599975586	20.103918027376	14.088282379420
445.55499267578	19.162459989186	14.491995311808
446.55398559570	18.313260739262	15.255638120158
447.55300903320	17.682922706202	16.325823696269
448.55200195313	17.379197686882	17.604385246016
449.55099487305	17.471391344576	18.950952003727
450.54998779297	17.969427082472	20.196649391483
451.54901123047	18.807524862342	21.170428116660
452.54800415039	19.841376457146	21.737664125184
453.54699707031	20.869937416693	21.841477995206
454.54598999023	21.682051524530	21.526611416247
455.54501342773	22.109396084015	20.931203830849
456.54400634766	22.062336809522	20.253185379855
457.54299926758	21.543862372148	19.711131262528
458.54199218750	20.650911907244	19.507286537786
459.54098510742	19.564591135340	19.788908428710
460.54000854492	18.522341224067	20.612679680099
461.53900146484	17.775107106115	21.924697489954
462.53799438477	17.541916189994	23.558331885518
463.53698730469	17.963515681167	25.241223465844
464.53601074219	19.040135164548	26.616155615317
465.53500366211	20.551812967772	27.315572560213
466.53399658203	22.030491377822	27.134660504765
467.53298950195	22.915495766724	26.234955585839
468.53201293945	22.885021532997	25.144916487601
469.53100585938	22.065086863045	24.451356474121
470.52999877930	20.891196550357	24.465730792009
471.52899169922	19.811205599724	25.154716596794
472.52801513672	19.098150836967	26.276104127611
473.52700805664	18.813172394599	27.542600262433
474.52600097656	18.852052260478	28.745038372327
475.52499389648	19.043883646074	29.825739253781
476.52398681641	19.279898318688	30.872362914053
477.52301025391	19.604963889057	32.014997504585
478.52200317383	20.203164276866	33.282396241780
479.52099609375	21.280763622761	34.505084668645
480.51998901367	22.895607629685	35.315925807051
481.51901245117	24.787523564872	35.286436830529
482.51800537109	26.338903545892	34.226639051017
483.51699829102	26.858329632569	32.484722230717
484.51599121094	26.083286148584	30.858677375648
485.51501464844	24.373089998135	30.083474921432
486.51400756836	22.396540601118	30.439103023510
487.51300048828	20.741742964359	31.780113333970
488.51199340820	19.758854473895	33.748173203418
489.51098632813	19.564321147491	35.930594397688
490.51000976563	20.072699886475	37.950991967854
491.50900268555	21.035057620554	39.554526939395
492.50799560547	22.134069293606	40.687390568635
493.50698852539	23.137175513885	41.491553881152
494.50601196289	24.001934067955	42.173197984355
495.50500488281	24.836010215967	42.838602114904
496.50399780273	25.748599193639	43.429805078698
497.50299072266	26.712105851821	43.799642572959
498.50201416016	27.532836491357	43.872462567786
499.50100708008	27.970268199023	43.778459696533
500.50000000000	27.935184235448	43.837585597932
501.49899291992	27.601578046357	44.383546157471
502.49798583984	27.345293558564	45.573230986925
503.49700927734	27.590216555808	47.304248556342
504.49600219727	28.662399583237	49.225724636319
505.49499511719	30.657175727025	50.795724527885
506.49398803711	33.301095051063	51.421362829143
507.49301147461	35.909601182804	50.748583697961
508.49200439453	37.639165865680	48.979774231501
509.49099731445	37.984062257088	46.860787709143
510.48999023438	37.057368028929	45.235471735299
511.48901367188	35.393213520862	44.608835112546
512.48797607422	33.575974719494	45.073692407365
513.48699951172	32.036454521017	46.477900073265
514.48602294922	31.039164933864	48.591547339496
515.48498535156	30.746850786436	51.184260819380
516.48400878906	31.281246245245	54.025386872962
517.48297119141	32.742540144894	56.839326565941
518.48199462891	35.164641225988	59.252145206687
519.48101806641	38.396919212324	60.788711859089
520.47998046875	41.963298044901	61.006992920888
521.47900390625	45.067478769926	59.795451611631
522.47802734375	46.916723763844	57.625680578293
523.47698974609	47.202204411186	55.412746290472
524.47601318359	46.264123900072	54.013728936925
525.47497558594	44.806961292082	53.840856781229
526.47399902344	43.519150997798	54.844361368897
527.47302246094	42.874944317132	56.693087751738
528.47198486328	43.097032173914	58.945700102896
529.47100830078	44.177317702021	61.169691249731
530.46997070313	45.926469624597	63.039366311951
531.46899414063	48.074816558272	64.404795816105
532.46801757813	50.407019831938	65.272791469393
533.46697998047	52.834277187929	65.681535036541
534.46600341797	55.321365471683	65.563682290965
535.46502685547	57.706911205022	64.739655692073
536.46398925781	59.576755207437	63.104969687576
537.46301269531	60.373207696060	60.900318210406
538.46197509766	59.747293188523	58.788082412818
539.46099853516	57.851867500863	57.572269124283
540.46002197266	55.279085592068	57.801947723926
541.45898437500	52.755494126592	59.608909265643
542.45800781250	50.901902757526	62.799697901315
543.45697021484	50.162110570919	67.002712913883
544.45599365234	50.814200485756	71.749241109525
545.45501708984	52.967445992260	76.498896638687
546.45397949219	56.518451134189	80.675504745447
547.45300292969	61.108404709980	83.762906542851
548.45202636719	66.151868884182	85.444666145091
549.45098876953	70.958585273641	85.710544173020
550.45001220703	74.890760154833	84.875264958654
551.44897460938	77.500082973488	83.530304071188
552.44799804688	78.644643607974	82.450399304959
553.44702148438	78.566244046211	82.435801788473
554.44598388672	77.865081611506	84.120559510594
555.44500732422	77.375115713360	87.844832228113
556.44396972656	78.042868114929	93.626602437837
557.44299316406	80.881913051499	101.14566666897
558.44201660156	86.941205972762	109.61213404785
559.44097900391	97.067151815691	117.49276313070
560.44000244141	111.16764938839	122.39190995736
561.43902587891	127.16393378799	121.89994524065
562.43798828125	141.17462790398	115.73262180979
563.43701171875	150.19581884065	106.86722832696
564.43597412109	154.50473404144	99.341224814450
565.43499755859	156.74890078925	95.425951626112
566.43402099609	159.77518999433	95.237122941137
567.43298339844	165.69802465427	97.707789296855
568.43200683594	176.00517436296	101.23720239707
569.43103027344	191.78509304677	103.68330228187
570.42999267578	213.50586778739	101.95666610990
571.42901611328	239.90589070123	91.771992467302
572.42797851563	266.04430780970	68.920863396318
573.42700195313	282.98811049817	33.526633804808
574.42602539063	283.48588853024	-6.2097256733282
575.42498779297	269.46938356646	-39.010407224949
576.42401123047	249.75392172039	-59.898704740386
577.42297363281	231.80984691345	-71.244194618258
578.42199707031	218.54810548936	-77.918385190819
579.42102050781	209.53243591336	-84.073231084639
580.41998291016	202.53899318783	-92.214550693867
581.41900634766	194.60000979557	-102.85588030049
582.41802978516	183.26442652510	-114.35848275350
583.41699218750	168.06559697392	-123.79805866079
584.41601562500	150.79571522442	-128.93558155336
585.41497802734	134.01462010863	-129.50805727251
586.41400146484	119.45290506168	-126.73655797159
587.41302490234	107.64787352798	-122.15073077897
588.41198730469	98.396697703642	-116.91731854849
589.41101074219	91.238530943795	-111.75483525600
590.40997314453	85.689907205651	-107.07614214581
591.40899658203	81.291743972602	-103.11828908191
592.40802001953	77.589247509153	-99.987982104166
593.40698242188	74.132270550794	-97.639776216975
594.40600585938	70.537459069319	-95.845119339574
595.40502929688	66.598868007705	-94.221421526645
596.40399169922	62.370736081550	-92.360020694978
597.40301513672	58.131983799154	-90.000214133626
598.40197753906	54.230126212075	-87.128365429495
599.40100097656	50.912357514233	-83.936634897925
600.40002441406	48.247966326094	-80.694359853487
601.39898681641	46.152658219154	-77.629193661599
602.39801025391	44.462740202131	-74.867774065819
603.39697265625	43.008973609020	-72.433984108928
604.39599609375	41.664202620171	-70.282614008714
605.39501953125	40.356487502981	-68.343076955451
606.39398193359	39.055217259419	-66.551181285123
607.39300537109	37.748325336957	-64.857496497112
608.39202880859	36.430351969923	-63.218912055309
609.39099121094	35.106571987859	-61.590257276603
610.39001464844	33.803564283360	-59.929911017070
611.38897705078	32.569257870004	-58.216578277678
612.38800048828	31.456624391836	-56.463802087302
613.38702392578	30.498538113907	-54.717152657412
614.38598632813	29.690947985196	-53.033634762013
615.38500976563	28.994844118331	-51.454517292861
616.38397216797	28.356408341437	-49.986563367274
617.38299560547	27.734542729380	-48.602642551409
618.38201904297	27.119801650822	-47.261339459681
619.38098144531	26.533325366451	-45.934128361485
620.38000488281	26.006384723480	-44.622216688178
621.37902832031	25.554986238949	-43.353190246540
622.37799072266	25.165715988473	-42.160205040507
623.37701416016	24.801213956369	-41.058058111922
624.37597656250	24.421314856359	-40.030919110276
625.37500000000	24.006643406942	-39.039276208389
626.37402343750	23.569618860093	-38.042298059811
627.37298583984	23.145369895043	-37.020938793304
628.37200927734	22.769036535274	-35.986511196663
629.37097167969	22.454907768873	-34.970408307043
630.36999511719	22.190002175458	-34.002705334781
631.36901855469	21.944652727010	-33.093910716718
632.36798095703	21.692196173345	-32.230251102625
633.36700439453	21.425223822158	-31.384696794817
634.36602783203	21.157998237059	-30.535862347555
635.36499023438	20.914134727358	-29.681621375478
636.36401367188	20.708959767736	-28.838793450619
637.36297607422	20.538569590058	-28.029889352325
638.36199951172	20.382518986630	-27.266850376477
639.36102294922	20.217549440883	-26.542259446786
640.35998535156	20.033089636952	-25.833934965680
641.35900878906	19.837962145268	-25.119484594597
642.35797119141	19.653773985637	-24.390782600783
643.35699462891	19.499962562779	-23.658315492066
644.35601806641	19.380964306552	-22.942971403866
645.35498046875	19.283960128199	-22.261460656732
646.35400390625	19.188033774550	-21.615050189100
647.35302734375	19.078532106091	-20.988991696271
648.35198974609	18.956812068662	-20.362922870033
649.35101318359	18.838793035604	-19.724827317437
650.34997558594	18.743493523760	-19.078940997761
651.34899902344	18.679926189060	-18.442302268201
652.34802246094	18.641103799126	-17.832830722925
653.34698486328	18.608984376575	-17.257227172911
654.34600830078	18.566698593344	-16.706609795936
655.34497070313	18.509757358146	-16.162959461367
656.34399414063	18.448438925712	-15.611684828627
657.34301757813	18.399811608404	-15.051473164772
658.34197998047	18.375187136527	-14.494525718486
659.34100341797	18.371943670327	-13.957213303923
660.34002685547	18.375312561295	-13.447921144800
661.33898925781	18.368803717937	-12.960304792329
662.33801269531	18.346279294309	-12.476990781394
663.33697509766	18.317127193684	-11.981239930678
664.33599853516	18.300647351648	-11.468656892465
665.33502197266	18.313619413774	-10.950599203423
666.33398437500	18.359470921973	-10.447200040721
667.33300781250	18.426311631763	-9.9747745362414
668.33197021484	18.494865821852	-9.5360181449287
669.33099365234	18.551062027760	-9.1193812601516
670.33001708984	18.594620375495	-8.7082700680262
671.32897949219	18.637548246365	-8.2934050102048
672.32800292969	18.693649967558	-7.8795346543481
673.32702636719	18.766646686120	-7.4815506940580
674.32598876953	18.845444740893	-7.1127211590681
675.32501220703	18.910241238052	-6.7730821027324
676.32397460938	18.945824001682	-6.4463155753253
677.32299804688	18.953154351312	-6.1080944819272
678.32202148438	18.950852044053	-5.7406966991949
679.32098388672	18.965212571338	-5.3440520403634
680.32000732422	19.015425458222	-4.9359025183012
681.31896972656	19.103502281630	-4.5414474101774
682.31799316406	19.214818093591	-4.1793196266336
683.31701660156	19.328243468803	-3.8527361174253
684.31597900391	19.428955503652	-3.5509510553236
685.31500244141	19.515298458926	-3.2594239509992
686.31402587891	19.595341150315	-2.9708863432274
687.31298828125	19.676453108348	-2.6890818057320
688.31201171875	19.756364422528	-2.4226511094427
689.31097412109	19.822930010988	-2.1740818626705
690.30999755859	19.863330177269	-1.9326171926815
691.30902099609	19.876225938784	-1.6773733875561
692.30798339844	19.877407618790	-1.3896920649461
693.30700683594	19.893828795813	-1.0662127593686
694.30603027344	19.949198408748	-0.72347236492728
695.30499267578	20.050428429446	-0.39043430079328
696.30401611328	20.183451598690	-0.093207525103520
697.30297851563	20.321220219851	0.15861419952108
698.30200195313	20.439258047294	0.37581429073633
699.30102539063	20.528891641713	0.58070553959814
700.29998779297	20.599371038894	0.79170292134988
701.29901123047	20.667751469186	1.0120027285470
702.29797363281	20.744227904448	1.2302236272450
703.29699707031	20.823494860838	1.4319444660648
704.29602050781	20.888266721773	1.6136520625528
705.29498291016	20.922645209542	1.7890895695906
706.29400634766	20.925985108883	1.9827357258597
707.29302978516	20.917122018994	2.2145401880408
708.29199218750	20.925521553568	2.4863343258490
709.29101562500	20.975259455749	2.7791005765312
710.28997802734	21.072017906528	3.0624517512536
711.28900146484	21.200712847368	3.3101481654134
712.28802490234	21.334364423481	3.5123592681820
713.28698730469	21.448263815739	3.6778342353249
714.28601074219	21.530476235032	3.8258898397155
715.28497314453	21.582723718299	3.9746743424545
716.28399658203	21.613123544269	4.1342859104096
717.28302001953	21.628155812150	4.3084952857539
718.28198242188	21.630832268508	4.5013857368092
719.28100585938	21.625964403522	4.7213381663313
720.28002929688	21.626845167265	4.9774206812532
721.27899169922	21.655891966284	5.2700553048298
722.27801513672	21.736250698811	5.5833595062031
723.27697753906	21.878577385589	5.8864034142002
724.27600097656	22.071544018257	6.1449137270679
725.27502441406	22.283525683672	6.3379107393400
726.27398681641	22.476583894592	6.4691659851814
727.27301025391	22.625604058603	6.5650854091012
728.27197265625	22.730196031530	6.6587289915439
729.27099609375	22.810646100769	6.7700910947890
730.27001953125	22.890521837410	6.8963412968668
731.26898193359	22.978284526512	7.0188010460252
732.26800537109	23.060882471342	7.1214504625466
733.26702880859	23.114257418772	7.2080518786047
734.26599121094	23.124138557661	7.3049721926729
735.26501464844	23.102408129661	7.4462117737806
736.26397705078	23.086353151327	7.6500287470154
737.26300048828	23.120154532696	7.9032869777034
738.26202392578	23.230239313246	8.1639804481464
739.26098632813	23.409217781108	8.3805329402149
740.26000976563	23.617578195385	8.5171313305468
741.25897216797	23.802396805547	8.5710119952593
742.25799560547	23.922606068108	8.5716995431388
743.25701904297	23.965251116544	8.5630405817031
744.25598144531	23.943283844327	8.5810928808753
745.25500488281	23.879491676138	8.6433281445241
746.25402832031	23.791268885693	8.7542464907653
747.25299072266	23.688365766307	8.9189448076809
748.25201416016	23.583813668028	9.1503995793952
749.25097656250	23.506832519379	9.4619811927172
750.25000000000	23.504024767889	9.8491318464049
751.24902343750	23.623382682786	10.273622424301
752.24798583984	23.887554350488	10.663479710887
753.24700927734	24.270172963100	10.933537205390
754.24597167969	24.690011737201	11.021718371395
755.24499511719	25.033160889963	10.925753635138
756.24401855469	25.200012392200	10.717608063594
757.24298095703	25.153616730168	10.519362229608
758.24200439453	24.937716141937	10.450285486469
759.24102783203	24.653142236434	10.578341058413
760.23999023438	24.412405591795	10.903328649105
761.23901367188	24.301824990522	11.371794985030
762.23797607422	24.365882584474	11.904939467348
763.23699951172	24.610212537438	12.422042182054
764.23602294922	25.011745344307	12.852102146470
765.23498535156	25.525595350215	13.136812792552
766.23400878906	26.085193659822	13.233863486658
767.23297119141	26.601814915334	13.128542504343
768.23199462891	26.975995988143	12.852664082620
769.23101806641	27.128308327168	12.495495134123
770.22998046875	27.039000582673	12.187828908704
771.22900390625	26.769339537765	12.056379300373
772.22802734375	26.444835151620	12.171961467103
773.22698974609	26.208058321454	12.522229355269
774.22601318359	26.167779719547	13.020202565898
775.22497558594	26.366059591176	13.538587336023
776.22399902344	26.770718291421	13.953342971922
777.22302246094	27.292512419184	14.182684502458
778.22198486328	27.821192059176	14.208498470180
779.22100830078	28.265787131022	14.070458354195
780.21997070313	28.578343617204	13.837003743332
781.21899414063	28.750168749207	13.573813368041
782.21801757813	28.791603384924	13.330788478340
783.21697998047	28.717609801811	13.149642717029
784.21600341797	28.552011398633	13.075267993327
785.21502685547	28.342627049907	13.152272279252
786.21398925781	28.167869519753	13.403705156732
787.21301269531	28.121934031419	13.806502708414
788.21197509766	28.282367325161	14.282069156753
789.21099853516	28.674917549341	14.710939793981
790.21002197266	29.251917669953	14.969441337557
791.20898437500	29.897470114280	14.977490046934
792.20800781250	30.465795126486	14.737108524161
793.20697021484	30.841121517075	14.336234935898
794.20599365234	30.985382486905	13.907927825628
795.20501708984	30.942205877893	13.569378182969
796.20397949219	30.799429223341	13.381375475981
797.20300292969	30.643084174397	13.347979920666
798.20202636719	30.533223737397	13.442545478982
799.20098876953	30.507315419329	13.632832061713
800.20001220703	30.596300943962	13.887491323089
801.19897460938	30.832812738587	14.164310761575
802.19799804688	31.240174777283	14.395414652845
803.19702148438	31.806112149192	14.487841431265
804.19598388672	32.458431891009	14.349765947511
805.19500732422	33.065465622909	13.937026859886
806.19396972656	33.476291244019	13.294836464968
807.19299316406	33.589449597346	12.559358144068
808.19201660156	33.407026553373	11.903827747607
809.19097900391	33.032273423832	11.459933123088
810.19000244141	32.613667114225	11.267728961579
811.18902587891	32.277946080007	11.279366881022
812.18798828125	32.090763683777	11.400203430003
813.18701171875	32.054558799814	11.535596225976
814.18597412109	32.131929355504	11.620801474722
815.18499755859	32.275219728659	11.626143463903
816.18402099609	32.444660483783	11.543539306310
817.18298339844	32.607786741132	11.370776525673
818.18200683594	32.728056196125	11.108805424342
819.18103027344	32.760147534066	10.774518476954
820.17999267578	32.663594734742	10.414820623392
821.17901611328	32.429079839923	10.103148711705
822.17797851563	32.096115947253	9.9123826309779
823.17700195313	31.744171478998	9.8795486670526
824.17602539063	31.459636209698	9.9866723617521
825.17498779297	31.298899202256	10.170044217327
826.17401123047	31.268227097102	10.351215155977
827.17297363281	31.329727016790	10.472011698161
828.17199707031	31.428695765494	10.514848174682
829.17102050781	31.525777812699	10.497310240408
830.16998291016	31.612817188446	10.445710941713
831.16900634766	31.702105530603	10.367957315104
832.16802978516	31.798875526920	10.247144449854
833.16699218750	31.880331166679	10.061169670421
834.16601562500	31.900193663922	9.8132918729274
835.16497802734	31.819270462599	9.5481773320812
836.16400146484	31.640702840869	9.3358521569701
837.16302490234	31.420817562665	9.2305545596000
838.16198730469	31.243706652075	9.2333107667979
839.16101074219	31.175137024435	9.2847460460727
840.15997314453	31.224002177401	9.2928528385545
841.15899658203	31.333111611353	9.1807044264044
842.15802001953	31.405922143826	8.9291854004501
843.15698242188	31.357674268460	8.5894270102370
844.15600585938	31.160888176608	8.2538153899050
845.15502929688	30.854423736057	8.0035084833120
846.15399169922	30.512116015835	7.8692129428762
847.15301513672	30.197436200312	7.8290419864631
848.15197753906	29.935758341626	7.8370772039496
849.15100097656	29.717402731945	7.8578123423244
850.15002441406	29.522662523725	7.8831239252029
851.14898681641	29.347477664249	7.9232552521411
852.14801025391	29.209988770985	7.9821087442835
853.14697265625	29.133727199186	8.0381459473360
854.14599609375	29.121223029370	8.0470755332126
855.14501953125	29.138784373167	7.9659164354743
856.14398193359	29.125726742575	7.7824450032295
857.14300537109	29.024915388948	7.5285371907791
858.14202880859	28.814466359750	7.2648924062657
859.14099121094	28.516644704317	7.0462654998368
860.14001464844	28.176906695307	6.8929918504214
861.13897705078	27.830076526486	6.7895375087582
862.13800048828	27.479396935504	6.7090403282719
863.13702392578	27.103062395465	6.6437902537273
864.13598632813	26.682590532543	6.6182224267177
865.13500976563	26.230997450360	6.6734184126285
866.13397216797	25.797975971761	6.8339025562345
867.13299560547	25.446497547155	7.0813299226963
868.13201904297	25.216458685785	7.3544090801630
869.13098144531	25.098364909352	7.5754613038403
870.13000488281	25.032836647710	7.6893575264715
871.12902832031	24.938524913842	7.6932520179556
872.12799072266	24.754702853301	7.6377928647232
873.12701416016	24.471978624715	7.5963689095497
874.12597656250	24.129862240736	7.6223537388760
875.12500000000	23.784822579967	7.7243179880585
876.12402343750	23.473953657631	7.8733322914985
877.12298583984	23.198613237946	8.0322469708925
878.12200927734	22.935404916331	8.1842657173789
879.12097167969	22.663493486229	8.3414579883775
880.11999511719	22.386828199264	8.5285234135289
881.11901855469	22.134131291958	8.7555955015754
882.11798095703	21.936615374616	9.0017756371053
883.11700439453	21.800326245812	9.2226918297148
884.11602783203	21.693439641490	9.3779914988862
885.11499023438	21.559325453915	9.4610172383457
886.11401367188	21.349701976557	9.5094394959244
887.11297607422	21.056376176218	9.5863435544224
888.11199951172	20.717884201484	9.7426627600507
889.11102294922	20.395676862946	9.9876086678944
890.10998535156	20.137492543947	10.286719023284
891.10900878906	19.952139260005	10.586120961711
892.10797119141	19.809799465275	10.846106311760
893.10699462891	19.666042171191	11.063008514437
894.10601806641	19.493507166006	11.265853008005
895.10498046875	19.299256975500	11.490378232465
896.10400390625	19.115615452872	11.749888314647
897.10302734375	18.972235272480	12.024594825781
898.10198974609	18.870601480563	12.276419631149
899.10101318359	18.779145525849	12.478408965521
900.09997558594	18.653289604347	12.638026780688
901.09899902344	18.467567350535	12.796629064773
902.09802246094	18.236428755371	13.003328022153
903.09698486328	18.007305857367	13.281615940225
904.09600830078	17.830739583836	13.612898840794
905.09497070313	17.728479986816	13.947661896423
906.09399414063	17.680057951331	14.236062767440
907.09301757813	17.635955058778	14.459002076491
908.09197998047	17.549895950365	14.639395241625
909.09100341797	17.408990517930	14.825083213356
910.09002685547	17.239971958847	15.054765634582
911.08898925781	17.087268518865	15.332005551887
912.08801269531	16.980011757461	15.625454466253
913.08697509766	16.911274496347	15.893585440593
914.08599853516	16.843308676643	16.116431771723
915.08502197266	16.735721035174	16.312338438643
916.08398437500	16.577083843808	16.526655983137
917.08300781250	16.396382275830	16.799305624648
918.08197021484	16.245142586540	17.135086373379
919.08099365234	16.163337260271	17.497979381347
920.08001708984	16.152310477548	17.832514183261
921.07897949219	16.172136572768	18.098681568590
922.07800292969	16.165977757356	18.298085192439
923.07702636719	16.097072071635	18.473159419029
924.07598876953	15.972406044417	18.677845094398
925.07501220703	15.835475137195	18.940868881852
926.07397460938	15.734014587044	19.247995951405
927.07299804688	15.686546873853	19.554760874285
928.07202148438	15.670189734833	19.819446251366
929.07098388672	15.637495771197	20.034036972962
930.07000732422	15.551707632501	20.231598757019
931.06896972656	15.415434585779	20.463185965966
932.06799316406	15.270807897320	20.760579465586
933.06701660156	15.170956505750	21.112519016695
934.06597900391	15.143624310569	21.470686070449
935.06500244141	15.171321937776	21.780770177004
936.06402587891	15.201021699106	22.018763538924
937.06298828125	15.178897718902	22.208425653917
938.06201171875	15.087225930019	22.405753614910
939.06097412109	14.956196552759	22.660139008561
940.05999755859	14.841634992719	22.980760707932
941.05902099609	14.785900720920	23.331993935380
942.05798339844	14.789167904985	23.659201982196
943.05700683594	14.809542033741	23.927281407520
944.05603027344	14.792713941666	24.146504335296
945.05499267578	14.711864449331	24.366312980521
946.05401611328	14.588499495492	24.639799666551
947.05297851563	14.478063004128	24.985048551777
948.05200195313	14.431460471799	25.371428522022
949.05102539063	14.459632395147	25.739225360767
950.04998779297	14.524331544376	26.039518873557
951.04901123047	14.562202763815	26.268539983623
952.04797363281	14.528232006074	26.472285386230
953.04699707031	14.427858083259	26.715001019045
954.04602050781	14.313021760520	27.034257732494
955.04498291016	14.245506512439	27.415429841366
956.04400634766	14.254538494764	27.802464002981
957.04302978516	14.316530201725	28.136335691686
958.04199218750	14.370363980090	28.396493955171
959.04101562500	14.360071361134	28.617189784119
960.03997802734	14.275785364850	28.864164470774
961.03900146484	14.161754810428	29.187882346999
962.03802490234	14.085373894504	29.587678804144
963.03698730469	14.090778126475	30.012018539497
964.03601074219	14.168191858017	30.392950943483
965.03497314453	14.258881012748	30.692637018197
966.03399658203	14.294713100047	30.931469876553
967.03302001953	14.246933338425	31.175504231001
968.03198242188	14.147536158750	31.489646352484
969.03100585938	14.066698232606	31.891825924741
970.03002929688	14.064016364596	32.340618906994
971.02899169922	14.147422718225	32.763220294276
972.02801513672	14.266138738520	33.105148998279
973.02697753906	14.344123711085	33.369814577251
974.02600097656	14.334136596023	33.618796704647
975.02502441406	14.253058195864	33.928866744658
976.02398681641	14.170662849323	34.337309559371
977.02301025391	14.161302271150	34.815835530574
978.02197265625	14.253145953935	35.289222750838
979.02099609375	14.407534920060	35.685442427819
980.02001953125	14.543063221927	35.986442589412
981.01898193359	14.592116437368	36.243572326382
982.01800537109	14.550489829677	36.542626727353
983.01702880859	14.481227760115	36.942439980547
984.01599121094	14.470324213830	37.433600153704
985.01501464844	14.567582049703	37.944462427393
986.01397705078	14.751388404354	38.388934389929
987.01300048828	14.940413794911	38.726279382852
988.01202392578	15.049028624601	38.993197558129
989.01098632813	15.049892740397	39.280484373262
990.01000976563	14.995274674671	39.668291650770
991.00897216797	14.980567930523	40.169307901669
992.00799560547	15.078744749023	40.719505603533
993.00701904297	15.289864565791	41.220071622555
994.00598144531	15.537558814761	41.604624282607
995.00500488281	15.719118613819	41.888639853431
996.00402832031	15.779364166951	42.162504798103
997.00299072266	15.752395962785	42.527592690903
998.00201416016	15.737834991079	43.023800730293
999.00097656250	15.831701365108	43.601856147848
1000.0000000000	16.060626625555	44.155556976478
