#Parameters = {t=0.1; a=9000; ep_eff=6}
#"Frequency / GHz"	"Z5,5 [Real/Imaginary Part] [Re]"	"Z5,5 [Real/Imaginary Part] [Im]"
#-------------------------------------------------------------------------------------
1.0000000000000	-0.0098449188235618	-1577.3009703440
1.9989999532700	2.3000821227573	-788.65328059422
2.9979999065399	2.6106589213077	-525.39313862663
3.9969999790192	2.5883243660448	-393.55505313330
4.9959998130798	2.4446780324329	-314.27516516327
5.9949998855591	2.2388862212044	-261.25303163035
6.9939999580383	1.9981824960415	-223.21345475378
7.9930000305176	1.7401053500333	-194.51820973068
8.9919996261597	1.4786951293384	-172.03597920131
9.9910001754761	1.2259265583378	-153.89063291115
10.989999771118	0.99172111621769	-138.89145997217
11.989000320435	0.78374267563556	-126.24829990434
12.987999916077	0.60714166584366	-115.41732288001
13.987000465393	0.46458028921259	-106.01292309778
14.986000061035	0.35636728871252	-97.754292099700
15.984999656677	0.28072472620583	-90.432253211624
16.983999252319	0.23424060878736	-83.887326823347
17.982999801636	0.21227844275905	-77.995453471491
18.982000350952	0.20952877791082	-72.657963028796
19.981000900269	0.22053285579728	-67.794921586397
20.979999542236	0.24003653213802	-63.340407527281
21.979000091553	0.26340008424100	-59.239206729829
22.978000640869	0.28681393879532	-55.444440467494
23.976999282837	0.30748250598175	-51.915947044714
24.975999832153	0.32368796058036	-48.619111849570
25.975000381470	0.33482888584379	-45.524073948862
26.974000930786	0.34127028610563	-42.605092812002
27.972999572754	0.34419048178735	-39.840150271116
28.972000122070	0.34536616751138	-37.210529394599
29.971000671387	0.34688916713237	-34.700466756569
30.969999313354	0.35094242283956	-32.296816011104
31.968999862671	0.35951441431377	-29.988702057827
32.967998504639	0.37425387370360	-27.767067486655
33.966999053955	0.39630413765241	-25.624399800282
34.965999603271	0.42622462845869	-23.554335234701
35.965000152588	0.46402569057289	-21.551220718824
36.964000701904	0.50922403255664	-19.609935024355
37.963001251221	0.56095196451408	-17.725566916358
38.962001800537	0.61810885357633	-15.893239956216
39.960998535156	0.67955222543794	-14.107938260311
40.959999084473	0.74431596221786	-12.364498414134
41.958999633789	0.81177830559864	-10.657578150245
42.958000183105	0.88184698843487	-8.9817387386080
43.957000732422	0.95509411154242	-7.3315868648590
44.956001281738	1.0328174953010	-5.7019330272148
45.955001831055	1.1170530411657	-4.0879823978075
46.953998565674	1.2104877685762	-2.4855194366841
47.952999114990	1.3163505861669	-0.89105893760232
48.951999664307	1.4382268210138	0.69804127421487
49.951000213623	1.5798625529187	2.2835776260174
50.950000762939	1.7449638994829	3.8664563104317
51.949001312256	1.9369989143087	5.4468060640749
52.948001861572	2.1590076789570	7.0241105908993
53.946998596191	2.4134873358884	8.5973590147068
54.945999145508	2.7022979949086	10.165347999821
55.944999694824	3.0267006417143	11.726878674152
56.944000244141	3.3874236610277	13.281051003486
57.943000793457	3.7848979091785	14.827520757546
58.942001342773	4.2195155088853	16.366624850116
59.941001892090	4.6920320388575	17.899532661719
60.939998626709	5.2040263274905	19.428119296949
61.938999176025	5.7583788435396	20.954800875793
62.937999725342	6.3596978303800	22.482014326073
63.937000274658	7.0145732890330	24.011604343135
64.935997009277	7.7316087911810	25.544064130250
65.934997558594	8.5213008124284	27.077714487010
66.933998107910	9.3956053728135	28.607857144188
67.932998657227	10.367209915356	30.125911726783
68.931999206543	11.448409807306	31.618647016396
69.930999755859	12.649575494264	33.067823216335
70.930000305176	13.977272117298	34.450196662641
71.929000854492	15.432220009193	35.738404436819
72.928001403809	17.007384324590	36.902598584349
73.927001953125	18.686598862082	37.913005050709
74.926002502441	20.444059734486	38.743249764296
75.925003051758	22.245232330927	39.373999446580
76.924003601074	24.049402773172	39.796517689653
77.922996520996	25.813776566285	40.014951835895
78.921997070313	27.498688022916	40.046835845819
79.920997619629	29.072731206987	39.921030364086
80.919998168945	30.516544377046	39.673572488669
81.918998718262	31.824340292478	39.342277040822
82.917999267578	33.002918745105	38.961365957603
83.916999816895	34.068667740404	38.557297761403
84.916000366211	35.043376803816	38.146412761600
85.915000915527	35.949906220115	37.734463786698
86.914001464844	36.808344303323	37.317721043600
87.913002014160	37.633006029883	36.885187887843
88.912002563477	38.430605484828	36.421533590760
89.911003112793	39.199505359949	35.910230633785
90.910003662109	39.930193731352	35.336795318554
91.908996582031	40.606591790159	34.691351540241
92.907997131348	41.208418201171	33.970708887595
93.906997680664	41.713837948694	33.179321020476
94.905998229980	42.102323887173	32.329268583867
95.904998779297	42.357132356062	31.439214235588
96.903999328613	42.467212483510	30.532629025739
97.902999877930	42.428384710212	29.635574284494
98.902000427246	42.243406613968	28.774313387844
99.901000976563	41.921499952061	27.973242167422
100.90000152588	41.477088991142	27.253202006787
101.89900207520	40.928337553688	26.630516502432
102.89800262451	40.295503932254	26.116501674263
103.89700317383	39.599673564935	25.717605166372
104.89600372314	38.861487581327	25.435730679672
105.89499664307	38.100288658050	25.268767877793
106.89399719238	37.333489723553	25.211279449520
107.89299774170	36.575982021836	25.255109585595
108.89199829102	35.839884247878	25.390200749867
109.89099884033	35.134349882154	25.605306619839
110.88999938965	34.465569655979	25.888676737197
111.88899993896	33.836975540809	26.228744305355
112.88800048828	33.249551960481	26.614706532149
113.88700103760	32.702138460304	27.036894212322
114.88600158691	32.191907147874	27.487238783694
115.88500213623	31.714932149131	27.959520928321
116.88400268555	31.266726724584	28.449457402019
117.88300323486	30.842912382656	28.954644363603
118.88200378418	30.439781986747	29.474304662710
119.88099670410	30.054674911373	30.008768095562
120.87999725342	29.686340720872	30.559022395516
121.87899780273	29.334794445809	31.125884934384
122.87799835205	29.001221707699	31.709632983171
123.87699890137	28.687437484011	32.309430989256
124.87599945068	28.395344471248	32.923191569576
125.87500000000	28.126305223092	33.547591875646
126.87400054932	27.880561287216	34.178322524821
127.87300109863	27.656822269965	34.810607387215
128.87199401855	27.452127361810	35.439915879193
129.87100219727	27.261777778263	36.062481475565
130.86999511719	27.079793073133	36.676061522348
131.86900329590	26.899408181705	37.280424636517
132.86799621582	26.713790233023	37.877567275163
133.86700439453	26.516858908983	38.471665248838
134.86599731445	26.304036672246	39.068767888642
135.86500549316	26.072883294086	39.676224260182
136.86399841309	25.823367522647	40.301780291587
137.86300659180	25.557864071585	40.952773139504
138.86199951172	25.280775556321	41.635272355739
139.86099243164	24.997971698752	42.353562819483
140.86000061035	24.716064825645	43.109827886186
141.85899353027	24.441545289770	43.904011140009
142.85800170898	24.180092084831	44.734185661682
143.85699462891	23.935953260577	45.596891626338
144.85600280762	23.711549269907	46.487877168984
145.85499572754	23.507335452183	47.402832501248
146.85400390625	23.321985625336	48.338132406596
147.85299682617	23.152693736769	49.291410245251
148.85200500488	22.995930452904	50.262079822170
149.85099792480	22.848046766998	51.251427871646
150.85000610352	22.706079977872	52.262592130127
151.84899902344	22.568412942836	53.300030285365
152.84800720215	22.435115747941	54.369030053464
153.84700012207	22.308108459991	55.474857641447
154.84599304199	22.190966282352	56.622212645370
155.84500122070	22.088575989482	57.814588992514
156.84399414063	22.006586783015	59.053872063874
157.84300231934	21.950635251010	60.340196014556
158.84199523926	21.925648937351	61.672048581063
159.84100341797	21.935071443793	63.046686691247
160.83999633789	21.980421723557	64.460911604881
161.83900451660	22.061061600446	65.911881605978
162.83799743652	22.174468597935	67.398136261811
163.83700561523	22.316614273410	68.920300798227
164.83599853516	22.482781281218	70.481741843932
165.83500671387	22.668385071204	72.088970982256
166.83399963379	22.870070063216	73.751688106811
167.83299255371	23.086681843251	75.482557424034
168.83200073242	23.320195832779	77.296606582860
169.83099365234	23.576272981172	79.210476694527
170.83000183105	23.864615280692	81.241497819590
171.82899475098	24.198902420575	83.406850932795
172.82800292969	24.596567878479	85.722939942369
173.82699584961	25.078353149355	88.205017212642
174.82600402832	25.667978249830	90.867221090488
175.82499694824	26.391884808046	93.722716480288
176.82400512695	27.279125574419	96.784209724410
177.82299804688	28.361791828929	100.06495899561
178.82200622559	29.675912693350	103.57971604476
179.82099914551	31.263237975974	107.34606747769
180.82000732422	33.174182353109	111.38566572665
181.81900024414	35.472392507071	115.72470316601
182.81799316406	38.240792951132	120.39372296706
183.81700134277	41.590057693635	125.42553204759
184.81599426270	45.669551564477	130.85012418640
185.81500244141	50.681666883464	136.68504544460
186.81399536133	56.899521382578	142.91718357711
187.81300354004	64.687348515482	149.47008429469
188.81199645996	74.518623514630	156.14802162692
189.81100463867	86.978996096954	162.54223691189
190.80999755859	102.72196321646	167.88710479676
191.80900573730	122.31095106900	170.86676049689
192.80799865723	145.83988247408	169.44299168608
193.80700683594	172.24174032406	160.94019272170
194.80599975586	198.46860145409	142.83623354376
195.80499267578	219.39728112164	114.53525349811
196.80400085449	229.65233587807	79.149373750257
197.80299377441	226.83074669792	42.988518208353
198.80200195313	213.03257854195	12.256573313307
199.80099487305	193.01645317559	-9.9188528706090
200.80000305176	171.30117528861	-23.652009946751
201.79899597168	150.73784951717	-30.727417349586
202.79800415039	132.59462455710	-33.193360349583
203.79699707031	117.15692274718	-32.722437549480
204.79600524902	104.24217675149	-30.493494902608
205.79499816895	93.502957065422	-27.276662107339
206.79400634766	84.572179688517	-23.553910417606
207.79299926758	77.120707864413	-19.618644742037
208.79200744629	70.873271960299	-15.645383242940
209.79100036621	65.607083208665	-11.735281458033
210.78999328613	61.144413331771	-7.9448044735887
211.78900146484	57.344091082874	-4.3036068514983
212.78799438477	54.093649102663	-0.82550854787228
213.78700256348	51.302712036868	2.4848713389137
214.78599548340	48.897695699546	5.6282696737758
215.78500366211	46.817773785879	8.6086901492477
216.78399658203	45.011979181668	11.432336090400
217.78300476074	43.437202551562	14.107028278141
218.78199768066	42.056809620834	16.641774412572
219.78100585938	40.839543361002	19.046423798076
220.77999877930	39.758606827048	21.331467614432
221.77900695801	38.791006097013	23.508069064519
222.77799987793	37.917283318679	25.588152163264
223.77699279785	37.121508986986	27.584297414829
224.77600097656	36.391435902786	29.509444444022
225.77499389648	35.718510793864	31.376155848264
226.77400207520	35.097607574877	33.195867019134
227.77299499512	34.526328333670	34.978134401864
228.77200317383	34.004190343146	36.730327901156
229.77099609375	33.531713159474	38.457558054340
230.77000427246	33.109778677092	40.162873293738
231.76899719238	32.739080072263	41.847550913879
232.76800537109	32.419737729505	43.511433250797
233.76699829102	32.150783740201	45.153210534884
234.76600646973	31.929951371829	46.771000342705
235.76499938965	31.753383572781	48.362999196356
236.76400756836	31.615744499727	49.928122927533
237.76300048828	31.510472954210	51.466766622406
238.76199340820	31.430363560990	52.981443723101
239.76100158691	31.368545511954	54.477323721634
240.75999450684	31.319812119667	55.962082065545
241.75900268555	31.281752804731	57.444969068576
242.75799560547	31.255081838776	58.935355228524
243.75700378418	31.243071231431	60.441679992573
244.75599670410	31.250888437675	61.970915130896
245.75500488281	31.285059930148	63.528421473221
246.75399780273	31.353057342916	65.117721831127
247.75300598145	31.462836117668	66.740541586558
248.75199890137	31.622395710992	68.396483367299
249.75100708008	31.839106871047	70.083241869098
250.75000000000	32.118950855873	71.796855699563
251.74899291992	32.466009246283	73.532605873284
252.74800109863	32.882524595605	75.285939251773
253.74699401855	33.369325595993	77.053215813743
254.74600219727	33.926454901386	78.832169063547
255.74499511719	34.553830703752	80.622013559600
256.74398803711	35.251962450072	82.423643584505
257.74301147461	36.022650041680	84.239182149828
258.74200439453	36.869561381441	86.071640633519
259.74099731445	37.798660743634	87.924162992469
260.73999023438	38.818480036984	89.799279738489
261.73901367188	39.939964146752	91.697963768545
262.73800659180	41.176166052126	93.618679502742
263.73699951172	42.541289517594	95.556699683816
264.73599243164	44.049708771337	97.503871874143
265.73498535156	45.715115162554	99.448884964496
266.73400878906	47.549938344192	101.37764975201
267.73300170898	49.565028177741	103.27350435454
268.73199462891	51.769347590753	105.11772625164
269.73098754883	54.169754839576	106.88966524405
270.73001098633	56.770817504073	108.56700384101
271.72900390625	59.574110560607	110.12626277509
272.72799682617	62.578704933428	111.54417665204
273.72698974609	65.782967702199	112.79788334535
274.72601318359	69.185730301574	113.86290300028
275.72500610352	72.785071343136	114.71052492476
276.72399902344	76.575498996705	115.30739444613
277.72299194336	80.545833606435	115.61584048599
278.72198486328	84.676985383249	115.59553267915
279.72100830078	88.940740799967	115.20531013830
280.72000122070	93.298880676621	114.40559432099
281.71899414063	97.703142339728	113.16113437353
282.71798706055	102.09624689955	111.44319063990
283.71701049805	106.41282588890	109.23011477233
284.71600341797	110.57617946504	106.50925927458
285.71499633789	114.49916311788	103.28793148013
286.71398925781	118.09881022375	99.596832964037
287.71301269531	121.30199570592	95.480492244586
288.71200561523	124.04276538650	90.994448204407
289.71099853516	126.26381670297	86.206585834915
290.70999145508	127.92004029640	81.196289106877
291.70901489258	128.98172554083	76.051737391239
292.70800781250	129.43717456264	70.866322799789
293.70700073242	129.29373023039	65.733773905081
294.70599365234	128.57779009574	60.743511890622
295.70498657227	127.33350517856	55.974841045714
296.70401000977	125.61745278246	51.490120875437
297.70300292969	123.48616743117	47.336015319573
298.70199584961	120.99688751728	43.556547163623
299.70098876953	118.21987775184	40.188316489992
300.70001220703	115.23235187262	37.248058012387
301.69900512695	112.10755134931	34.733684965340
302.69799804688	108.91018291054	32.629511749733
303.69699096680	105.69485601411	30.910233485043
304.69601440430	102.50491141367	29.544392046662
305.69500732422	99.371886917131	28.498923567424
306.69400024414	96.319169633520	27.744662713537
307.69299316406	93.369766976027	27.254204808847
308.69198608398	90.542658670623	26.994013239822
309.69100952148	87.845442910043	26.930179580722
310.69000244141	85.278763675823	27.035024309918
311.68899536133	82.841115530029	27.286331806879
312.68798828125	80.530253486097	27.665524932628
313.68701171875	78.343607584145	28.156615653884
314.68600463867	76.278518091584	28.745494016283
315.68499755859	74.332094201067	29.419400887700
316.68399047852	72.501042543303	30.166735407192
317.68301391602	70.781728837934	30.977185317836
318.68200683594	69.170391130815	31.841598775371
319.68099975586	67.663281054626	32.751788923766
320.67999267578	66.256557805080	33.700395464427
321.67898559570	64.946472498296	34.680985693935
322.67800903320	63.729495153012	35.687758529918
323.67700195313	62.602317139100	36.715396931439
324.67599487305	61.561630725197	37.758918756255
325.67498779297	60.604152838392	38.813804667034
326.67401123047	59.726677076266	39.876042122613
327.67300415039	58.926157825428	40.942025645209
328.67199707031	58.199793659747	42.008506131159
329.67098999023	57.545042840134	43.072526137043
330.67001342773	56.959664002417	44.131304923618
331.66900634766	56.441809939866	45.182133655364
332.66799926758	55.989975117992	46.222119835255
333.66699218750	55.602831304040	47.247962557383
334.66598510742	55.278950017597	48.255922234874
335.66500854492	55.016522212535	49.241846214237
336.66400146484	54.813206514293	50.201422589342
337.66299438477	54.666068572864	51.130300182372
338.66198730469	54.571656574298	52.024302884149
339.66101074219	54.525984799480	52.879477545939
340.66000366211	54.524576786385	53.692178759436
341.65899658203	54.562496274862	54.459163499481
342.65798950195	54.634452467160	55.177712009099
343.65701293945	54.734824478575	55.845593031820
344.65600585938	54.857740849998	56.461154558236
345.65499877930	54.997073144030	57.023331508060
346.65399169922	55.146586246770	57.531769773310
347.65301513672	55.300067779105	57.986815948448
348.65200805664	55.451355266420	58.389455198257
349.65100097656	55.594389442197	58.741257340047
350.64999389648	55.723249363674	59.044486341294
351.64898681641	55.832234144188	59.302128461362
352.64801025391	55.915942301922	59.517865591703
353.64700317383	55.969479429316	59.696133415951
354.64599609375	55.988564273383	59.842007832362
355.64498901367	55.969723889745	59.961191770590
356.64401245117	55.910422078617	60.059776077264
357.64300537109	55.809120018984	60.144032055857
358.64199829102	55.665316494128	60.220238402913
359.64099121094	55.479465713911	60.294384221187
360.64001464844	55.252864889259	60.372026765340
361.63900756836	54.987546149012	60.458221600073
362.63800048828	54.685945243205	60.557217397271
363.63699340820	54.350977122198	60.672731893379
364.63598632813	53.985582941204	60.807693077033
365.63500976563	53.592717371627	60.964478159755
366.63400268555	53.175220718655	61.144999499893
367.63299560547	52.735832941323	61.350820319643
368.63198852539	52.277037995322	61.583212811016
369.63101196289	51.801271115728	61.843344840642
370.63000488281	51.310950913476	62.132231917441
371.62899780273	50.808381426219	62.450757037651
372.62799072266	50.295940277050	62.799675086828
373.62701416016	49.776024051548	63.179569995783
374.62600708008	49.251126410026	63.590830855388
375.62500000000	48.723690519900	64.033569739391
376.62399291992	48.196065535966	64.507619246887
377.62298583984	47.670584780321	65.012560716484
378.62200927734	47.149276064894	65.547714085701
379.62100219727	46.634034216599	66.112239883872
380.61999511719	46.126386774366	66.705162931540
381.61898803711	45.627674796024	67.325525308379
382.61801147461	45.138820423624	67.972283090497
383.61700439453	44.660815772375	68.644728217975
384.61599731445	44.194224924708	69.342145883599
385.61499023438	43.739730393633	70.064073260748
386.61401367188	43.298007079170	70.810200129577
387.61300659180	42.869916859745	71.580369685998
388.61199951172	42.456337069532	72.374381991670
389.61099243164	42.058333100937	73.192047794204
390.60998535156	41.677102772236	74.033114218714
391.60900878906	41.313896635910	74.897173769188
392.60800170898	40.970115387387	75.783688609050
393.60699462891	40.647004545004	76.691842593785
394.60598754883	40.345809226020	77.620726023945
395.60501098633	40.067595787561	78.569203636125
396.60400390625	39.813435884476	79.536158053325
397.60299682617	39.583955836452	80.520219524568
398.60198974609	39.379762224091	81.520172409334
399.60101318359	39.201245670919	82.534775004544
400.60000610352	39.048616971839	83.562893506301
401.59899902344	38.922122876506	84.603542109378
402.59799194336	38.821822867705	85.655688398615
403.59698486328	38.747863673842	86.718592250981
404.59600830078	38.700324794975	87.791386106125
405.59500122070	38.679302051357	88.873286150680
406.59399414063	38.684832686769	89.963574108988
407.59298706055	38.716946375271	91.061509886372
408.59201049805	38.775625767691	92.166368415114
409.59100341797	38.860704673641	93.277571148388
410.58999633789	38.972003497693	94.394523890633
411.58898925781	39.109244921396	95.516865083307
412.58801269531	39.272148522431	96.644372080333
413.58700561523	39.460456531316	97.777059358411
414.58599853516	39.674055775444	98.915151330616
415.58499145508	39.913010522931	100.05906184882
416.58401489258	40.177647784496	101.20939795622
417.58300781250	40.468608143172	102.36668279245
418.58200073242	40.786850960690	103.53149944677
419.58099365234	41.133602325685	104.70430906434
420.57998657227	41.510383674087	105.88539539181
421.57901000977	41.918950167120	107.07472262711
422.57800292969	42.361115337818	108.27199499255
423.57699584961	42.838802318452	109.47659201204
424.57598876953	43.353848597005	110.68767616373
425.57501220703	43.908003665258	111.90409282096
426.57400512695	44.502897587891	113.12459840955
427.57299804688	45.140012052811	114.34789974410
428.57199096680	45.820789528517	115.57265663542
429.57101440430	46.546688972234	116.79753444176
430.57000732422	47.319188556252	118.02128459220
431.56900024414	48.140000772077	119.24258652286
432.56799316406	49.011046992984	120.46000797732
433.56698608398	49.934488883588	121.67190705314
434.56600952148	50.912782112967	122.87635682005
435.56500244141	51.948529528786	124.07081960939
436.56399536133	53.044448878022	125.25227610209
437.56298828125	54.203134704983	126.41712087286
438.56201171875	55.427021148920	127.56095586981
439.56100463867	56.718149292181	128.67893656013
440.55999755859	58.078069574114	129.76546612479
441.55899047852	59.507620225160	130.81471292292
442.55801391602	61.007087734454	131.82043030713
443.55700683594	62.576034486443	132.77627865423
444.55599975586	64.213270643833	133.67584771020
445.55499267578	65.917161161456	134.51273779434
446.55398559570	67.685422940316	135.28060632654
447.55300903320	69.515323494357	135.97331467977
448.55200195313	71.403761231439	136.58462547151
449.55099487305	73.347090769901	137.10839782620
450.54998779297	75.341354036383	137.53833375097
451.54901123047	77.381861033712	137.86803653766
452.54800415039	79.463318099300	138.09102837972
453.54699707031	81.579434461846	138.20073765227
454.54598999023	83.722946014645	138.19072102871
455.54501342773	85.885381546205	138.05485362187
456.54400634766	88.057115621669	137.78750002328
457.54299926758	90.227287074507	137.38381693394
458.54199218750	92.383946287667	136.84009708718
459.54098510742	94.514041460751	136.15378679934
460.54000854492	96.603614371046	135.32400169774
461.53900146484	98.638141091378	134.35160264598
462.53799438477	100.60266496614	133.23942463982
463.53698730469	102.48227205001	131.99244409228
464.53601074219	104.26240269025	130.61773250990
465.53500366211	105.92918667405	129.12445701779
466.53399658203	107.46982259144	127.52389383291
467.53298950195	108.87304928250	125.82922716998
468.53201293945	110.12940597261	124.05523644610
469.53100585938	111.23163675729	122.21808361289
470.52999877930	112.17485543108	120.33476920148
471.52899169922	112.95673747060	118.42271395132
472.52801513672	113.57753468201	116.49931204159
473.52700805664	114.03991003393	114.58133915356
474.52600097656	114.34875974309	112.68457059977
475.52499389648	114.51085866375	110.82346154692
476.52398681641	114.53451421818	109.01076806153
477.52301025391	114.42914495828	107.25767419249
478.52200317383	114.20487933845	105.57357058066
479.52099609375	113.87228651568	103.96608708917
480.51998901367	113.44207947458	102.44151469202
481.51901245117	112.92482397041	101.00460475843
482.51800537109	112.33092957882	99.658911170350
483.51699829102	111.67058730601	98.407058741990
484.51599121094	110.95361879188	97.250625866054
485.51501464844	110.18961579942	96.190441991485
486.51400756836	109.38779889101	95.226420317858
487.51300048828	108.55705401402	94.357888189661
488.51199340820	107.70589549620	93.583349509897
489.51098632813	106.84239961079	92.900612067929
490.51000976563	105.97415889212	92.306889412177
491.50900268555	105.10812746402	91.798746907500
492.50799560547	104.25059227342	91.372300810737
493.50698852539	103.40719109298	91.023349771533
494.50601196289	102.58284237097	90.747500294604
495.50500488281	101.78186689654	90.540164265817
496.50399780273	101.00795073410	90.396823314341
497.50299072266	100.26432713741	90.312945404640
498.50201416016	99.553744423758	90.284083304586
499.50100708008	98.878583119579	90.305962613924
500.50000000000	98.240958035346	90.374420699731
501.49899291992	97.642779918967	90.485415111670
502.49798583984	97.085857874488	90.634829231440
503.49700927734	96.571852449616	90.818647483933
504.49600219727	96.102203890783	91.032558804126
505.49499511719	95.678131051119	91.272233697453
506.49398803711	95.300532485033	91.533120479694
507.49301147461	94.969912873604	91.810723203885
508.49200439453	94.686416769821	92.100338259097
509.49099731445	94.449752206107	92.397317425474
510.48999023438	94.259213484334	92.697214288845
511.48901367188	94.113654475146	92.995510424887
512.48797607422	94.011503730454	93.287952344584
513.48699951172	93.950908079124	93.570638945275
514.48602294922	93.929674905922	93.839844876324
515.48498535156	93.945415809586	94.092150228539
516.48400878906	93.995623420740	94.324443536293
517.48297119141	94.077606115056	94.533705800548
518.48199462891	94.188480073363	94.717125111081
519.48101806641	94.325236265813	94.872090408970
520.47998046875	94.484611675236	94.996080269647
521.47900390625	94.663008981061	95.086705433349
522.47802734375	94.856537665313	95.141877338486
523.47698974609	95.060896580926	95.159858154293
524.47601318359	95.271451718236	95.139235102397
525.47497558594	95.483251130553	95.079261963072
526.47399902344	95.691161704375	94.979793283271
527.47302246094	95.889896556607	94.841471601869
528.47198486328	96.074294462498	94.665642901026
529.47100830078	96.239417783287	94.454434492990
530.46997070313	96.380636123850	94.210642964051
531.46899414063	96.493823193836	93.937760174160
532.46801757813	96.575537051888	93.639753053764
533.46697998047	96.622865686151	93.320922860729
534.46600341797	96.633711972265	92.985848330173
535.46502685547	96.606569088946	92.639258070957
536.46398925781	96.540570042865	92.285734394741
537.46301269531	96.435439010896	91.929902119478
538.46197509766	96.291464409817	91.576272800704
539.46099853516	96.109364800393	91.229143094855
540.46002197266	95.890371145856	90.892683252161
541.45898437500	95.636129585829	90.570757204557
542.45800781250	95.348722516243	90.267006362229
543.45697021484	95.030604607215	89.984711635932
544.45599365234	94.684643956135	89.726887654714
545.45501708984	94.313980169317	89.496019459997
546.45397949219	93.922046687735	89.294122362356
547.45300292969	93.512421615230	89.122676698084
548.45202636719	93.088770412773	88.982660309127
549.45098876953	92.654752541722	88.874473859950
550.45001220703	92.213840860868	88.797909256313
551.44897460938	91.769282735451	88.752355838849
552.44799804688	91.323978222668	88.736866779566
553.44702148438	90.880522380260	88.750188009589
554.44598388672	90.441140834376	88.790831278368
555.44500732422	90.007749092152	88.857311155184
556.44396972656	89.581921047026	88.947997008666
557.44299316406	89.164975538637	89.061300657865
558.44201660156	88.757964212311	89.195658298283
559.44097900391	88.361843786826	89.349657811192
560.44000244141	87.977418607474	89.521866787774
561.43902587891	87.605413477452	89.710838766339
562.43798828125	87.246423412978	89.915190396671
563.43701171875	86.901000009835	90.133473924699
564.43597412109	86.569530606834	90.364234161576
565.43499755859	86.252186734968	90.605964409116
566.43402099609	85.949031891738	90.857210972083
567.43298339844	85.659899020233	91.116602687408
568.43200683594	85.384517556528	91.382895234871
569.43103027344	85.122496819210	91.654962197166
570.42999267578	84.873327192854	91.931762601016
571.42901611328	84.636538142133	92.212483947749
572.42797851563	84.411571727882	92.496331105211
573.42700195313	84.197855101803	92.782616316150
574.42602539063	83.994650154051	93.070765309496
575.42498779297	83.801300250751	93.360627724277
576.42401123047	83.617413836642	93.652199846162
577.42297363281	83.442997281383	93.945393506757
578.42199707031	83.278059009454	94.239778624411
579.42102050781	83.122533670607	94.534860346270
580.41998291016	82.976196914627	94.830027941861
581.41900634766	82.838768587453	95.124765492996
582.41802978516	82.709862340855	95.418526020781
583.41699218750	82.588977501514	95.710889369621
584.41601562500	82.475595374223	96.001391252171
585.41497802734	82.369165063157	96.289793317130
586.41400146484	82.269091768746	96.575867262475
587.41302490234	82.174789653632	96.859601625513
588.41198730469	82.085849314044	97.141057545316
589.41101074219	82.001908343016	97.420287921641
590.40997314453	81.922701745655	97.697404537815
591.40899658203	81.848067003886	97.972359204306
592.40802001953	81.777913820216	98.245240884783
593.40698242188	81.712072947044	98.515838102476
594.40600585938	81.650454049183	98.784016680529
595.40502929688	81.592847242741	99.049545369551
596.40399169922	81.538975912750	99.312144104760
597.40301513672	81.488449613810	99.571610344838
598.40197753906	81.440833761951	99.827778524994
599.40100097656	81.395586981355	100.08051907989
600.40002441406	81.352275635971	100.32994926904
601.39898681641	81.310372235580	100.57620484688
602.39801025391	81.269493238262	100.81947883183
603.39697265625	81.229322049817	101.06007991620
604.39599609375	81.189743762072	101.29833204035
605.39501953125	81.150656685239	101.53449080566
606.39398193359	81.112118212870	101.76873899284
607.39300537109	81.074187587652	102.00109077741
608.39202880859	81.036967323924	102.23154816317
609.39099121094	81.000454251394	102.45988190249
610.39001464844	80.964542637600	102.68581468169
611.38897705078	80.929005804473	102.90905858063
612.38800048828	80.893474058824	103.12933742290
613.38702392578	80.857433859146	103.34638742953
614.38598632813	80.820245996819	103.56014052114
615.38500976563	80.781283686351	103.77058919209
616.38397216797	80.739828266450	103.97799757557
617.38299560547	80.695260150433	104.18263390590
618.38201904297	80.647001430546	104.38493822980
619.38098144531	80.594588134179	104.58544025923
620.38000488281	80.537671509108	104.78472887907
621.37902832031	80.475925411893	104.98337290018
622.37799072266	80.409224509260	105.18189926451
623.37701416016	80.337410411256	105.38092888525
624.37597656250	80.260378947290	105.58094996807
625.37500000000	80.178092705214	105.78241783909
626.37402343750	80.090430726421	105.98594160487
627.37298583984	79.997355419746	106.19197539754
628.37200927734	79.898878007432	106.40109961766
629.37097167969	79.794946141776	106.61393896085
630.36999511719	79.685713353967	106.83110710492
631.36901855469	79.571358341953	107.05326144316
632.36798095703	79.452176528455	107.28096773843
633.36700439453	79.328559458105	107.51486225548
634.36602783203	79.200968127577	107.75536835620
635.36499023438	79.069947670281	108.00285010017
636.36401367188	78.935987330083	108.25758703204
637.36297607422	78.799643748815	108.51968345680
638.36199951172	78.661319298622	108.78915857175
639.36102294922	78.521360645763	109.06601327536
640.35998535156	78.379975685167	109.35019080421
641.35900878906	78.237286260495	109.64163399571
642.35797119141	78.093358666845	109.94043329757
643.35699462891	77.948327526383	110.24670467942
644.35601806641	77.801827076938	110.56058889942
645.35498046875	77.654203595867	110.88250136822
646.35400390625	77.505501650406	111.21285721696
647.35302734375	77.355688749041	111.55194919514
648.35198974609	77.205327358982	111.90039386507
649.35101318359	77.054446177487	112.25842385646
650.34997558594	76.903750515929	112.62656009432
651.34899902344	76.753541177164	113.00502767465
652.34802246094	76.604266205225	113.39406471244
653.34698486328	76.456439943982	113.79388085698
654.34600830078	76.310330372314	114.20456716305
655.34497070313	76.166456222479	114.62638913721
656.34399414063	76.024893138021	115.05938878667
657.34301757813	75.886274718571	115.50403858208
658.34197998047	75.750666386313	115.96046112476
659.34100341797	75.618609608861	116.42917386799
660.34002685547	75.490530124935	116.91047966024
661.33898925781	75.367042196576	117.40486369893
662.33801269531	75.248952555790	117.91280661489
663.33697509766	75.136906965421	118.43442057228
664.33599853516	75.031992755099	118.97012186703
665.33502197266	74.934984843628	119.51989758675
666.33398437500	74.846993531813	120.08383741066
667.33300781250	74.768635962980	120.66163259073
668.33197021484	74.701051065413	121.25326421307
669.33099365234	74.644874538123	121.85837525508
670.33001708984	74.600785158844	122.47682150378
671.32897949219	74.569451592738	123.10833014917
672.32800292969	74.551475207470	123.75277130317
673.32702636719	74.547487823094	124.41002835972
674.32598876953	74.558189910715	125.08012706265
675.32501220703	74.584360026275	125.76309001568
676.32397460938	74.626897097839	126.45882523982
677.32299804688	74.686841649251	127.16740855721
678.32202148438	74.765321596520	127.88867058080
679.32098388672	74.863550434974	128.62230305303
680.32000732422	74.982810428895	129.36800638127
681.31896972656	75.124417877337	130.12521431381
682.31799316406	75.289625068249	130.89327258937
683.31701660156	75.479698994178	131.67143386780
684.31597900391	75.695804875027	132.45884383884
685.31500244141	75.939133803879	133.25453741829
686.31402587891	76.210838436338	134.05768903445
687.31298828125	76.512073194716	134.86720756361
688.31201171875	76.844001421591	135.68211202679
689.31097412109	77.207999128342	136.50123471648
690.30999755859	77.605376094249	137.32342111400
691.30902099609	78.037617461273	138.14718319455
692.30798339844	78.506194649156	138.97087962281
693.30700683594	79.012662869295	139.79251640923
694.30603027344	79.558431323732	140.60988052114
695.30499267578	80.144820974603	141.42032909385
696.30401611328	80.772856692557	142.22096839856
697.30297851563	81.443361764442	143.00866900843
698.30200195313	82.156760484148	143.78008310307
699.30102539063	82.913115156924	144.53173313726
700.29998779297	83.712113899613	145.26003541168
701.29901123047	84.553126913223	145.96149851603
702.29797363281	85.435135862419	146.63266428222
703.29699707031	86.356916916222	147.27014050607
704.29602050781	87.316993035253	147.87049628281
705.29498291016	88.313606685119	148.43052411557
706.29400634766	89.344793883911	148.94685631701
707.29302978516	90.408335035609	149.41630034697
708.29199218750	91.501635503104	149.83555806022
709.29101562500	92.621836934694	150.20137959913
710.28997802734	93.765465282166	150.51067743969
711.28900146484	94.928716896416	150.76034900085
712.28802490234	96.107198389096	150.94771968793
713.28698730469	97.296006386609	151.07055166918
714.28601074219	98.489844465061	151.12707443528
715.28497314453	99.683097013819	151.11611539312
716.28399658203	100.86986192548	151.03736475367
717.28302001953	102.04429761554	150.89101393195
718.28198242188	103.20055385241	150.67818797606
719.28100585938	104.33297987740	150.40058293161
720.28002929688	105.43626331020	150.06046487692
721.27899169922	106.50540383107	149.66066391693
722.27801513672	107.53578477578	149.20436257323
723.27697753906	108.52313485571	148.69513094498
724.27600097656	109.46354308480	148.13675927344
725.27502441406	110.35345750354	147.53356774083
726.27398681641	111.18963525983	146.88989908103
727.27301025391	111.96920822266	146.21050653680
728.27197265625	112.68974112656	145.50057312248
729.27099609375	113.34928852334	144.76561287543
730.27001953125	113.94649860777	144.01101767580
731.26898193359	114.48072160631	143.24285480686
732.26800537109	114.95199838839	142.46701522532
733.26702880859	115.36115189015	141.68926056905
734.26599121094	115.70973393506	140.91520706578
735.26501464844	115.99999815306	140.15000037377
736.26397705078	116.23470523649	139.39834526333
737.26300048828	116.41704218511	138.66435817078
738.26202392578	116.55052916557	137.95160051565
739.26098632813	116.63879927702	137.26288869965
740.26000976563	116.68544782702	136.60061552330
741.25897216797	116.69413538449	135.96671841212
742.25799560547	116.66828752120	135.36270740471
743.25701904297	116.61133991049	134.78980876885
744.25598144531	116.52652536457	134.24902379461
745.25500488281	116.41710156510	133.74108577551
746.25402832031	116.28628308433	133.26664098208
747.25299072266	116.13722852069	132.82595030773
748.25201416016	115.97311101679	132.41916620689
749.25097656250	115.79703312900	132.04612483736
750.25000000000	115.61200041595	131.70629523075
751.24902343750	115.42093616450	131.39898731926
752.24798583984	115.22654243874	131.12317489812
753.24700927734	115.03136320153	130.87773113014
754.24597167969	114.83763771898	130.66119292292
755.24499511719	114.64736914773	130.47204949189
756.24401855469	114.46230979215	130.30867161468
757.24298095703	114.28390823545	130.16946795349
758.24200439453	114.11346547338	130.05288240517
759.24102783203	113.95215743331	129.95744644909
760.23999023438	113.80097144850	129.88163271421
761.23901367188	113.66090656591	129.82404472909
762.23797607422	113.53282813096	129.78312382281
763.23699951172	113.41763239499	129.75745429665
764.23602294922	113.31602973308	129.74546691005
765.23498535156	113.22863437429	129.74552728186
766.23400878906	113.15592526959	129.75597253259
767.23297119141	113.09814397168	129.77515830287
768.23199462891	113.05541640056	129.80145038908
769.23101806641	113.02764781508	129.83334791020
770.22998046875	113.01467524103	129.86947014827
771.22900390625	113.01616357388	129.90852659582
772.22802734375	113.03182731896	129.94948000339
773.22698974609	113.06147165889	129.99143148065
774.22601318359	113.10490716623	130.03353209734
775.22497558594	113.16219482054	130.07495072626
776.22399902344	113.23344510893	130.11475852479
777.22302246094	113.31892352258	130.15193103886
778.22198486328	113.41886499864	130.18517720616
779.22100830078	113.53346718540	130.21296538392
780.21997070313	113.66274273821	130.23357998320
781.21899414063	113.80642327162	130.24495176017
782.21801757813	113.96386185449	130.24513229253
783.21697998047	114.13406344005	130.23199223583
784.21600341797	114.31558864800	130.20364728699
785.21502685547	114.50672045877	130.15834224920
786.21398925781	114.70535154916	130.09475364352
787.21301269531	114.90928889992	130.01182362585
788.21197509766	115.11626327534	129.90901796146
789.21099853516	115.32408108578	129.78611567751
790.21002197266	115.53068824499	129.64322477220
791.20898437500	115.73429396035	129.48071599612
792.20800781250	115.93328369881	129.29884585181
793.20697021484	116.12622488185	129.09803681064
794.20599365234	116.31181581653	128.87869557621
795.20501708984	116.48872950749	128.64104845522
796.20397949219	116.65554701894	128.38537421700
797.20300292969	116.81081481867	128.11200951454
798.20202636719	116.95291814558	127.82130629431
799.20098876953	117.08024875153	127.51399104415
800.20001220703	117.19109141821	127.19085900914
801.19897460938	117.28382032555	126.85293230073
802.19799804688	117.35692874315	126.50174596193
803.19702148438	117.40912631749	126.13866077983
804.19598388672	117.43938417271	125.76549969329
805.19500732422	117.44697869763	125.38406564573
806.19396972656	117.43138860421	124.99597569394
807.19299316406	117.39238899805	124.60298061613
808.19201660156	117.32990081771	124.20645964083
809.19097900391	117.24387669645	123.80777603381
810.19000244141	117.13428780737	123.40806164242
811.18902587891	117.00102086143	123.00846309363
812.18798828125	116.84385855958	122.60990621291
813.18701171875	116.66244099993	122.21369894720
814.18597412109	116.45642391585	121.82107620252
815.18499755859	116.22548140854	121.43353995848
816.18402099609	115.96936971366	121.05280140936
817.18298339844	115.68808490548	120.68074591830
818.18200683594	115.38189347329	120.31938742317
819.18103027344	115.05137976524	119.97071585776
820.17999267578	114.69744073357	119.63674670454
821.17901611328	114.32128682909	119.31922927711
822.17797851563	113.92430969911	119.01971386628
823.17700195313	113.50814078024	118.73953171934
824.17602539063	113.07438679695	118.47965369214
825.17498779297	112.62465800123	118.24084288882
826.17401123047	112.16046503694	118.02366992931
827.17297363281	111.68325521452	117.82855958129
828.17199707031	111.19435831239	117.65586608581
829.17102050781	110.69500897004	117.50602172952
830.16998291016	110.18650043696	117.37931791204
831.16900634766	109.67015842330	117.27614096006
832.16802978516	109.14735797862	117.19691767557
833.16699218750	108.61967974400	117.14185059605
834.16601562500	108.08875881902	117.11112058682
835.16497802734	107.55631824414	117.10457282356
836.16400146484	107.02414378088	117.12190956095
837.16302490234	106.49393508042	117.16253274676
838.16198730469	105.96731654820	117.22557605376
839.16101074219	105.44563538287	117.30985024694
840.15997314453	104.93005912540	117.41425956882
841.15899658203	104.42142852349	117.53739046746
842.15802001953	103.92037746062	117.67796784778
843.15698242188	103.42721578902	117.83472384088
844.15600585938	102.94212969786	118.00664657207
845.15502929688	102.46517393334	118.19275120038
846.15399169922	101.99644846822	118.39237422395
847.15301513672	101.53604228048	118.60481373322
848.15197753906	101.08414020926	118.82948007326
849.15100097656	100.64107153759	119.06583632172
850.15002441406	100.20715128303	119.31312180077
851.14898681641	99.782740600395	119.57054407052
852.14801025391	99.368127794358	119.83703810941
853.14697265625	98.963452418825	120.11159636950
854.14599609375	98.568660556672	120.39289377735
855.14501953125	98.183464995317	120.67969470892
856.14398193359	97.807262084046	120.97081962028
857.14300537109	97.439258622399	121.26520116703
858.14202880859	97.078420811000	121.56188544090
859.14099121094	96.723571575778	121.86030842400
860.14001464844	96.373530119018	122.16010167131
861.13897705078	96.027037565695	122.46112329295
862.13800048828	95.682976396825	122.76346551842
863.13702392578	95.340268703519	123.06748120813
864.13598632813	94.998011246965	123.37354691513
865.13500976563	94.655407008453	123.68222982243
866.13397216797	94.311754865260	123.99402476469
867.13299560547	93.966454066085	124.30968010466
868.13201904297	93.618954882749	124.62968174120
869.13098144531	93.268710624068	124.95474032173
870.13000488281	92.915185588585	125.28565763259
871.12902832031	92.557927577374	125.62333838970
872.12799072266	92.196541067573	125.96879630286
873.12701416016	91.830789231059	126.32323227511
874.12597656250	91.460630933003	126.68792746290
875.12500000000	91.086274757399	127.06426437411
876.12402343750	90.708141114007	127.45360663800
877.12298583984	90.327064022611	127.85717794698
878.12200927734	89.943967445555	128.27619037595
879.12097167969	89.560035012195	128.71144904851
880.11999511719	89.176531332546	129.16370297702
881.11901855469	88.794715056723	129.63327178651
882.11798095703	88.415856542390	130.12039380009
883.11700439453	88.041072045125	130.62502187764
884.11602783203	87.671304371722	131.14705685565
885.11499023438	87.307437156690	131.68640303110
886.11401367188	86.950167937927	132.24292928746
887.11297607422	86.600203842859	132.81665115770
888.11199951172	86.258216121573	133.40764164559
889.11102294922	85.925032830510	134.01602197398
890.10998535156	85.601535913674	134.64190153099
891.10900878906	85.288834210056	135.28540598618
892.10797119141	84.988107219640	135.94640641362
893.10699462891	84.700688161187	136.62463134151
894.10601806641	84.427827555661	137.31961683903
895.10498046875	84.170816895372	138.03056460600
896.10400390625	83.930677239413	138.75641013238
897.10302734375	83.708266051420	139.49603296515
898.10198974609	83.504047630944	140.24816901620
899.10101318359	83.318249867909	141.01160025517
900.09997558594	83.150838511091	141.78527521759
901.09899902344	83.001494123372	142.56843326720
902.09802246094	82.869971707774	143.36055802557
903.09698486328	82.755961075092	144.16141871867
904.09600830078	82.659429134239	144.97108362592
905.09497070313	82.580473565267	145.78971603435
906.09399414063	82.519634382058	146.61752134518
907.09301757813	82.477663440487	147.45452397649
908.09197998047	82.455552446129	148.30066103353
909.09100341797	82.454406359090	149.15552593225
910.09002685547	82.475386089702	150.01822779926
911.08898925781	82.519427644394	150.88767670104
912.08801269531	82.587186278125	151.76251333569
913.08697509766	82.678965840095	152.64122621789
914.08599853516	82.794717374831	153.52240511558
915.08502197266	82.934045165366	154.40471000432
916.08398437500	83.096294903926	155.28728535207
917.08300781250	83.280771285823	156.16943324995
918.08197021484	83.486805875536	157.05109750899
919.08099365234	83.714000389234	157.93228940858
920.08001708984	83.962358898644	158.81330180852
921.07897949219	84.232207739026	159.69458062824
922.07800292969	84.524415569912	160.57616112838
923.07702636719	84.840014770307	161.45790495914
924.07598876953	85.180353515330	162.33914221364
925.07501220703	85.546486645021	163.21872796809
926.07397460938	85.939442175508	164.09495975075
927.07299804688	86.359735813834	164.96601139765
928.07202148438	86.807341826823	165.82971858943
929.07098388672	87.281626240445	166.68402938818
930.07000732422	87.781373304605	167.52725001746
931.06896972656	88.305185451402	168.35812497691
932.06799316406	88.851518602363	169.17622493399
933.06701660156	89.418529986792	169.98125438970
934.06597900391	90.005176961309	170.77396067057
935.06500244141	90.610932018152	171.55531055770
936.06402587891	91.235542755740	172.32614725185
937.06298828125	91.880000095169	173.08765434635
938.06201171875	92.545400118143	173.84021432201
939.06097412109	93.233185516248	174.58360628858
940.05999755859	93.945731439499	175.31758724400
941.05902099609	94.684077863567	176.04016086228
942.05798339844	95.449972843449	176.74966429755
943.05700683594	96.244019069129	177.44345349454
944.05603027344	97.066501920166	178.11895668597
945.05499267578	97.916889502231	178.77353119964
946.05401611328	98.794206869894	179.40487134125
947.05297851563	99.697295582788	180.01096748960
948.05200195313	100.62472072014	180.59033447874
949.05102539063	101.57514076576	181.14164511895
950.04998779297	102.54738965525	181.66397493130
951.04901123047	103.54054393251	182.15639313833
952.04797363281	104.55388641853	182.61791196399
953.04699707031	105.58689287276	183.04718610234
954.04602050781	106.63883349518	183.44260267547
955.04498291016	107.70878475723	183.80225606121
956.04400634766	108.79528889708	184.12398309880
957.04302978516	109.89636247586	184.40570825405
958.04199218750	111.00945686337	184.64560496939
959.04101562500	112.13158894359	184.84220687884
960.03997802734	113.25946514065	184.99488158834
961.03900146484	114.38981676011	185.10346357052
962.03802490234	115.51952642811	185.16873113779
963.03698730469	116.64608308128	185.19166881764
964.03601074219	117.76745784544	185.17378261601
965.03497314453	118.88241667084	185.11648144831
966.03399658203	119.99021747369	185.02092864781
967.03302001953	121.09059116916	184.88773771639
968.03198242188	122.18333571431	184.71672540472
969.03100585938	123.26802598056	184.50738730671
970.03002929688	124.34374920835	184.25847458782
971.02899169922	125.40888126566	183.96871259044
972.02801513672	126.46116244498	183.63669233095
973.02697753906	127.49756891384	183.26152991043
974.02600097656	128.51455335573	182.84279605242
975.02502441406	129.50827413900	182.38080334878
976.02398681641	130.47486631426	181.87688931034
977.02301025391	131.41082463551	181.33284859943
978.02197265625	132.31303516787	180.75138036954
979.02099609375	133.17908484749	180.13522454664
980.02001953125	134.00712120625	179.48715757710
981.01898193359	134.79564058673	178.80985662908
982.01800537109	135.54336162804	178.10586262445
983.01702880859	136.24897305546	177.37747387521
984.01599121094	136.91113217965	176.62685493400
985.01501464844	137.52818070212	175.85650167908
986.01397705078	138.09836832006	175.06913389775
987.01300048828	138.61990303323	174.26809004099
988.01202392578	139.09128166796	173.45736364410
989.01098632813	139.51156460883	172.64174415695
990.01000976563	139.88080421227	171.82634532610
991.00897216797	140.20009117991	171.01648053177
992.00799560547	140.47181843996	170.21727933334
993.00701904297	140.69948688762	169.43307296784
994.00598144531	140.88721138583	168.66709932479
995.00500488281	141.03971153209	167.92160183680
996.00402832031	141.16159457734	167.19726845132
997.00299072266	141.25709531373	166.49397320374
998.00201416016	141.32962453499	165.81026786147
999.00097656250	141.38152874154	165.14442111940
1000.0000000000	141.41408229956	164.49454946757
