1.000000000000000000e+00 6.429693345736561569e-06
1.005571754833000320e+00 3.648939925931603048e-06
1.011174554117919788e+00 2.469416186487415449e-06
1.016808570826833069e+00 1.894299666126588089e-06
1.022473978895573676e+00 1.516828944154761382e-06
1.028170953229102125e+00 1.229409961100323918e-06
1.033899669706906943e+00 9.913844441408239402e-07
1.039660305188433886e+00 7.862009072998478571e-07
1.045453037518546013e+00 6.084700659418969507e-07
1.051278045533014849e+00 4.579764757278010428e-07
1.057135509064040635e+00 3.357363872381323915e-07
1.063025608945804334e+00 2.413622109839967538e-07
1.068948527020051165e+00 1.720295529816894827e-07
1.074904446141703662e+00 1.230191834670405205e-07
1.080893550184507390e+00 8.907842665547086983e-08
1.086916024046706619e+00 6.561377171567769589e-08
1.092972053656754428e+00 4.919988168341549278e-08
1.099061825979050777e+00 3.751236011994612637e-08
1.105185529019715673e+00 2.903431257533412679e-08
1.111343351832393189e+00 2.277720928340559716e-08
1.117535484524088130e+00 1.808653799948733999e-08
1.123762118261034448e+00 1.452020670999317894e-08
1.130023445274598082e+00 1.177381939408719428e-08
1.136319658867210647e+00 9.634084565616243617e-09
1.142650953418337112e+00 7.949145802553932447e-09
1.149017524390478329e+00 6.609299403611675831e-09
1.155419568335202873e+00 5.534226667305456755e-09
1.161857282899217747e+00 4.664394178571525120e-09
1.168330866830467940e+00 3.955169807273969922e-09
1.174840519984274190e+00 3.372738062659555365e-09
1.181386443329501157e+00 2.891226244231068076e-09
1.187968838954763351e+00 2.490657113268465543e-09
1.194587910074663251e+00 2.155473341780898137e-09
1.201243861036065619e+00 1.873462458242743358e-09
1.207936897324405123e+00 1.634965596322354205e-09
1.214667225570031928e+00 1.432289555074304607e-09
1.221435053554588590e+00 1.259266003706130935e-09
1.228240590217427375e+00 1.110918209137203900e-09
1.235084045662058649e+00 9.832070483564397373e-10
1.241965631162637695e+00 8.728359854498099181e-10
1.248885559170488380e+00 7.771002569281912329e-10
1.255844043320661019e+00 6.937694565032672005e-10
1.262841298438527327e+00 6.209955369780570470e-10
1.269877540546414663e+00 5.572402883996995571e-10
1.276952986870272699e+00 5.012178382907075159e-10
1.284067855846381390e+00 4.518488109173000988e-10
1.291222367128093795e+00 4.082235893872397287e-10
1.298416741592617774e+00 3.695727252239839010e-10
1.305651201347834967e+00 3.352429905647510018e-10
1.312925969739157539e+00 3.046779080925015746e-10
1.320241271356423107e+00 2.774018519495643708e-10
1.327597332040829858e+00 2.530070100510098566e-10
1.334994378891906752e+00 2.311426496745653891e-10
1.342432640274525912e+00 2.115062451821771197e-10
1.349912345825952764e+00 1.938361175485363710e-10
1.357433726462935253e+00 1.779053062371224385e-10
1.364997014388832808e+00 1.635164495258930572e-10
1.372602443100784830e+00 1.504974931497172781e-10
1.380250247396919594e+00 1.386980817535020525e-10
1.387940663383603335e+00 1.279865151646359030e-10
1.395673928482728643e+00 1.182471734472871583e-10
1.403450281439044600e+00 1.093783322881041458e-10
1.411269962327528438e+00 1.012903044060349817e-10
1.419133212560794943e+00 9.390385409497397822e-11
1.427040274896551830e+00 8.714884125587510117e-11
1.434991393445092855e+00 8.096305879263932591e-11
1.442986813676834235e+00 7.529123337778889557e-11
1.451026782429893913e+00 7.008416461152509329e-11
1.459111547917710583e+00 6.529798171660020121e-11
1.467241359736707551e+00 6.089350030285716297e-11
1.475416468873998577e+00 5.683566453603381224e-11
1.483637127715135451e+00 5.309306236503783304e-11
1.491903590051900874e+00 4.963750338835331235e-11
1.500216111090143078e+00 4.644365054455383541e-11
1.508574947457654636e+00 4.348869815140458783e-11
1.516980357212095010e+00 4.075208993933823750e-11
1.525432599848957960e+00 3.821527166604501049e-11
1.533931936309582689e+00 3.586147369044265865e-11
1.542478628989209177e+00 3.367551955168297693e-11
1.551072941745079481e+00 3.164365716285905865e-11
1.559715139904583658e+00 2.975340970678023910e-11
1.568405490273450775e+00 2.799344372665753913e-11
1.577144261143986093e+00 2.635345224944226927e-11
1.585931722303353775e+00 2.482405107353546183e-11
1.594768145041905782e+00 2.339668660365588122e-11
1.603653802161558062e+00 2.206355383050364117e-11
1.612588967984211141e+00 2.081752323705756923e-11
1.621573918360220024e+00 1.965207557156388999e-11
1.630608930676910928e+00 1.856124356342507410e-11
1.639694283867143332e+00 1.753955977556332970e-11
1.648830258417923078e+00 1.658200988818161124e-11
1.658017136379060341e+00 1.568399079651055894e-11
1.667255201371877771e+00 1.484127298108397432e-11
1.676544738597966377e+00 1.404996667499986940e-11
1.685886034847990933e+00 1.330649140991468636e-11
1.695279378510542889e+00 1.260754857239264746e-11
1.704725059581044588e+00 1.195009664571276068e-11
1.714223369670702102e+00 1.133132885020068105e-11
1.723774602015506918e+00 1.074865292834904944e-11
1.733379051485290034e+00 1.019967285005513143e-11
1.743037014592824674e+00 9.682172238792787786e-12
1.752748789502980742e+00 9.194099341912555591e-12
1.762514676041929462e+00 8.733553387938166635e-12
1.772334975706399973e+00 8.298772191047600578e-12
1.782209991672987659e+00 7.888120878193272409e-12
1.792140028807513108e+00 7.500081627789561012e-12
1.802125393674434584e+00 7.133244320801028534e-12
1.812166394546312675e+00 6.786298015598157260e-12
1.822263341413326909e+00 6.458023167276005339e-12
1.832416545992845869e+00 6.147284520404268347e-12
1.842626321739051276e+00 5.853024611521380178e-12
1.852892983852614250e+00 5.574257824212212729e-12
1.863216849290427524e+00 5.310064945416496223e-12
1.873598236775389170e+00 5.059588176787157246e-12
1.884037466806243177e+00 4.822026559529521555e-12
1.894534861667474646e+00 4.596631775268238142e-12
1.905090745439257827e+00 4.382704289166428395e-12
1.915705444007463232e+00 4.179589804809662928e-12
1.926379285073716918e+00 3.986676003311964374e-12
1.937112598165517952e+00 3.803389541738650919e-12
1.947905714646412489e+00 3.629193288306688594e-12
1.958758967726222711e+00 3.463583773947563958e-12
1.969672692471333697e+00 3.306088841725872118e-12
1.980647225815039603e+00 3.156265477323076623e-12
1.991682906567943334e+00 3.013697805341334139e-12
2.002780075428417295e+00 2.877995237573651116e-12
2.013939074993122524e+00 2.748790760642017119e-12
2.025160249767583576e+00 2.625739351537592349e-12
2.036443946176826003e+00 2.508516510620067172e-12
2.047790512576070920e+00 2.396816902557930945e-12
2.059200299261489064e+00 2.290353096527795886e-12
2.070673658481014812e+00 2.188854397748388951e-12
2.082210944445222811e+00 2.092065763110757740e-12
2.093812513338261905e+00 1.999746794288595354e-12
2.105478723328850776e+00 1.911670802276980364e-12
2.117209934581337549e+00 1.827623937820592358e-12
2.129006509266817559e+00 1.747404382658270460e-12
2.140868811574313746e+00 1.670821596934531918e-12
2.152797207722022765e+00 1.597695618514053236e-12
2.164792065968617507e+00 1.527856410286454244e-12
2.176853756624618885e+00 1.461143251868420290e-12
2.188982652063826695e+00 1.397404172402207045e-12
2.201179126734817082e+00 1.336495421415605873e-12
2.213443557172501297e+00 1.278280974951720439e-12
2.225776322009750618e+00 1.222632074398890916e-12
2.238177801989086113e+00 1.169426795654264649e-12
2.250648379974432789e+00 1.118549646440284491e-12
2.263188440962939474e+00 1.069891189763371009e-12
2.275798372096865307e+00 1.023347691659955070e-12
2.288478562675530181e+00 9.788207915177050053e-13
2.301229404167335346e+00 9.362171933907477646e-13
2.314051290221847079e+00 8.954483768478481380e-13
2.326944616681951405e+00 8.564303260027615143e-13
2.339909781596073213e+00 8.190832754773660646e-13
2.352947185230465532e+00 7.833314721412599646e-13
2.366057230081568097e+00 7.491029515571986995e-13
2.379240320888430293e+00 7.163293281405657317e-13
2.392496864645209609e+00 6.849455981135946294e-13
2.405827270613734470e+00 6.548899544019627188e-13
2.419231950336140802e+00 6.261036126829224229e-13
2.432711317647574756e+00 5.985306478509819886e-13
2.446265788688972265e+00 5.721178402195281758e-13
2.459895781919903435e+00 5.468145308251880880e-13
2.473601718131492877e+00 5.225724852463590286e-13
2.487384020459409761e+00 4.993457653886596629e-13
2.501243114396932032e+00 4.770906087281798880e-13
2.515179427808082124e+00 4.557653145387052702e-13
2.529193390940834174e+00 4.353301366617573135e-13
2.543285436440401170e+00 4.157471824084914987e-13
2.557455999362587384e+00 3.969803172105337510e-13
2.571705517187221623e+00 3.789950746627212806e-13
2.586034429831662873e+00 3.617585716248034101e-13
2.600443179664382765e+00 3.452394280714464916e-13
2.614932211518620431e+00 3.294076914005640543e-13
2.629501972706117741e+00 3.142347649292131094e-13
2.644152913030926921e+00 2.996933403241328615e-13
2.658885484803298560e+00 2.857573337305548759e-13
2.673700142853645989e+00 2.724018253783261527e-13
2.688597344546584278e+00 2.596030024587070681e-13
2.703577549795053603e+00 2.473381050785018240e-13
2.718641221074515446e+00 2.355853751105990711e-13
2.733788823437230953e+00 2.243240077715125934e-13
2.749020824526619666e+00 2.135341057672712708e-13
2.764337694591694650e+00 2.031966358590116057e-13
2.779739906501580649e+00 1.932933877089469526e-13
2.795227935760114857e+00 1.838069348761019647e-13
2.810802260520523621e+00 1.747205978392940567e-13
2.826463361600187074e+00 1.660184089324274227e-13
2.842211722495481041e+00 1.576850790842234767e-13
2.858047829396705541e+00 1.497059662611103414e-13
2.873972171203092785e+00 1.420670455181562705e-13
2.889985239537901762e+00 1.347548805686905952e-13
2.906087528763596328e+00 1.277565967886376359e-13
2.922279535997106770e+00 1.210598555766242004e-13
2.938561761125176641e+00 1.146528299956252718e-13
2.954934706819795753e+00 1.085241816263230191e-13
2.971398878553719314e+00 1.026630385664730614e-13
2.987954784616072779e+00 9.705897451443809543e-14
3.004602936128043744e+00 9.170198887866044947e-14
3.021343847058662213e+00 8.658248785823929923e-14
3.038178034240667014e+00 8.169126644294938933e-14
3.055106017386462813e+00 7.701949128402158734e-14
3.072128319104164174e+00 7.255868438979254922e-14
3.089245464913730199e+00 6.830070760295693654e-14
3.106457983263187561e+00 6.423774781861083903e-14
3.123766405544946334e+00 6.036230290458523172e-14
3.141171266112205540e+00 5.666716828773546125e-14
3.158673102295447954e+00 5.314542417189127323e-14
3.176272454419030833e+00 4.979042335508019124e-14
3.193969865817865461e+00 4.659577961544283031e-14
3.211765882854193510e+00 4.355535663694165807e-14
3.229661054934452213e+00 4.066325744756068990e-14
3.247655934526235910e+00 3.791381434418729644e-14
3.265751077175354844e+00 3.530157927977356354e-14
3.283947041522982335e+00 3.282131468970193758e-14
3.302244389322905427e+00 3.046798473552530491e-14
3.320643685458863459e+00 2.823674694542788379e-14
3.339145497961990561e+00 2.612294423185839384e-14
3.357750398028350958e+00 2.412209726783099079e-14
3.376458960036574197e+00 2.222989720437194592e-14
3.395271761565585411e+00 2.044219871251624795e-14
3.414189383412437717e+00 1.875501333413295630e-14
3.433212409610244542e+00 1.716450312668117518e-14
3.452341427446206978e+00 1.566697458777814310e-14
3.471577027479747724e+00 1.425887284619296357e-14
3.490919803560740942e+00 1.293677610657370835e-14
3.510370352847846931e+00 1.169739033586974802e-14
3.529929275826948043e+00 1.053754418002835529e-14
3.549597176329685855e+00 9.454184100129730717e-15
3.569374661552105366e+00 8.444369717675075887e-15
3.589262342073396894e+00 7.505269359264632436e-15
3.609260831874750330e+00 6.634155791394960563e-15
3.629370748358307530e+00 5.828402136571501854e-15
3.649592712366222624e+00 5.085477962372963345e-15
3.669927348199832018e+00 4.402945535521245662e-15
3.690375283638924309e+00 3.778456233405913424e-15
3.710937149961124337e+00 3.209747105885091554e-15
3.731613581961380710e+00 2.694637580539083859e-15
3.752405217971563456e+00 2.231026304887661239e-15
3.773312699880172261e+00 1.816888119399252217e-15
3.794336673152151285e+00 1.450271155421124111e-15
3.815477786848816777e+00 1.129294052444092555e-15
3.836736693647897045e+00 8.521432893855674601e-16
3.858114049863679451e+00 6.170706248305973197e-16
3.879610515467273313e+00 4.223906414131001273e-16
3.901226754106986938e+00 2.664783897497628559e-16
3.922963433128812571e+00 1.477671275574184317e-16
3.944821223597031690e+00 6.474614979168947706e-17
3.966800800314930431e+00 1.595870584143300907e-17
3.988902841845634928e+00 5.167727498745545709e-11
4.011128030533057220e+00 0.000000000000000000e+00
4.033477052522962403e+00 0.000000000000000000e+00
4.055950597784153011e+00 0.000000000000000000e+00
4.078549360129767543e+00 0.000000000000000000e+00
4.101274037238701098e+00 0.000000000000000000e+00
4.124125330677144596e+00 0.000000000000000000e+00
4.147103945920243895e+00 0.000000000000000000e+00
4.170210592373879699e+00 0.000000000000000000e+00
4.193445983396568266e+00 0.000000000000000000e+00
4.216810836321483791e+00 0.000000000000000000e+00
4.240305872478606020e+00 0.000000000000000000e+00
4.263931817216987774e+00 0.000000000000000000e+00
4.287689399927150369e+00 0.000000000000000000e+00
4.311579354063598934e+00 0.000000000000000000e+00
4.335602417167467415e+00 0.000000000000000000e+00
4.359759330889287909e+00 0.000000000000000000e+00
4.384050841011888799e+00 0.000000000000000000e+00
