1.000000000000000000e+00 1.765414642992242804e-05
1.028401799989211884e+00 9.514335630019791327e-06
1.057610262221051034e+00 2.965440845015118537e-06
1.087648297355191307e+00 8.301694439804118567e-07
1.118539466755280154e+00 2.755633103349848581e-07
1.150308000970103439e+00 1.092132991941210779e-07
1.182978818739646387e+00 4.960893452998747933e-08
1.216577546540964061e+00 2.493005689613987449e-08
1.251130538689186666e+00 1.350739955668616435e-08
1.286664898009431734e+00 7.744591642494362204e-09
1.323208497095835323e+00 4.634158903358953522e-09
1.360790000174376901e+00 2.863065693637415230e-09
1.399438885586649306e+00 1.810630206789991926e-09
1.439185468912206778e+00 1.163589089829970947e-09
1.480060926747631456e+00 7.549432769674997418e-10
1.522097321160965189e+00 4.914526453024250789e-10
1.565327624840694209e+00 3.189631840253283535e-10
1.609785746959007779e+00 2.049365404353158802e-10
1.655506559769621466e+00 1.292399438715848412e-10
1.702525925961026587e+00 7.909518726541172784e-11
1.750880726786619546e+00 4.621051051604838496e-11
1.800608890993778965e+00 2.510102912335837730e-11
1.851749424574580916e+00 1.207778334945260694e-11
1.904342441361486449e+00 4.624078228292066967e-12
1.958429194492002701e+00 1.002135349004170014e-12
2.014052108766998028e+00 2.259807658114087548e-09
2.071254813928048666e+00 0.000000000000000000e+00
2.130082178879925348e+00 0.000000000000000000e+00
2.190580346885057761e+00 0.000000000000000000e+00
2.252796771757585415e+00 0.000000000000000000e+00
