1.000000000000000000e+00 1.442861994692827381e-03
1.028401799989211884e+00 1.332978111184341752e-03
1.057610262221051034e+00 1.209615594377479132e-03
1.087648297355191307e+00 1.078952535479359848e-03
1.118539466755280154e+00 9.445295775614378532e-04
1.150308000970103439e+00 8.093641496429996229e-04
1.182978818739646387e+00 6.771201008553389680e-04
1.216577546540964061e+00 5.522910943346520706e-04
1.251130538689186666e+00 4.394327043440337979e-04
1.286664898009431734e+00 3.419745195672948841e-04
1.323208497095835323e+00 2.613982979934724882e-04
1.360790000174376901e+00 1.972099360926014931e-04
1.399438885586649306e+00 1.475319133785733307e-04
1.439185468912206778e+00 1.098631178735286749e-04
1.480060926747631456e+00 8.167186388136163941e-05
1.522097321160965189e+00 6.072529143403689544e-05
1.565327624840694209e+00 4.520649659168063920e-05
1.609785746959007779e+00 3.370795103222714635e-05
1.655506559769621466e+00 2.517128476836760182e-05
1.702525925961026587e+00 1.881429369883786320e-05
1.750880726786619546e+00 1.406402961677274669e-05
1.800608890993778965e+00 1.050224531437320426e-05
1.851749424574580916e+00 7.823535782977581186e-06
1.904342441361486449e+00 5.804287998548789616e-06
1.958429194492002701e+00 4.280076675113464395e-06
2.014052108766998028e+00 3.129367290374289658e-06
2.071254813928048666e+00 2.261812603058478064e-06
2.130082178879925348e+00 1.609849528195892159e-06
2.190580346885057761e+00 1.122651933588601589e-06
2.252796771757585415e+00 7.617618579908060694e-07
2.316780255085386653e+00 4.979176508830909278e-07
2.382580984509277133e+00 3.087381742548854395e-07
2.450250573089409301e+00 1.770218735566189111e-07
2.519842099789746381e+00 8.948972845030916662e-08
2.591410151112370830e+00 3.585044729266809477e-08
2.665010863914277550e+00 8.100990737052238231e-09
2.740701969440247687e+00 4.954687442154578078e-05
2.818542838606328704e+00 0.000000000000000000e+00
2.898594528569450990e+00 0.000000000000000000e+00
2.980919830619704669e+00 0.000000000000000000e+00
3.065583319432840792e+00 0.000000000000000000e+00
