1.000000000000000000e+00 2.656145800442730721e-05
1.005571754833000320e+00 1.453685491348783923e-05
1.011174554117919788e+00 9.300287368254671092e-06
1.016808570826833069e+00 6.523192026311478736e-06
1.022473978895573676e+00 4.550641421519998936e-06
1.028170953229102125e+00 3.053528454646428603e-06
1.033899669706906943e+00 1.974604363368009092e-06
1.039660305188433886e+00 1.257439638087125199e-06
1.045453037518546013e+00 8.048703054469391330e-07
1.051278045533014849e+00 5.238131006303751002e-07
1.057135509064040635e+00 3.484478794194643827e-07
1.063025608945804334e+00 2.373507871165625205e-07
1.068948527020051165e+00 1.655138411316899738e-07
1.074904446141703662e+00 1.180105116726487654e-07
1.080893550184507390e+00 8.588500288469801269e-08
1.086916024046706619e+00 6.368667756454494412e-08
1.092972053656754428e+00 4.803579940544707008e-08
1.099061825979050777e+00 3.679372484499656406e-08
1.105185529019715673e+00 2.857911058133468225e-08
1.111343351832393189e+00 2.248178709733935937e-08
1.117535484524088130e+00 1.789055476010351558e-08
1.123762118261034448e+00 1.438758787870898532e-08
1.130023445274598082e+00 1.168245017898212933e-08
1.136319658867210647e+00 9.570095108329837351e-09
1.142650953418337112e+00 7.903654824348304499e-09
1.149017524390478329e+00 6.576511076556407325e-09
1.155419568335202873e+00 5.510292311040078452e-09
1.161857282899217747e+00 4.646716827707466037e-09
1.168330866830467940e+00 3.941970982040518095e-09
1.174840519984274190e+00 3.362782984084952337e-09
1.181386443329501157e+00 2.883646619348825123e-09
1.187968838954763351e+00 2.484835064324095534e-09
1.194587910074663251e+00 2.150964280541610800e-09
1.201243861036065619e+00 1.869943144755231163e-09
1.207936897324405123e+00 1.632198715757055107e-09
1.214667225570031928e+00 1.430099273084946632e-09
1.221435053554588590e+00 1.257520909833306084e-09
1.228240590217427375e+00 1.109519290522069927e-09
1.235084045662058649e+00 9.820791263952875483e-10
1.241965631162637695e+00 8.719215613068616623e-10
1.248885559170488380e+00 7.763550492260722093e-10
1.255844043320661019e+00 6.931591388504216159e-10
1.262841298438527327e+00 6.204933337788062365e-10
1.269877540546414663e+00 5.568251897871857704e-10
1.276952986870272699e+00 5.008732652359937135e-10
1.284067855846381390e+00 4.515616101615801438e-10
1.291222367128093795e+00 4.079832717726458913e-10
1.298416741592617774e+00 3.693708848873051721e-10
1.305651201347834967e+00 3.350728594136142835e-10
1.312925969739157539e+00 3.045340121098356234e-10
1.320241271356423107e+00 2.772797446084830077e-10
1.327597332040829858e+00 2.529030644604730795e-10
1.334994378891906752e+00 2.310538957054445960e-10
1.342432640274525912e+00 2.114302412261944939e-10
1.349912345825952764e+00 1.937708490794515887e-10
1.357433726462935253e+00 1.778491052160769262e-10
1.364997014388832808e+00 1.634679300940165852e-10
1.372602443100784830e+00 1.504555001052775546e-10
1.380250247396919594e+00 1.386616491082088770e-10
1.387940663383603335e+00 1.279548326798217265e-10
1.395673928482728643e+00 1.182195595136958500e-10
1.403450281439044600e+00 1.093542118684092299e-10
1.411269962327528438e+00 1.012691910331932146e-10
1.419133212560794943e+00 9.388533513173619005e-11
1.427040274896551830e+00 8.713256578579079663e-11
1.434991393445092855e+00 8.094872764177524906e-11
1.442986813676834235e+00 7.527859086742584230e-11
1.451026782429893913e+00 7.007299172162034446e-11
1.459111547917710583e+00 6.528809040263861343e-11
1.467241359736707551e+00 6.088472875851715413e-11
1.475416468873998577e+00 5.682787323373809215e-11
1.483637127715135451e+00 5.308613073809303087e-11
1.491903590051900874e+00 4.963132704373192525e-11
1.500216111090143078e+00 4.643813891573520319e-11
1.508574947457654636e+00 4.348377251710819981e-11
1.516980357212095010e+00 4.074768174725533971e-11
1.525432599848957960e+00 3.821132111143692209e-11
1.533931936309582689e+00 3.585792850822354774e-11
1.542478628989209177e+00 3.367233398774523688e-11
1.551072941745079481e+00 3.164079109623065543e-11
1.559715139904583658e+00 2.975082789899032626e-11
1.568405490273450775e+00 2.799111517861701204e-11
1.577144261143986093e+00 2.635134964938574427e-11
1.585931722303353775e+00 2.482215032224792587e-11
1.594768145041905782e+00 2.339496640542212728e-11
1.603653802161558062e+00 2.206199534005745952e-11
1.612588967984211141e+00 2.081610975433681799e-11
1.621573918360220024e+00 1.965079227735245382e-11
1.630608930676910928e+00 1.856007729002725312e-11
1.639694283867143332e+00 1.753849880754781726e-11
1.648830258417923078e+00 1.658104378897981275e-11
1.658017136379060341e+00 1.568311025728246413e-11
1.667255201371877771e+00 1.484046968879435903e-11
1.676544738597966377e+00 1.404923319709332381e-11
1.685886034847990933e+00 1.330582109335667842e-11
1.695279378510542889e+00 1.260693545516257859e-11
1.704725059581044588e+00 1.194953537910642561e-11
1.714223369670702102e+00 1.133081463053050908e-11
1.723774602015506918e+00 1.074818143682602145e-11
1.733379051485290034e+00 1.019924019980445760e-11
1.743037014592824674e+00 9.681774928097449160e-12
1.752748789502980742e+00 9.193734212902017303e-12
1.762514676041929462e+00 8.733217590043675745e-12
1.772334975706399973e+00 8.298463148635912491e-12
1.782209991672987659e+00 7.887836261867604978e-12
1.792140028807513108e+00 7.499819328913215237e-12
1.802125393674434584e+00 7.133002428856678095e-12
1.812166394546312675e+00 6.786074798044945623e-12
1.822263341413326909e+00 6.457817051609793998e-12
1.832416545992845869e+00 6.147094078163084280e-12
1.842626321739051276e+00 5.852848544010482137e-12
1.852892983852614250e+00 5.574094949750917824e-12
1.863216849290427524e+00 5.309914187933235779e-12
1.873598236775389170e+00 5.059448555610203654e-12
1.884037466806243177e+00 4.821897180239343286e-12
1.894534861667474646e+00 4.596511821493260703e-12
1.905090745439257827e+00 4.382593015218194587e-12
1.915705444007463232e+00 4.179486529065442067e-12
1.926379285073716918e+00 3.986580102263679731e-12
1.937112598165517952e+00 3.803300444636302028e-12
1.947905714646412489e+00 3.629110472332745961e-12
1.958758967726222711e+00 3.463506759866043874e-12
1.969672692471333697e+00 3.306017189956069759e-12
1.980647225815039603e+00 3.156198784393669751e-12
1.991682906567943334e+00 3.013635700685415277e-12
2.002780075428417295e+00 2.877937380629592787e-12
2.013939074993122524e+00 2.748736838228975988e-12
2.025160249767583576e+00 2.625689075477800367e-12
2.036443946176826003e+00 2.508469615583097116e-12
2.047790512576070920e+00 2.396773144104739003e-12
2.059200299261489064e+00 2.290312249334770132e-12
2.070673658481014812e+00 2.188816253993654062e-12
2.082210944445222811e+00 2.092030131006891091e-12
2.093812513338261905e+00 1.999713496747538119e-12
2.105478723328850776e+00 1.911639675694412404e-12
2.117209934581337549e+00 1.827594830968317994e-12
2.129006509266817559e+00 1.747377155674371299e-12
2.140868811574313746e+00 1.670796120402047594e-12
2.152797207722022765e+00 1.597671772619874839e-12
2.164792065968617507e+00 1.527834084052993086e-12
2.176853756624618885e+00 1.461122342451285724e-12
2.188982652063826695e+00 1.397384584447848005e-12
2.201179126734817082e+00 1.336477066473435679e-12
2.213443557172501297e+00 1.278263770935779535e-12
2.225776322009750618e+00 1.222615945094591351e-12
2.238177801989086113e+00 1.169411670266173107e-12
2.250648379974432789e+00 1.118535459177294849e-12
2.263188440962939474e+00 1.069877879457963761e-12
2.275798372096865307e+00 1.023335201418546508e-12
2.288478562675530181e+00 9.788090683993753990e-13
2.301229404167335346e+00 9.362061881118768957e-13
2.314051290221847079e+00 8.954380435104389737e-13
2.326944616681951405e+00 8.564206218444140633e-13
2.339909781596073213e+00 8.190741606410522730e-13
2.352947185230465532e+00 7.833229094632344853e-13
2.366057230081568097e+00 7.490949063715115363e-13
2.379240320888430293e+00 7.163217680987889688e-13
2.392496864645209609e+00 6.849384930185012697e-13
2.405827270613734470e+00 6.548832760540003672e-13
2.419231950336140802e+00 6.260973347384292580e-13
2.432711317647574756e+00 5.985247456911931407e-13
2.446265788688972265e+00 5.721122908294846437e-13
2.459895781919903435e+00 5.468093126817563561e-13
2.473601718131492877e+00 5.225675782146265938e-13
2.487384020459409761e+00 4.993411506260367108e-13
2.501243114396932032e+00 4.770862685955966277e-13
2.515179427808082124e+00 4.557612325183432080e-13
2.529193390940834174e+00 4.353262972807998511e-13
2.543285436440401170e+00 4.157435711684286171e-13
2.557455999362587384e+00 3.969769205215810374e-13
2.571705517187221623e+00 3.789918797829667687e-13
2.586034429831662873e+00 3.617555666037111548e-13
2.600443179664382765e+00 3.452366016973894676e-13
2.614932211518620431e+00 3.294050331520762886e-13
2.629501972706117741e+00 3.142322649296808933e-13
2.644152913030926921e+00 2.996909892996664482e-13
2.658885484803298560e+00 2.857551229708022126e-13
2.673700142853645989e+00 2.723997467000086245e-13
2.688597344546584278e+00 2.596010481716775775e-13
2.703577549795053603e+00 2.473362679541367878e-13
2.718641221074515446e+00 2.355836483523549509e-13
2.733788823437230953e+00 2.243223849874874704e-13
2.749020824526619666e+00 2.135325809446276023e-13
2.764337694591694650e+00 2.031952033401237473e-13
2.779739906501580649e+00 1.932920421691509134e-13
2.795227935760114857e+00 1.838056713029315031e-13
2.810802260520523621e+00 1.747194115130986324e-13
2.826463361600187074e+00 1.660172954082723457e-13
2.842211722495481041e+00 1.576840341749834183e-13
2.858047829396705541e+00 1.497049860216715684e-13
2.873972171203092785e+00 1.420661262306502541e-13
2.889985239537901762e+00 1.347540187286874309e-13
2.906087528763596328e+00 1.277557890922326805e-13
2.922279535997106770e+00 1.210590989083564590e-13
2.938561761125176641e+00 1.146521214171706612e-13
2.954934706819795753e+00 1.085235183659091033e-13
2.971398878553719314e+00 1.026624180089670590e-13
2.987954784616072779e+00 9.705839419206158289e-14
3.004602936128043744e+00 9.170144646228970172e-14
3.021343847058662213e+00 8.658198114925094207e-14
3.038178034240667014e+00 8.169079336557576916e-14
3.055106017386462813e+00 7.701904987818142660e-14
3.072128319104164174e+00 7.255827280436600182e-14
3.089245464913730199e+00 6.830032408947516761e-14
3.106457983263187561e+00 6.423739072533337085e-14
3.123766405544946334e+00 6.036197067093972390e-14
3.141171266112205540e+00 5.666685943909606999e-14
3.158673102295447954e+00 5.314513731467392444e-14
3.176272454419030833e+00 4.979015717213428860e-14
3.193969865817865461e+00 4.659553286172037107e-14
3.211765882854193510e+00 4.355512813542590930e-14
3.229661054934452213e+00 4.066304608543805472e-14
3.247655934526235910e+00 3.791361906924692136e-14
3.265751077175354844e+00 3.530139909702017797e-14
3.283947041522982335e+00 3.282114865816875477e-14
3.302244389322905427e+00 3.046783196527419223e-14
3.320643685458863459e+00 2.823660659472531641e-14
3.339145497961990561e+00 2.612281550451621721e-14
3.357750398028350958e+00 2.412197941070173680e-14
3.376458960036574197e+00 2.222978950498925212e-14
3.395271761565585411e+00 2.044210049687144678e-14
3.414189383412437717e+00 1.875492396457951026e-14
3.433212409610244542e+00 1.716442199995910722e-14
3.452341427446206978e+00 1.566690113315135301e-14
3.471577027479747724e+00 1.425880652369236533e-14
3.490919803560740942e+00 1.293671640534004477e-14
3.510370352847846931e+00 1.169733677258995959e-14
3.529929275826948043e+00 1.053749629745995744e-14
3.549597176329685855e+00 9.454141465707980536e-15
3.569374661552105366e+00 8.444331922197959895e-15
3.589262342073396894e+00 7.505236015651166399e-15
3.609260831874750330e+00 6.634126533512370263e-15
3.629370748358307530e+00 5.828376618127355513e-15
3.649592712366222624e+00 5.085455855868383176e-15
3.669927348199832018e+00 4.402926531261667618e-15
3.690375283638924309e+00 3.778440038566055103e-15
3.710937149961124337e+00 3.209733443625008703e-15
3.731613581961380710e+00 2.694626189168325702e-15
3.752405217971563456e+00 2.231016937074819623e-15
3.773312699880172261e+00 1.816880541424259525e-15
3.794336673152151285e+00 1.450265146467892930e-15
3.815477786848816777e+00 1.129289403931191651e-15
3.836736693647897045e+00 8.521398043327778115e-16
3.858114049863679451e+00 6.170681172593314853e-16
3.879610515467273313e+00 4.223889357787724500e-16
3.901226754106986938e+00 2.664773204043227512e-16
3.922963433128812571e+00 1.477665382403603713e-16
3.944821223597031690e+00 6.474589314795394611e-17
3.966800800314930431e+00 1.595864296470497312e-17
3.988902841845634928e+00 5.167717379054126057e-11
4.011128030533057220e+00 0.000000000000000000e+00
4.033477052522962403e+00 0.000000000000000000e+00
4.055950597784153011e+00 0.000000000000000000e+00
4.078549360129767543e+00 0.000000000000000000e+00
4.101274037238701098e+00 0.000000000000000000e+00
4.124125330677144596e+00 0.000000000000000000e+00
4.147103945920243895e+00 0.000000000000000000e+00
4.170210592373879699e+00 0.000000000000000000e+00
4.193445983396568266e+00 0.000000000000000000e+00
4.216810836321483791e+00 0.000000000000000000e+00
4.240305872478606020e+00 0.000000000000000000e+00
4.263931817216987774e+00 0.000000000000000000e+00
4.287689399927150369e+00 0.000000000000000000e+00
4.311579354063598934e+00 0.000000000000000000e+00
4.335602417167467415e+00 0.000000000000000000e+00
4.359759330889287909e+00 0.000000000000000000e+00
4.384050841011888799e+00 0.000000000000000000e+00
