1.000000000000000000e+00 2.039235105462199778e-05
1.028401799989211884e+00 1.368681351963685230e-05
1.057610262221051034e+00 6.264465757638253824e-06
1.087648297355191307e+00 2.017542858128976003e-06
1.118539466755280154e+00 6.852400917552045962e-07
1.150308000970103439e+00 2.753174138695330463e-07
1.182978818739646387e+00 1.263406666220315478e-07
1.216577546540964061e+00 6.417008955601322203e-08
1.251130538689186666e+00 3.524207954259525806e-08
1.286664898009431734e+00 2.057515190669436382e-08
1.323208497095835323e+00 1.261050769572384827e-08
1.360790000174376901e+00 8.037603132076985296e-09
1.399438885586649306e+00 5.288781062448877072e-09
1.439185468912206778e+00 3.572004869460543464e-09
1.480060926747631456e+00 2.464707710285331191e-09
1.522097321160965189e+00 1.730749154479951863e-09
1.565327624840694209e+00 1.232803282694555377e-09
1.609785746959007779e+00 8.881974127689511545e-10
1.655506559769621466e+00 6.456301800172427331e-10
1.702525925961026587e+00 4.724052002066985234e-10
1.750880726786619546e+00 3.471837496455118422e-10
1.800608890993778965e+00 2.557417307108242087e-10
1.851749424574580916e+00 1.884160838806149303e-10
1.904342441361486449e+00 1.385293616294082404e-10
1.958429194492002701e+00 1.013957278488593900e-10
2.014052108766998028e+00 7.368089218747146018e-11
2.071254813928048666e+00 5.298222095174299086e-11
2.130082178879925348e+00 3.754855828597419662e-11
2.190580346885057761e+00 2.609032612549578547e-11
2.252796771757585415e+00 1.764894627781062251e-11
2.316780255085386653e+00 1.150585071240414348e-11
2.382580984509277133e+00 7.118292007787455423e-12
2.450250573089409301e+00 4.073539782573172833e-12
2.519842099789746381e+00 2.055847816302354920e-12
2.591410151112370830e+00 8.223945879306405215e-13
2.665010863914277550e+00 1.855974723354597426e-13
2.740701969440247687e+00 1.121800108408134615e-09
2.818542838606328704e+00 0.000000000000000000e+00
2.898594528569450990e+00 0.000000000000000000e+00
2.980919830619704669e+00 0.000000000000000000e+00
3.065583319432840792e+00 0.000000000000000000e+00
