Circmon Q1 P1 Data with circmon testpad radiator, R=4.8kOhm, Area=320*123*2 nm^2
2021Aug Cooldown
# file_path = ('Z:/mcdermott-group/data/BlackBody/Circmon/LIU/CW20180514A_Ox2/{}/{}/MATLABData/{}')
# date = 'JJRadiatorP1_2021Aug25_HighDensity'
# file_Number = np.arange(0, 50, 1)
### More Q2
# file_path = ('Z:/mcdermott-group/data/BlackBody/Circmon/LIU/CW20180514A_Ox2/{}/{}/MATLABData/{}')
# date = 'JJRadiatorP1_2021Aug26_HighDensity'
# file_Number = np.arange(0, 200, 1)

Process code
C:\Repositories\Analysis\projects\BlackBody\JosephsonRadiator\P1T1\P12021Aug26.py
C:\Repositories\Analysis\projects\BlackBody\JosephsonRadiator\P1T1\P12021Aug26Q2.py
C:\Repositories\Analysis\projects\BlackBody\JosephsonRadiator\P1T1\P12021Aug26Q2Combine.py
standard deviation to standard error of the mean



# [VoltageBias(mDAC), P1, P1 std]
#-------------------------------------------------------
0.000000000000000000e+00 9.151478000000000390e-02 4.538857617253267036e-03
4.000000000000000000e+00 8.703181999999999585e-02 4.301841081053785036e-03
8.000000000000000000e+00 8.826180000000000136e-02 4.342215464045975221e-03
1.200000000000000000e+01 8.794933000000000611e-02 4.536969642147498441e-03
1.500000000000000000e+01 8.818165000000000031e-02 4.490253925541627320e-03
1.550000000000000000e+01 8.898330000000000128e-02 4.888207965139167686e-03
1.600000000000000000e+01 8.665480999999999878e-02 4.079864706090141971e-03
1.650000000000000000e+01 8.788675999999999433e-02 4.265292145747815247e-03
1.700000000000000000e+01 9.349549000000000054e-02 5.311912005280396143e-03
1.750000000000000000e+01 9.210614000000000301e-02 4.734101113247371657e-03
1.800000000000000000e+01 9.115154000000000312e-02 5.502007763907463059e-03
1.850000000000000000e+01 9.756099000000000021e-02 5.937619482243872322e-03
1.900000000000000000e+01 9.375749999999999362e-02 5.567938400185296066e-03
1.950000000000000000e+01 9.053580999999999435e-02 5.214539158870321219e-03
2.000000000000000000e+01 9.270245000000000568e-02 5.073049920382018477e-03
2.050000000000000000e+01 9.135221000000000313e-02 4.379051484705106904e-03
2.100000000000000000e+01 9.693042999999999798e-02 5.078620507604205900e-03
2.150000000000000000e+01 9.922346999999999417e-02 4.666402710016570761e-03
2.200000000000000000e+01 9.521828999999999710e-02 5.098551019338729180e-03
2.250000000000000000e+01 9.515874000000000554e-02 5.062480088216841229e-03
2.300000000000000000e+01 9.620075000000000154e-02 5.405052110498288070e-03
2.350000000000000000e+01 9.641336000000000350e-02 4.668852127906601354e-03
2.400000000000000000e+01 8.973889999999999645e-02 4.841077883959521086e-03
2.450000000000000000e+01 8.316320000000000656e-02 4.246522703347999604e-03
2.500000000000000000e+01 8.954523000000000343e-02 5.273373271492166892e-03
2.550000000000000000e+01 9.410053000000000167e-02 5.067879555597981645e-03
2.600000000000000000e+01 1.063627000000000045e-01 4.597739813136232818e-03
2.650000000000000000e+01 1.348962400000000006e-01 3.940922466227672269e-03
2.700000000000000000e+01 1.714700999999999864e-01 4.277469938733409471e-03
2.750000000000000000e+01 1.846786199999999878e-01 4.445755695801557883e-03
2.800000000000000000e+01 1.776977799999999996e-01 5.078132603925186728e-03
2.850000000000000000e+01 1.597876799999999875e-01 4.137358144254857893e-03
2.900000000000000000e+01 1.427942600000000062e-01 4.405118269086767159e-03
2.950000000000000000e+01 1.363620000000000110e-01 4.722217476682750471e-03
3.000000000000000000e+01 1.217075700000000010e-01 4.222246313336302896e-03
3.050000000000000000e+01 1.202626700000000021e-01 5.546538520559467222e-03
3.100000000000000000e+01 1.124961000000000017e-01 5.166576105902437842e-03
3.150000000000000000e+01 1.112119099999999972e-01 4.764744292716871152e-03
3.200000000000000000e+01 1.062343300000000018e-01 4.458946065697811864e-03
3.250000000000000000e+01 1.035935600000000012e-01 4.158305475540728484e-03
3.300000000000000000e+01 1.036179799999999984e-01 4.902863460286039678e-03
3.350000000000000000e+01 1.008475900000000008e-01 4.506500410946170411e-03
3.400000000000000000e+01 9.779604999999999548e-02 4.578679042742567727e-03
3.450000000000000000e+01 1.001680800000000066e-01 4.679617121543384363e-03
3.500000000000000000e+01 9.887265000000000637e-02 4.640040355000374372e-03
3.550000000000000000e+01 9.722522999999999582e-02 4.368477409899242971e-03
3.600000000000000000e+01 1.045434999999999975e-01 5.214994535637404796e-03
3.650000000000000000e+01 1.006221699999999969e-01 3.948781250993779746e-03
3.700000000000000000e+01 1.005038199999999937e-01 5.003238682089032087e-03
3.750000000000000000e+01 1.006238899999999936e-01 4.719360765286756410e-03
3.800000000000000000e+01 9.647611999999999854e-02 4.465981778170618165e-03
3.850000000000000000e+01 9.428072999999999315e-02 4.599281305919219846e-03
3.900000000000000000e+01 9.678771999999999376e-02 5.124441027025093513e-03
3.950000000000000000e+01 9.206999000000000433e-02 4.444226930940632647e-03
4.000000000000000000e+01 9.520828000000000624e-02 5.304659918132546316e-03
4.050000000000000000e+01 9.783996999999999833e-02 5.184987752270973221e-03
4.100000000000000000e+01 9.620695999999999415e-02 5.257365788179665586e-03
4.150000000000000000e+01 9.292284000000000654e-02 4.000940275601223839e-03
4.200000000000000000e+01 9.237971999999999850e-02 4.252817367914121793e-03
4.250000000000000000e+01 9.231662000000000201e-02 4.435668110461151760e-03
4.300000000000000000e+01 9.246814000000000422e-02 4.439748116588597589e-03
4.350000000000000000e+01 9.043257000000000378e-02 4.532571437968518219e-03
4.400000000000000000e+01 9.673940999999999790e-02 5.459430036185096077e-03
4.450000000000000000e+01 9.099237000000000297e-02 4.129413092461445799e-03
4.500000000000000000e+01 9.039801999999999560e-02 4.343748471547587142e-03
4.900000000000000000e+01 8.834100999999999759e-02 4.218682495159122546e-03
5.300000000000000000e+01 9.690654999999999408e-02 4.869117496260693193e-03
5.700000000000000000e+01 9.679089000000000442e-02 4.135928374343298200e-03
6.100000000000000000e+01 9.220214000000000187e-02 4.133268238632474730e-03
6.500000000000000000e+01 9.922646000000000244e-02 5.063815105819721198e-03
6.900000000000000000e+01 9.915293000000000023e-02 4.669054360446020860e-03
7.300000000000000000e+01 9.505855000000000554e-02 4.691437118497699191e-03
7.700000000000000000e+01 9.302409000000000372e-02 3.946204553883135568e-03
8.100000000000000000e+01 9.651795999999999986e-02 4.388943908573906399e-03
8.500000000000000000e+01 9.162362000000000284e-02 3.803200692669530744e-03
8.900000000000000000e+01 9.549870000000000581e-02 4.631152022760859528e-03
9.300000000000000000e+01 9.871815000000000451e-02 4.846535334096718946e-03
9.700000000000000000e+01 9.382240999999999498e-02 4.594194379735363175e-03
