Circmon Q3 P1 Data with circmon testpad radiator, R=4.8kOhm, Area=320*123*2 nm^2
2021Aug Cooldown
# file_path = ('Z:/mcdermott-group/data/BlackBody/Circmon/LIU/CW20180514A_Ox2/{}/{}/MATLABData/{}')
# date = 'JJRadiatorP1_2021Aug25_HighDensity'
# file_Number = np.arange(0, 50, 1)
### More Q2
# file_path = ('Z:/mcdermott-group/data/BlackBody/Circmon/LIU/CW20180514A_Ox2/{}/{}/MATLABData/{}')
# date = 'JJRadiatorP1_2021Aug26_HighDensity'
# file_Number = np.arange(0, 200, 1)

Process code
C:\Repositories\Analysis\projects\BlackBody\JosephsonRadiator\P1T1\P12021Aug26.py
C:\Repositories\Analysis\projects\BlackBody\JosephsonRadiator\P1T1\P12021Aug26Q2.py
C:\Repositories\Analysis\projects\BlackBody\JosephsonRadiator\P1T1\P12021Aug26Q2Combine.py
standard deviation to standard error of the mean



# [VoltageBias(mDAC), P1, P1 std]
#-------------------------------------------------------
0.000000000000000000e+00 3.586697200000000252e-01 4.132418296281488608e-03
5.000000000000000000e-01 3.599377599999999955e-01 4.296493939574452282e-03
1.000000000000000000e+00 3.593413500000000038e-01 4.710073624822652336e-03
1.500000000000000000e+00 3.600721800000000195e-01 4.926091918048017444e-03
2.000000000000000000e+00 3.582456900000000055e-01 5.299157213161353672e-03
2.500000000000000000e+00 3.551121799999999995e-01 4.194162860414697366e-03
3.000000000000000000e+00 3.587780099999999806e-01 4.408385102415849147e-03
3.500000000000000000e+00 3.562243600000000177e-01 4.870299778798836861e-03
4.000000000000000000e+00 3.588249499999999759e-01 5.039350625404229005e-03
4.500000000000000000e+00 3.588157399999999941e-01 4.619672851275076486e-03
5.000000000000000000e+00 3.566418499999999825e-01 5.226920598608897177e-03
5.500000000000000000e+00 3.584728600000000043e-01 4.143245515315016614e-03
6.000000000000000000e+00 3.666095899999999852e-01 5.357970112579763314e-03
6.500000000000000000e+00 3.627132599999999818e-01 4.895947955966034951e-03
7.000000000000000000e+00 3.628570899999999932e-01 4.241075152705738212e-03
7.500000000000000000e+00 3.751423199999999736e-01 4.359355732421936122e-03
8.000000000000000000e+00 4.001620499999999914e-01 4.005478486922879437e-03
8.500000000000000000e+00 4.236983699999999908e-01 4.113479148254187319e-03
9.000000000000000000e+00 4.067311200000000015e-01 4.057384367302659459e-03
9.500000000000000000e+00 3.938269300000000195e-01 4.920807001965428820e-03
1.000000000000000000e+01 3.764223999999999903e-01 4.866935364733951559e-03
1.050000000000000000e+01 3.731446299999999772e-01 4.946103039955597296e-03
1.100000000000000000e+01 3.691705599999999809e-01 4.630282281419999604e-03
1.150000000000000000e+01 3.692066500000000251e-01 4.780641467371507351e-03
1.200000000000000000e+01 3.727230699999999897e-01 4.449258702795556332e-03
1.250000000000000000e+01 3.595724599999999826e-01 4.759374523820541006e-03
1.300000000000000000e+01 3.568393100000000207e-01 4.162809745736886259e-03
1.350000000000000000e+01 3.747052200000000055e-01 3.719565516804348212e-03
1.400000000000000000e+01 4.593298800000000237e-01 4.144900145182993205e-03
1.450000000000000000e+01 6.084763600000000494e-01 4.706190194380376231e-03
1.500000000000000000e+01 7.020315200000000200e-01 5.824167027629615495e-03
1.550000000000000000e+01 7.643258600000000236e-01 5.431159907073257291e-03
1.600000000000000000e+01 7.794227799999999817e-01 6.725417046658742001e-03
1.650000000000000000e+01 7.943103400000000036e-01 6.033538517111828800e-03
1.700000000000000000e+01 7.859273900000000035e-01 6.900898322332245025e-03
1.750000000000000000e+01 7.727729199999999743e-01 6.989734975679835587e-03
1.800000000000000000e+01 7.281240599999999619e-01 8.810655145387997350e-03
1.850000000000000000e+01 6.809869499999999798e-01 5.874292413134368437e-03
1.900000000000000000e+01 5.917095199999999888e-01 5.250854748938499870e-03
1.950000000000000000e+01 5.034591299999999769e-01 4.981794961842768953e-03
2.000000000000000000e+01 4.444325199999999976e-01 4.398151853078517866e-03
2.050000000000000000e+01 4.204001399999999777e-01 4.453714889730594866e-03
2.100000000000000000e+01 4.069655500000000092e-01 4.767428470058255978e-03
2.150000000000000000e+01 3.915135399999999932e-01 4.118130496660832481e-03
2.200000000000000000e+01 3.845656800000000208e-01 4.977707884647511113e-03
2.250000000000000000e+01 3.770572400000000157e-01 4.125862002206326373e-03
2.300000000000000000e+01 3.686210799999999899e-01 4.725310361743659260e-03
2.350000000000000000e+01 3.807918599999999820e-01 4.826777356416804901e-03
2.400000000000000000e+01 3.849803700000000162e-01 4.185028455015329593e-03
2.450000000000000000e+01 3.976737100000000136e-01 5.230095508056424765e-03
2.500000000000000000e+01 4.059789200000000209e-01 4.699120540782072974e-03
2.550000000000000000e+01 3.963882200000000133e-01 4.877270437447773707e-03
2.600000000000000000e+01 3.968977799999999778e-01 5.124009691888570424e-03
2.650000000000000000e+01 3.908834700000000106e-01 4.695166399661677634e-03
2.700000000000000000e+01 3.894249399999999972e-01 4.812359449148410732e-03
2.750000000000000000e+01 3.764396700000000040e-01 4.347524421759123466e-03
2.800000000000000000e+01 3.792747499999999938e-01 5.575915978890642888e-03
2.850000000000000000e+01 3.841515899999999872e-01 5.499998166435330661e-03
2.900000000000000000e+01 3.765083399999999969e-01 4.617138580571304371e-03
2.950000000000000000e+01 3.735590500000000036e-01 4.223318287216581458e-03
3.000000000000000000e+01 3.748822600000000227e-01 4.392514797818898760e-03
3.400000000000000000e+01 3.663577100000000031e-01 4.377381298487944064e-03
3.800000000000000000e+01 3.785199399999999992e-01 4.523353593968970285e-03
4.200000000000000000e+01 3.711999400000000060e-01 4.369707775698507615e-03
4.600000000000000000e+01 3.803977000000000053e-01 4.963519079976221396e-03
5.000000000000000000e+01 4.227308699999999808e-01 4.848362498019304773e-03
5.400000000000000000e+01 4.045772499999999994e-01 4.095377214655812094e-03
5.800000000000000000e+01 4.037072199999999778e-01 4.953191078330211258e-03
6.200000000000000000e+01 4.001105200000000250e-01 4.585563434364200823e-03
6.600000000000000000e+01 3.951367800000000208e-01 4.172741767585432492e-03
7.000000000000000000e+01 3.961474799999999963e-01 4.510966497376143677e-03
7.400000000000000000e+01 3.979371899999999962e-01 4.787496160508330177e-03
7.800000000000000000e+01 4.924082399999999970e-01 4.427090905205358431e-03
8.200000000000000000e+01 6.085827900000000401e-01 5.844060769811518230e-03
8.600000000000000000e+01 6.347240499999999841e-01 6.245966122102328613e-03
9.000000000000000000e+01 6.397001900000000019e-01 5.738796611723401969e-03
9.400000000000000000e+01 6.475760999999999878e-01 5.756201338035527373e-03
9.800000000000000000e+01 6.505162300000000286e-01 6.257470749432233505e-03
