Circmon Q4 Parity Data with SFQ testpad rectmon radiator, strong, R=8 kOhm
2021Oct Cooldown
Z:\mcdermott-group\data\Antenna\Circmon\Liu\CW20180514A_Ox2\2021Oct16_QB124_PSD_J6Radiator
Fitting method Chris' no white noise verison














# [VoltageBias(mDAC), ParityRate(sec^-1)]
#-------------------------------------------------------
0.000000000000000000e+00 1.898100000000000023e+02
2.500000000000000000e+00 1.885500000000000114e+02
5.000000000000000000e+00 1.887899999999999920e+02
7.500000000000000000e+00 1.783000000000000114e+02
1.000000000000000000e+01 1.903600000000000136e+02
1.250000000000000000e+01 1.953600000000000136e+02
1.500000000000000000e+01 1.961299999999999955e+02
1.500000000000000000e+01 1.961299999999999955e+02
1.600000000000000000e+01 1.848300000000000125e+02
1.700000000000000000e+01 1.923499999999999943e+02
1.800000000000000000e+01 1.912899999999999920e+02
1.900000000000000000e+01 1.957599999999999909e+02
2.000000000000000000e+01 1.929000000000000057e+02
2.100000000000000000e+01 2.003499999999999943e+02
2.200000000000000000e+01 1.937599999999999909e+02
2.300000000000000000e+01 1.835500000000000114e+02
2.400000000000000000e+01 2.004099999999999966e+02
2.500000000000000000e+01 2.293600000000000136e+02
2.600000000000000000e+01 2.767099999999999795e+02
2.700000000000000000e+01 4.001000000000000227e+02
2.800000000000000000e+01 3.107699999999999818e+02
2.900000000000000000e+01 6.544500000000000455e+02
3.000000000000000000e+01 5.666100000000000136e+02
3.100000000000000000e+01 3.996999999999999886e+02
3.200000000000000000e+01 4.274100000000000250e+02
3.300000000000000000e+01 3.604900000000000091e+02
3.400000000000000000e+01 9.068099999999999454e+02
3.500000000000000000e+01 8.764700000000000273e+02
3.600000000000000000e+01 6.160499999999999545e+02
3.700000000000000000e+01 5.240900000000000318e+02
3.800000000000000000e+01 7.847699999999999818e+02
3.900000000000000000e+01 1.297890000000000100e+03
4.000000000000000000e+01 1.539440000000000055e+03
4.100000000000000000e+01 3.271880000000000109e+03
4.200000000000000000e+01 5.007140000000000327e+03
4.300000000000000000e+01 3.911550000000000182e+03
4.400000000000000000e+01 2.889739999999999782e+03
4.500000000000000000e+01 3.225150000000000091e+03
4.600000000000000000e+01 2.755309999999999945e+03
4.700000000000000000e+01 4.100100000000000364e+03
4.800000000000000000e+01 4.164479999999999563e+03
4.900000000000000000e+01 3.581280000000000200e+03
5.000000000000000000e+01 3.719630000000000109e+03
5.100000000000000000e+01 1.980900000000000091e+03
5.200000000000000000e+01 3.796639999999999873e+03
5.300000000000000000e+01 3.040429999999999836e+03
5.400000000000000000e+01 2.541780000000000200e+03
5.500000000000000000e+01 2.937739999999999782e+03
5.600000000000000000e+01 2.874690000000000055e+03
5.700000000000000000e+01 3.050760000000000218e+03
5.800000000000000000e+01 3.502159999999999854e+03
5.900000000000000000e+01 2.285780000000000200e+03
6.000000000000000000e+01 1.777450000000000045e+03
6.100000000000000000e+01 1.130259999999999991e+03
6.200000000000000000e+01 1.705039999999999964e+03
6.300000000000000000e+01 1.648009999999999991e+03
6.400000000000000000e+01 2.530559999999999945e+03
6.500000000000000000e+01 2.006440000000000055e+03
6.600000000000000000e+01 1.509569999999999936e+03
6.700000000000000000e+01 1.400990000000000009e+03
6.800000000000000000e+01 2.211090000000000146e+03
6.900000000000000000e+01 1.373309999999999945e+03
7.000000000000000000e+01 1.356119999999999891e+03
7.100000000000000000e+01 1.464849999999999909e+03
7.200000000000000000e+01 1.302450000000000045e+03
7.300000000000000000e+01 1.324559999999999945e+03
7.400000000000000000e+01 9.419099999999999682e+02
7.500000000000000000e+01 1.087279999999999973e+03
7.600000000000000000e+01 9.777200000000000273e+02
7.700000000000000000e+01 7.341499999999999773e+02
7.800000000000000000e+01 7.381100000000000136e+02
7.900000000000000000e+01 8.213700000000000045e+02
8.000000000000000000e+01 7.883999999999999773e+02
8.100000000000000000e+01 1.038990000000000009e+03
8.200000000000000000e+01 7.184700000000000273e+02
8.300000000000000000e+01 8.002500000000000000e+02
8.400000000000000000e+01 8.555900000000000318e+02
8.500000000000000000e+01 7.482699999999999818e+02
8.600000000000000000e+01 7.553500000000000227e+02
8.700000000000000000e+01 7.652200000000000273e+02
8.800000000000000000e+01 8.231399999999999864e+02
8.900000000000000000e+01 1.152359999999999900e+03
9.000000000000000000e+01 8.970199999999999818e+02
9.100000000000000000e+01 1.303880000000000109e+03
9.200000000000000000e+01 1.425319999999999936e+03
9.300000000000000000e+01 1.391089999999999918e+03
9.400000000000000000e+01 1.435630000000000109e+03
9.500000000000000000e+01 1.049490000000000009e+03
9.600000000000000000e+01 1.340380000000000109e+03
9.700000000000000000e+01 1.360390000000000100e+03
9.800000000000000000e+01 1.512519999999999982e+03
9.900000000000000000e+01 1.200619999999999891e+03
1.000000000000000000e+02 1.125400000000000091e+03
1.025000000000000000e+02 1.526920000000000073e+03
1.050000000000000000e+02 1.697920000000000073e+03
1.075000000000000000e+02 1.598490000000000009e+03
1.100000000000000000e+02 1.580309999999999945e+03
1.125000000000000000e+02 1.669069999999999936e+03
1.150000000000000000e+02 1.873960000000000036e+03
1.175000000000000000e+02 2.112480000000000018e+03
1.200000000000000000e+02 2.127000000000000000e+03
1.225000000000000000e+02 2.613050000000000182e+03
1.250000000000000000e+02 2.819469999999999800e+03
1.275000000000000000e+02 3.274550000000000182e+03
1.300000000000000000e+02 3.619079999999999927e+03
1.325000000000000000e+02 4.057440000000000055e+03
1.350000000000000000e+02 4.506210000000000036e+03
1.375000000000000000e+02 4.845460000000000036e+03
1.400000000000000000e+02 5.260899999999999636e+03
1.425000000000000000e+02 5.377979999999999563e+03
1.450000000000000000e+02 5.708789999999999964e+03
1.475000000000000000e+02 6.346979999999999563e+03
