#Parameters = {a=529; eps_eff=6; r_i=50; r_o=52.9; t=0.1}
#"Frequency / GHz"	"Z1,1 (2) [Real/Imaginary Part] [Re]"	"Z1,1 (2) [Real/Imaginary Part] [Im]"
#---------------------------------------------------------------------------------------------
1.0000000000000	1357.2399760655	-1945.1813775912
1.4989999532700	736.54070874370	-1588.0526681024
1.9980000257492	447.68062578668	-1292.9783513701
2.4969999790192	296.56870021381	-1077.2221160723
2.9960000514984	209.16273872867	-918.46548006306
3.4949998855591	154.52588216181	-798.49242024378
3.9939999580383	118.27035536341	-705.28646419959
4.4930000305176	93.060051345727	-631.06895609265
4.9920001029968	74.863796808820	-570.70800587408
5.4910001754761	61.325018060804	-520.72338800865
5.9899997711182	50.995603291390	-478.68852206125
6.4889998435974	42.947115078318	-442.86731367424
6.9879999160767	36.562626039378	-411.98859049825
7.4869999885559	31.419956036624	-385.10198220974
7.9860000610352	27.221694751874	-361.48399153906
8.4849996566772	23.754184011753	-340.57456093802
8.9840002059937	20.860504950020	-321.93372215570
9.4829998016357	18.423139120066	-305.21156163024
9.9820003509521	16.353264403952	-290.12611804840
10.480999946594	14.582197485753	-276.44785770794
10.979999542236	13.056616804385	-263.98818260423
11.479000091553	11.734211901388	-252.59059306971
11.977999687195	10.581506909829	-242.12433582817
12.477000236511	9.5714298201596	-232.47914539315
12.975999832153	8.6821263277333	-223.56150877560
13.475000381470	7.8956071113909	-215.29160775773
13.973999977112	7.1971303763386	-207.60089161840
14.472999572754	6.5744466466176	-200.43016817175
14.972000122070	6.0173205516371	-193.72799001534
15.470999717712	5.5172191622096	-187.44950668519
15.970000267029	5.0668666051578	-181.55548554339
16.468999862671	4.6601347489572	-176.01137049146
16.968000411987	4.2917439167360	-170.78654130013
17.466999053955	3.9572830431610	-165.85400073410
17.965999603271	3.6528773421341	-161.18957321984
18.465000152588	3.3751453633454	-156.77182516557
18.964000701904	3.1212728533370	-152.58144430235
19.462999343872	2.8887359596807	-148.60111703335
19.961999893188	2.6753143468247	-144.81529701115
20.461000442505	2.4791267356266	-141.20986932848
20.959999084473	2.2984853926271	-137.77206281290
21.458999633789	2.1318517056888	-134.49034863581
21.958000183105	1.9779611771749	-131.35418502994
22.457000732422	1.8356628363027	-128.35393802833
22.955999374390	1.7038807955970	-125.48087319726
23.454999923706	1.5817375357511	-122.72693062116
23.954000473022	1.4683780601847	-120.08475980006
24.452999114990	1.3630679910337	-117.54757645540
24.951999664307	1.2651578995039	-115.10916825773
25.451000213623	1.1740564103222	-112.76375987735
25.950000762939	1.0892283805902	-110.50607520520
26.448999404907	1.0101553639087	-108.33115685355
26.947999954224	0.93644073965614	-106.23449759528
27.447000503540	0.86768922922140	-104.21189429122
27.945999145508	0.80350265533060	-102.25931473081
28.444999694824	0.74360055045757	-100.37316548929
28.944000244141	0.68764919492361	-98.550193160044
29.443000793457	0.63536255706884	-96.786970198042
29.941999435425	0.58653503480394	-95.080775355124
30.440999984741	0.54090922668479	-93.428633551589
30.940000534058	0.49827093617145	-91.828074251850
31.438999176025	0.45843001253282	-90.276715390740
31.937999725342	0.42122456719539	-88.772107686307
32.437000274658	0.38647389861151	-87.312236483052
32.936000823975	0.35403265981198	-85.895163823191
33.435001373291	0.32375270403123	-84.518875853517
33.933998107910	0.29551301666436	-83.181593770858
34.432998657227	0.26917887032592	-81.881693554959
34.931999206543	0.24465625319619	-80.617556878696
35.430999755859	0.22182445713525	-79.387705446303
35.930000305176	0.20059449531064	-78.190775886348
36.429000854492	0.18087685878684	-77.025404747907
36.928001403809	0.16257966526569	-75.890262679253
37.426998138428	0.14564386335416	-74.784254981100
37.925998687744	0.12995763385050	-73.706217627720
38.424999237061	0.11548615874985	-72.655025157283
38.923999786377	0.10213977664390	-71.629748050865
39.423000335693	0.089885713229507	-70.629292649559
39.922000885010	0.078628347789804	-69.652866801335
40.421001434326	0.068350932033525	-68.699512477739
40.919998168945	0.058974262018307	-67.768454206841
41.418998718262	0.050464697235372	-66.858855818884
41.917999267578	0.042762900972029	-65.969951449820
42.416999816895	0.035848555505250	-65.101048029969
42.916000366211	0.029653757271111	-64.251485101816
43.415000915527	0.024162351536410	-63.420570929455
43.914001464844	0.019318243369321	-62.607674725520
44.412998199463	0.015106434261083	-61.812228712467
44.911998748779	0.011472508060802	-61.033626173015
45.410999298096	0.0083962464309112	-60.271325077042
45.909999847412	0.0058472167117273	-59.524842350082
46.409000396729	0.0037807826581696	-58.793637203094
46.908000946045	0.0022086997955223	-58.077233979894
47.407001495361	0.0010568221738343	-57.375173467304
47.905998229980	0.00033467999773492	-56.687023157144
48.404998779297	-4.1659110335207e-06	-56.012362071237
48.903999328613	3.0975178776187e-05	-55.350752224064
49.402999877930	0.00041712722895945	-54.701850000253
49.902000427246	0.0011314611127351	-54.065249387692
50.401000976563	0.0021488786172308	-53.440599071788
50.900001525879	0.0034494367441696	-52.827562127094
51.398998260498	0.0050195641368809	-52.225777884830
51.897998809814	0.0068405669438774	-51.634949502394
52.396999359131	0.0088873182637980	-51.054754792281
52.895999908447	0.011152987166565	-50.484909278521
53.395000457764	0.013622468389711	-49.925126821409
53.894001007080	0.016274876595136	-49.375108900635
54.393001556396	0.019084177966633	-48.834615289696
54.891998291016	0.022061958998923	-48.303368509913
55.390998840332	0.025173828341331	-47.781135751487
55.889999389648	0.028421598162631	-47.267658355227
56.388999938965	0.031774994532184	-46.762732794873
56.888000488281	0.035235221530574	-46.266119653620
57.387001037598	0.038775163613828	-45.777596063094
57.886001586914	0.042408134778101	-45.296971492581
58.384998321533	0.046102604082717	-44.824029014847
58.883998870850	0.049858581142946	-44.358580372890
59.382999420166	0.053652738083264	-43.900433899216
59.881999969482	0.057493108488737	-43.449404994315
60.381000518799	0.061355989910164	-43.005322958539
60.880001068115	0.065240827170585	-42.568006002077
61.379001617432	0.069139928473840	-42.137305940633
61.877998352051	0.073031603087371	-41.713032726876
62.376998901367	0.076920886061787	-41.295057295274
62.875999450684	0.080798462164447	-40.883210927395
63.375000000000	0.084653240928548	-40.477365349240
63.874000549316	0.088483343903944	-40.077349282423
64.373001098633	0.092273625453261	-39.683046171058
64.872001647949	0.096026094414387	-39.294322472139
65.371002197266	0.099736148413250	-38.911028147617
65.870002746582	0.10338179375713	-38.533061775767
66.369003295898	0.10697757885725	-38.160288584246
66.867996215820	0.11051060355035	-37.792574428361
67.366996765137	0.11397228557749	-37.429825822232
67.865997314453	0.11736544514916	-37.071911496864
68.364997863770	0.12067376551436	-36.718726355249
68.863998413086	0.12391373666582	-36.370183404444
69.362998962402	0.12705972833650	-36.026146851975
69.861999511719	0.13012270806803	-35.686534497392
70.361000061035	0.13309294823490	-35.351237511784
70.860000610352	0.13596805018365	-35.020161488420
71.359001159668	0.13874621141658	-34.693225889745
71.858001708984	0.14142723917836	-34.370316113322
72.357002258301	0.14401310788492	-34.051373041520
72.856002807617	0.14648931257594	-33.736282219557
73.355003356934	0.14886087011822	-33.424972870897
73.853996276855	0.15113207697953	-33.117371068935
74.352996826172	0.15329148963942	-32.813371250008
74.851997375488	0.15534486933262	-32.512923995838
75.350997924805	0.15728876180478	-32.215931338802
75.849998474121	0.15912437072984	-31.922331776817
76.348999023438	0.16084815224305	-31.632042614518
76.847999572754	0.16246964819885	-31.345008421866
77.347000122070	0.16397746653641	-31.061153302027
77.846000671387	0.16537319861638	-30.780399542932
78.345001220703	0.16666493011386	-30.502695668810
78.844001770020	0.16785087015389	-30.227982953101
79.343002319336	0.16892813606712	-29.956173832844
79.842002868652	0.16989583457589	-29.687227675924
80.341003417969	0.17076463354972	-29.421085098432
80.839996337891	0.17153179021505	-29.157690800174
81.338996887207	0.17219278736601	-28.896965503641
81.837997436523	0.17275828193647	-28.638883753151
82.336997985840	0.17322208748577	-28.383381428698
82.835998535156	0.17359866049600	-28.130405261302
83.334999084473	0.17387882027383	-27.879896486459
83.833999633789	0.17406353501108	-27.631819205509
84.333000183105	0.17416064651805	-27.386099466891
84.832000732422	0.17417802769812	-27.142731169075
85.331001281738	0.17410377300273	-26.901636365712
85.830001831055	0.17395425823460	-26.662786686436
86.329002380371	0.17372854924214	-26.426119486602
86.828002929688	0.17341890561753	-26.191605633012
87.327003479004	0.17305181711057	-25.959216296805
87.825996398926	0.17260458398313	-25.728871492234
88.324996948242	0.17209481692100	-25.500573120168
88.823997497559	0.17152771306520	-25.274264695292
89.322998046875	0.17089390421033	-25.049901082769
89.821998596191	0.17021170476476	-24.827466361391
90.320999145508	0.16947326381115	-24.606899058369
90.819999694824	0.16868872353068	-24.388178551024
91.319000244141	0.16785681068305	-24.171267638666
91.818000793457	0.16698419064214	-23.956149362320
92.317001342773	0.16607341240985	-23.742755979600
92.816001892090	0.16512061549652	-23.531089436891
93.315002441406	0.16414701263946	-23.321107668492
93.814002990723	0.16314070695786	-23.112767774825
94.313003540039	0.16211024026752	-22.906057903866
94.811996459961	0.16105815426115	-22.700940523767
95.310997009277	0.15998578262594	-22.497389066238
95.809997558594	0.15890149022448	-22.295383095106
96.308998107910	0.15781142668860	-22.094889809665
96.807998657227	0.15671192853419	-21.895888021780
97.306999206543	0.15560241918905	-21.698334677001
97.805999755859	0.15449544684291	-21.502235632589
98.305000305176	0.15339604784019	-21.307547725752
98.804000854492	0.15229440041563	-21.114254535618
99.303001403809	0.15120321212365	-20.922320602405
99.802001953125	0.15012581057977	-20.731734441460
100.30100250244	0.14906423100189	-20.542478734480
100.80000305176	0.14801399616258	-20.354523110195
101.29900360107	0.14699529087352	-20.167859582262
101.79799652100	0.14598823809492	-19.982456532817
102.29699707031	0.14501106920202	-19.798295661516
102.79599761963	0.14406475443369	-19.615364235368
103.29499816895	0.14314628632308	-19.433643977475
103.79399871826	0.14225890546437	-19.253099756768
104.29299926758	0.14141004517916	-19.073737998111
104.79199981689	0.14059887271350	-18.895525675603
105.29100036621	0.13982812417591	-18.718454268419
105.79000091553	0.13909907404778	-18.542512005529
106.28900146484	0.13841314494982	-18.367660893559
106.78800201416	0.13777706198149	-18.193917126687
107.28700256348	0.13718159593417	-18.021237109664
107.78600311279	0.13663785183592	-17.849608347836
108.28500366211	0.13614327928445	-17.679037836030
108.78399658203	0.13570246799147	-17.509497332870
109.28299713135	0.13531178321584	-17.340974214213
109.78199768066	0.13497765738720	-17.173451409619
110.28099822998	0.13469539940882	-17.006928975746
110.77999877930	0.13447605900492	-16.841373016602
111.27899932861	0.13430741819687	-16.676791150152
111.77799987793	0.13419938287285	-16.513153735302
112.27700042725	0.13414914970324	-16.350467626712
112.77600097656	0.13416193043774	-16.188706650745
113.27500152588	0.13422906050564	-16.027863738764
113.77400207520	0.13435817865076	-15.867923527277
114.27300262451	0.13454606042229	-15.708877419710
114.77200317383	0.13479895581804	-15.550723646984
115.27100372314	0.13510884460504	-15.393434918038
115.76999664307	0.13548403408488	-15.237015400470
116.26899719238	0.13591615001000	-15.081438468345
116.76799774170	0.13640840805421	-14.926701457918
117.26699829102	0.13695831011373	-14.772807779803
117.76599884033	0.13756549813079	-14.619721774413
118.26499938965	0.13824015733315	-14.467457436784
118.76399993896	0.13896957903425	-14.315989324982
119.26300048828	0.13975769070747	-14.165314426977
119.76200103760	0.14059933655738	-14.015426177731
120.26100158691	0.14149932524923	-13.866301718748
120.76000213623	0.14245726023805	-13.717945484178
121.25900268555	0.14347008243139	-13.570351042953
121.75800323486	0.14453438363139	-13.423499969282
122.25700378418	0.14565584321565	-13.277373956874
122.75599670410	0.14682914514657	-13.131990163890
123.25499725342	0.14804854518488	-12.987321480839
123.75399780273	0.14932297405680	-12.843366809386
124.25299835205	0.15064467869231	-12.700112330000
124.75199890137	0.15201391042555	-12.557546249091
125.25099945068	0.15342549747612	-12.415670375101
125.75000000000	0.15488735265013	-12.274479145080
126.24900054932	0.15638695739352	-12.133947599750
126.74800109863	0.15793712890500	-11.994081226783
127.24700164795	0.15952216410085	-11.854861254222
127.74600219727	0.16114817002696	-11.716292694902
128.24499511719	0.16281053940566	-11.578352382889
128.74400329590	0.16451114398031	-11.441050547414
129.24299621582	0.16624978648309	-11.304350967916
129.74200439453	0.16802303517001	-11.168282578144
130.24099731445	0.16982664537221	-11.032813897993
130.74000549316	0.17166294696506	-10.897936033635
131.23899841309	0.17352742814551	-10.763647494964
131.73800659180	0.17542280118138	-10.629942459346
132.23699951172	0.17734167578227	-10.496810788207
132.73599243164	0.17929154442665	-10.364247405827
133.23500061035	0.18126018587311	-10.232229506076
133.73399353027	0.18325721273083	-10.100778749962
134.23300170898	0.18527598907547	-9.9698590511101
134.73199462891	0.18731535501955	-9.8394733851889
135.23100280762	0.18937255584534	-9.7096165908428
135.72999572754	0.19144969105965	-9.5802755697941
136.22900390625	0.19354677635420	-9.4514549534583
136.72799682617	0.19565617254228	-9.3231364718991
137.22700500488	0.19778282717825	-9.1953120190575
137.72599792480	0.19992321629436	-9.0679737010499
138.22500610352	0.20208096619206	-8.9411255526406
138.72399902344	0.20424762739343	-8.8147507208278
139.22300720215	0.20642803492056	-8.6888407727384
139.72200012207	0.20861969964218	-8.5633937767479
140.22099304199	0.21081925275038	-8.4384010859211
140.72000122070	0.21302741566077	-8.3138466838161
141.21899414063	0.21524996908627	-8.1897424854972
141.71800231934	0.21747844198887	-8.0660606454648
142.21699523926	0.21971486883326	-7.9428047336144
142.71600341797	0.22195897326315	-7.8199606000796
143.21499633789	0.22421215017903	-7.6975389989983
143.71400451660	0.22646747795872	-7.5755158687283
144.21299743652	0.22873577307313	-7.4538817496972
144.71200561523	0.23100822872854	-7.3326493132646
145.21099853516	0.23328713863487	-7.2117946060098
145.71000671387	0.23557496828468	-7.0913138825358
146.20899963379	0.23787036197085	-6.9712055388085
146.70799255371	0.24016918933760	-6.8514609255778
147.20700073242	0.24247647553992	-6.7320724939990
147.70599365234	0.24479367300399	-6.6130396755070
148.20500183105	0.24711656910654	-6.4943414549528
148.70399475098	0.24944577025233	-6.3759859670987
149.20300292969	0.25178834915940	-6.2579565535927
149.70199584961	0.25413389689158	-6.1402550726722
150.20100402832	0.25649463374676	-6.0228749611459
150.69999694824	0.25886241533730	-5.9058023157966
151.19900512695	0.26123914378644	-5.7890399544857
151.69799804688	0.26363003397943	-5.6725765816615
152.19700622559	0.26603827849210	-5.5564160853849
152.69599914551	0.26845385222741	-5.4405305618747
153.19500732422	0.27088901490680	-5.3249389274690
153.69400024414	0.27333400224016	-5.2096256428072
154.19299316406	0.27579835549457	-5.0945786412591
154.69200134277	0.27828037546461	-4.9798021572916
155.19099426270	0.28078102886840	-4.8652874313225
155.69000244141	0.28330065894204	-4.7510283561083
156.18899536133	0.28584040167574	-4.6370225091104
156.68800354004	0.28840219557393	-4.5232630064357
157.18699645996	0.29099107718148	-4.4097423858091
157.68600463867	0.29360224012622	-4.2964649514218
158.18499755859	0.29624317756239	-4.1834175407218
158.68400573730	0.29890484921523	-4.0705927102178
159.18299865723	0.30160141045343	-3.9580011216551
159.68200683594	0.30432519230011	-3.8456168203386
160.18099975586	0.30708401515444	-3.7334513143439
160.67999267578	0.30987336527375	-3.6214969403041
161.17900085449	0.31269769271275	-3.5097470452946
161.67799377441	0.31556298794031	-3.3982054848177
162.17700195313	0.31846075652033	-3.2868473762566
162.67599487305	0.32139903590452	-3.1756952449221
163.17500305176	0.32437838337032	-3.0647237781466
163.67399597168	0.32740221388307	-2.9539446978630
164.17300415039	0.33046883021496	-2.8433496474949
164.67199707031	0.33357931196315	-2.7329317946587
165.17100524902	0.33673709420941	-2.6226900974044
165.66999816895	0.33994713284759	-2.5126236355095
166.16900634766	0.34320040942260	-2.4027186872880
166.66799926758	0.34651430338445	-2.2929867653849
167.16700744629	0.34987312658439	-2.1834200662329
167.66600036621	0.35329140826625	-2.0740118843285
168.16499328613	0.35676342681536	-1.9647607392164
168.66400146484	0.36028841755753	-1.8556599517211
169.16299438477	0.36387689373181	-1.7467141056811
169.66200256348	0.36752352931656	-1.6379163528816
170.16099548340	0.37123354332916	-1.5292597587705
170.66000366211	0.37500198834831	-1.4207547614898
171.15899658203	0.37883747136806	-1.3123886381550
171.65800476074	0.38273392903551	-1.2041662286817
172.15699768066	0.38669983014732	-1.0960746634866
172.65600585938	0.39072912246478	-0.98811876230253
173.15499877930	0.39482799242274	-0.88030342613494
173.65400695801	0.39899589584299	-0.77260983261357
174.15299987793	0.40323576129475	-0.66504892670769
174.65199279785	0.40754507839252	-0.55761361133191
175.15100097656	0.41192417254296	-0.45030282677209
175.64999389648	0.41637641219439	-0.34311578768370
176.14900207520	0.42090221561795	-0.23604544571080
176.64799499512	0.42550030806136	-0.12910274524667
177.14700317383	0.43017420748061	-0.022268835183478
177.64599609375	0.43491964757445	0.084451276606713
178.14500427246	0.43974313743792	0.19104664155327
178.64399719238	0.44464188764308	0.29754202196260
179.14300537109	0.44961945615165	0.40392061327511
179.64199829102	0.45467165758703	0.51018908365771
180.14100646973	0.45979724891417	0.61635447569589
180.63999938965	0.46500288418670	0.72241018485836
181.13900756836	0.47028418817501	0.82836622399601
181.63800048828	0.47564334187563	0.93421590094701
182.13699340820	0.48107906752261	1.0399662094138
182.63600158691	0.48659055479321	1.1456119087198
183.13499450684	0.49217924547950	1.2511660876420
183.63400268555	0.49784770292763	1.3566175483460
184.13299560547	0.50358783245286	1.4619850435726
184.63200378418	0.50940449470608	1.5672457895384
185.13099670410	0.51529831901908	1.6724241208363
185.63000488281	0.52126397867842	1.7775152709430
186.12899780273	0.52730697141447	1.8825140084326
186.62800598145	0.53342278409168	1.9874273598921
187.12699890137	0.53961240991507	2.0922501025910
187.62600708008	0.54587489119070	2.1970007465645
188.12500000000	0.55220914269362	2.3016625535411
188.62399291992	0.55861215311519	2.4062420880029
189.12300109863	0.56508632075964	2.5107523475934
189.62199401855	0.57162868534075	2.6151822059744
190.12100219727	0.57824224980000	2.7195383689947
190.61999511719	0.58492509339101	2.8238158761243
191.11900329590	0.59166962299270	2.9280329164504
191.61799621582	0.59848060407021	3.0321793943663
192.11700439453	0.60535716498427	3.1362549464342
192.61599731445	0.61229820180812	3.2402732418086
193.11500549316	0.61929725592946	3.3442284912800
193.61399841309	0.62636007447670	3.4481282340863
194.11300659180	0.63348405410154	3.5519727288861
194.61199951172	0.64066118760743	3.6557567268623
195.11099243164	0.64789881117175	3.7594871964793
195.61000061035	0.65519091699126	3.8631765758959
196.10899353027	0.66253895981891	3.9668084241108
196.60800170898	0.66993963234626	4.0704071824244
197.10699462891	0.67738997514135	4.1739552179928
197.60600280762	0.68489354889443	4.2774718229230
198.10499572754	0.69244689874849	4.3809520982607
198.60400390625	0.70004737150421	4.4843958901550
199.10299682617	0.70769494676829	4.5878230927851
199.60200500488	0.71538692360787	4.6912158335501
200.10099792480	0.72312408282617	4.7945807593770
200.60000610352	0.73090315972630	4.8979367705382
201.09899902344	0.73872330876483	5.0012732726965
201.59800720215	0.74658663295569	5.1045971822846
202.09700012207	0.75448595856586	5.2079139416431
202.59599304199	0.76242091449200	5.3112188289955
203.09500122070	0.77039969062312	5.4145267975358
203.59399414063	0.77840740367709	5.5178411610336
204.09300231934	0.78645425660570	5.6211594667806
204.59199523926	0.79453093726766	5.7244813182856
205.09100341797	0.80264283976645	5.8278323767474
205.58999633789	0.81078272761693	5.9311886686373
206.08900451660	0.81895760930230	6.0345751215725
206.58799743652	0.82715872421765	6.1379812934345
207.08700561523	0.83539123785880	6.2414253705097
207.58599853516	0.84364979938596	6.3449024831985
208.08500671387	0.85193882962110	6.4484202572823
208.58399963379	0.86025508323450	6.5519844177969
209.08299255371	0.86859786149721	6.6555968829979
209.58200073242	0.87696086171300	6.7592682108791
210.08099365234	0.88535379566402	6.8629974437960
210.58000183105	0.89377383327174	6.9667880055110
211.07899475098	0.90221528873316	7.0706416641971
211.57800292969	0.91068497074386	7.1745792720315
212.07699584961	0.91917635113056	7.2785934057302
212.57600402832	0.92769501676465	7.3826915841438
213.07499694824	0.93623656892921	7.4868759852497
213.57400512695	0.94480509577661	7.5911587550209
214.07299804688	0.95339954128301	7.6955414910524
214.57200622559	0.96201629486831	7.8000233182609
215.07099914551	0.97066462267700	7.9046256865045
215.57000732422	0.97933453903658	8.0093308069886
216.06900024414	0.98803417408695	8.1141632627518
216.56799316406	0.99676245990281	8.2191189597182
217.06700134277	1.0055224009764	8.3242169361445
217.56599426270	1.0143136667039	8.4294408084621
218.06500244141	1.0231328030120	8.5348134390478
218.56399536133	1.0319864488256	8.6403326210831
219.06300354004	1.0408703368494	8.7460033834945
219.56199645996	1.0497936898817	8.8518355586466
220.06100463867	1.0587534618665	8.9578398709236
220.55999755859	1.0677521204527	9.0640069222279
221.05900573730	1.0767895783274	9.1703485578544
221.55799865723	1.0858710405340	9.2768804400673
222.05700683594	1.0949953377464	9.3835893652726
222.55599975586	1.1041667957634	9.4904977288755
223.05499267578	1.1133876482714	9.5975971298085
223.55400085449	1.1226560076853	9.7049165091723
224.05299377441	1.1319778759263	9.8124290963627
224.55200195313	1.1413601729207	9.9201719379727
225.05099487305	1.1507934509553	10.028122566050
225.55000305176	1.1602934127588	10.136304449986
226.04899597168	1.1698586444642	10.244718571432
226.54800415039	1.1794866360379	10.353376900871
227.04699707031	1.1891835283251	10.462262472074
227.54600524902	1.1989558031478	10.571403589450
228.04499816895	1.2088028909954	10.680799210258
228.54400634766	1.2187239710032	10.790457079510
229.04299926758	1.2287364051299	10.900376117770
229.54200744629	1.2388302258334	11.010564702544
230.04100036621	1.2490173014573	11.121030307401
230.53999328613	1.2592918163163	11.231768000447
231.03900146484	1.2696687712898	11.342790541804
231.53799438477	1.2801461788268	11.454112158947
232.03700256348	1.2907281477990	11.565730057902
232.53599548340	1.3014147380096	11.677634938151
233.03500366211	1.3122221493283	11.789852744490
233.53399658203	1.3231438949249	11.902384119610
234.03300476074	1.3341827419842	12.015225881041
234.53199768066	1.3453541880305	12.128383055758
235.03100585938	1.3566499829101	12.241867551652
235.52999877930	1.3680852092612	12.355681750108
236.02900695801	1.3796538456816	12.469825809526
236.52799987793	1.3913691291196	12.584309829581
237.02699279785	1.4032325125539	12.699134242245
237.52600097656	1.4152525074089	12.814304189244
238.02499389648	1.4274255127034	12.929829897382
238.52400207520	1.4397639786266	13.045709379515
239.02299499512	1.4522661687551	13.161942582664
239.52200317383	1.4649427911774	13.278548795734
240.02099609375	1.4777958427884	13.395510994311
240.52000427246	1.4908331284115	13.512847159894
241.01899719238	1.5040534395335	13.630563691794
241.51800537109	1.5174729874068	13.748660449123
242.01699829102	1.5310814567758	13.867132874569
242.51600646973	1.5448995281399	13.986004184808
243.01499938965	1.5589215653889	14.105251982774
243.51400756836	1.5731522508572	14.224900286677
244.01300048828	1.5876093476894	14.344954493339
244.51199340820	1.6022844083521	14.465404333651
245.01100158691	1.6171843597357	14.586250674071
245.50999450684	1.6323235025819	14.707512153918
246.00900268555	1.6476981472848	14.829184436418
246.50799560547	1.6633198532986	14.951274691260
247.00700378418	1.6791855407989	15.073774834197
247.50599670410	1.6953111383459	15.196711418215
248.00500488281	1.7116900773719	15.320059802236
248.50399780273	1.7283353809264	15.443838755030
249.00300598145	1.7452521767620	15.568053927457
249.50199890137	1.7624451571178	15.692702403480
250.00100708008	1.7799181926912	15.817789080489
250.50000000000	1.7976772294776	15.943309758862
250.99899291992	1.8157271873906	16.069280731286
251.49800109863	1.8340721878868	16.195700943455
251.99699401855	1.8527186675416	16.322560170360
252.49600219727	1.8716748577874	16.449885960417
252.99499511719	1.8909370853510	16.577652381395
253.49400329590	1.9105208065711	16.705892404045
253.99299621582	1.9304235565447	16.834585113681
254.49200439453	1.9506554249401	16.963738065499
254.99099731445	1.9712223381286	17.093364790832
255.49000549316	1.9921254566666	17.223464391089
255.98899841309	2.0133675247230	17.354028089822
256.48800659180	2.0349640327532	17.485072277094
256.98699951172	2.0569053804523	17.616599116100
257.48599243164	2.0792133168972	17.748614282929
257.98498535156	2.1018809536199	17.881099119496
258.48400878906	2.1249209544465	18.014086579750
258.98300170898	2.1483246547422	18.147551770896
259.48199462891	2.1721174743169	18.281526556505
259.98098754883	2.1962863558226	18.415989203158
260.48001098633	2.2208465793051	18.550961483878
260.97900390625	2.2457994307522	18.686430490348
261.47799682617	2.2711537549885	18.822417786360
261.97698974609	2.2969071804698	18.958909611331
262.47601318359	2.3230725033397	19.095911725023
262.97500610352	2.3496528752234	19.233438828135
263.47399902344	2.3766553978482	19.371489667281
263.97299194336	2.4040767065517	19.510061203086
264.47198486328	2.4319255868258	19.649170642612
264.97100830078	2.4602124440365	19.788799538447
265.47000122070	2.4889330025556	19.928963571289
265.96899414063	2.5181034314815	20.069689342438
266.46798706055	2.5477179524360	20.210943566888
266.96701049805	2.5777917908274	20.352754530140
267.46600341797	2.6083209010251	20.495112865923
267.96499633789	2.6393199864030	20.638033897756
268.46398925781	2.6707871447789	20.781520372350
268.96301269531	2.7027272149149	20.925570720000
269.46200561523	2.7351495238164	21.070190074218
269.96099853516	2.7680609653398	21.215389242838
270.45999145508	2.8014601044132	21.361168421497
270.95901489258	2.8353594284386	21.507533040910
271.45800781250	2.8697621564087	21.654506711790
271.95700073242	2.9046697185034	21.802056752130
272.45599365234	2.9400966971637	21.950231716298
272.95498657227	2.9760395387221	22.098998927267
273.45401000977	3.0125060068408	22.248380989021
273.95300292969	3.0495067246421	22.398386916154
274.45199584961	3.0870482864837	22.549024470377
274.95098876953	3.1251375994771	22.700293112424
275.45001220703	3.1637730814404	22.852203396911
275.94900512695	3.2029593950901	23.004746266641
276.44799804688	3.2427213494396	23.157957305305
276.94699096680	3.2830485233809	23.311823021350
277.44601440430	3.3239510201048	23.466357561518
277.94500732422	3.3654365632971	23.621566607704
278.44400024414	3.4075147335754	23.777451718757
278.94299316406	3.4501944220707	23.934031860886
279.44198608398	3.4934795959220	24.091311486437
279.94100952148	3.5373802033040	24.249295455894
280.44000244141	3.5819006120531	24.407988359183
280.93899536133	3.6270530606682	24.567410091283
281.43798828125	3.6728455548205	24.727559934219
281.93701171875	3.7192854567551	24.888448961164
282.43600463867	3.7663748500113	25.050081995502
282.93499755859	3.8141332141514	25.212471397652
283.43399047852	3.8625721659210	25.375636652837
283.93301391602	3.9116824688354	25.539565383378
284.43200683594	3.9614987253905	25.704291651495
284.93099975586	4.0120061575138	25.869802566663
285.42999267578	4.0632333713058	26.036121580491
285.92898559570	4.1151867521809	26.203261796811
286.42800903320	4.1678742553545	26.371224342789
286.92700195313	4.2213074963414	26.540014638942
287.42599487305	4.2755042734988	26.709670882142
287.92498779297	4.3304622001964	26.880166067812
288.42401123047	4.3862101505197	27.051534872112
288.92300415039	4.4427521606059	27.223783279999
289.42199707031	4.5001030508667	27.396931513244
289.92098999023	4.5582744830136	27.570969448197
290.42001342773	4.6172826037236	27.745933832923
290.91900634766	4.6771422049264	27.921829760924
291.41799926758	4.7378612626179	28.098652391547
291.91699218750	4.7994655417286	28.276428918195
292.41598510742	4.8619635590933	28.455170332933
292.91500854492	4.9253683675021	28.634881956302
293.41400146484	4.9897026456553	28.815586574502
293.91299438477	5.0549892481246	28.997299231501
294.41198730469	5.1212339392504	29.180017880714
294.91101074219	5.1884546264508	29.363761884221
295.41000366211	5.2566733881206	29.548552646324
295.90899658203	5.3259146517527	29.734393845282
296.40798950195	5.3961941962522	29.921309626952
296.90701293945	5.4675250486018	30.109293944473
297.40600585938	5.5399381702243	30.298376260674
297.90499877930	5.6134512922174	30.488569949901
298.40399169922	5.6880904989025	30.679892191505
298.90301513672	5.7638635157943	30.872339613329
299.40200805664	5.8408125155397	31.065944819674
299.90100097656	5.9189429541844	31.260704106328
300.39999389648	5.9982962106524	31.456648003496
300.89898681641	6.0788905248910	31.653787735715
301.39801025391	6.1607510405400	31.852130885465
301.89700317383	6.2439061644237	32.051689544918
302.39599609375	6.3283757230991	32.252480157146
302.89498901367	6.4141967142800	32.454533108729
303.39401245117	6.5013934173072	32.657846323882
303.89300537109	6.5900027074970	32.862433027214
304.39199829102	6.6800470811552	33.068311135891
304.89099121094	6.7715556952985	33.275493979125
305.39001464844	6.8645723410578	33.483993447277
305.88900756836	6.9591174034843	33.693836909947
306.38800048828	7.0552359550262	33.905025509471
306.88699340820	7.1529452812763	34.117573351026
307.38598632813	7.2523000536497	34.331496010031
307.88500976563	7.3533355465685	34.546816217893
308.38400268555	7.4560698752855	34.763528733410
308.88299560547	7.5605606982518	34.981667233109
309.38198852539	7.6668372262690	35.201226702774
309.88101196289	7.7749453222543	35.422232343235
310.38000488281	7.8849256970618	35.644691604252
310.87899780273	7.9968150197560	35.868620152675
311.37799072266	8.1106615859828	36.094030244944
311.87701416016	8.2265101169825	36.320924411387
312.37600708008	8.3444140082134	36.549333095223
312.87500000000	8.4643970143994	36.779249584856
313.37399291992	8.5865300628961	37.010696933502
313.87298583984	8.7108527776487	37.243682838903
314.37200927734	8.8374132988336	37.478209978718
314.87100219727	8.9662692756277	37.714298201902
315.36999511719	9.0974693649935	37.951958958008
315.86898803711	9.2310726208979	38.191194888460
316.36801147461	9.3671208974448	38.432009839582
316.86700439453	9.5056833239075	38.674421352233
317.36599731445	9.6468159944634	38.918428457701
317.86499023438	9.7905741965848	39.164054340056
318.36401367188	9.9370189044711	39.411278165741
318.86300659180	10.086217870729	39.660135973170
319.36199951172	10.238226046724	39.910606588307
319.86099243164	10.393114555453	40.162709502305
320.35998535156	10.550947234200	40.416450469592
320.85900878906	10.711802873681	40.671833156912
321.35800170898	10.875731523355	40.928827094247
321.85699462891	11.042814889369	41.187473661921
322.35598754883	11.213118104919	41.447751227631
322.85501098633	11.386731798768	41.709686487673
323.35400390625	11.563710997218	41.973236825692
323.85299682617	11.744150436461	42.238407810126
324.35198974609	11.928118590716	42.505213420900
324.85101318359	12.115704392213	42.773639922498
325.35000610352	12.306975699150	43.043657516960
325.84899902344	12.502038260450	43.315309661506
326.34799194336	12.700963957439	43.588542332610
326.84698486328	12.903845652543	43.863358423684
327.34600830078	13.110768226982	44.139741146984
327.84500122070	13.321829590634	44.417690399580
328.34399414063	13.537122922138	44.697162732580
328.84298706055	13.756734218512	44.978158897383
329.34201049805	13.980776832528	45.260672344584
329.84100341797	14.209341547960	45.544654785126
330.33999633789	14.442533454734	45.830098970047
330.83898925781	14.680445820840	46.116953235004
331.33801269531	14.923196604742	46.405226216968
331.83700561523	15.170885019239	46.694861000489
332.33599853516	15.423620675085	46.985818801561
332.83499145508	15.681516056061	47.278081506923
333.33401489258	15.944690636792	47.571603126902
333.83300781250	16.213259450441	47.866361072066
334.33200073242	16.487333787984	48.162283713127
334.83099365234	16.767035394346	48.459317071968
335.32998657227	17.052503263908	48.757472675685
335.82901000977	17.343825243815	49.056604622488
336.32800292969	17.641165726627	49.356735480320
336.82699584961	17.944618544811	49.657735551281
337.32598876953	18.254332329401	49.959576766135
337.82501220703	18.570448466582	50.262207293243
338.32400512695	18.893077284757	50.565504549217
338.82299804688	19.222380930178	50.869452046602
339.32199096680	19.558476747303	51.173918790513
339.82101440430	19.901494673804	51.478813545283
340.32000732422	20.251624264648	51.784099910105
340.81900024414	20.608962217248	52.089638879387
341.31799316406	20.973661330817	52.395319661608
341.81698608398	21.345891722628	52.701069969496
342.31600952148	21.725780562183	53.006724412874
342.81500244141	22.113481733725	53.312237845406
343.31399536133	22.509161181478	53.617442289933
343.81298828125	22.912943482059	53.922181584251
344.31201171875	23.324996281258	54.226359349866
344.81100463867	23.745462678683	54.529800048948
345.30999755859	24.174514230559	54.832388225391
345.80899047852	24.612313302713	55.133927121092
346.30801391602	25.058986771865	55.434281005309
346.80700683594	25.514722030400	55.733251902009
347.30599975586	25.979667029273	56.030709922647
347.80499267578	26.453948795462	56.326374497478
348.30398559570	26.937769421365	56.620102655648
348.80300903320	27.431249077458	56.911692586010
349.30200195313	27.934548262382	57.200878574904
349.80099487305	28.447837340981	57.487505795644
350.29998779297	28.971249217464	57.771271271947
350.79901123047	29.504949209099	58.051964698923
351.29800415039	30.049061497755	58.329332853188
351.79699707031	30.603756512662	58.603107403222
352.29598999023	31.169164522246	58.872982407034
352.79501342773	31.745421557896	59.138703617077
353.29400634766	32.332652430947	59.399940400734
353.79299926758	32.931008938373	59.656420552397
354.29199218750	33.540591937241	59.907794961307
354.79098510742	34.161550010129	60.153738489524
355.29000854492	34.793958496996	60.393888230096
355.78900146484	35.437947968534	60.627908597428
356.28799438477	36.093599019603	60.855422286257
356.78698730469	36.761029207707	61.076044134379
357.28601074219	37.440295979244	61.289385691733
357.78500366211	38.131487334143	61.495034848036
358.28399658203	38.834653755391	61.692567085763
358.78298950195	39.549839476604	61.881555926954
359.28201293945	40.277099909188	62.061539904481
359.78100585938	41.016447919019	62.232082316886
360.27999877930	41.767895776827	62.392705881495
360.77899169922	42.531455014224	62.542932444670
361.27801513672	43.307093632278	62.682238040276
361.77700805664	44.094778894811	62.810154242553
362.27600097656	44.894460265063	62.926137856236
362.77499389648	45.706070518984	63.029676112189
363.27398681641	46.529509979094	63.120223266952
363.77301025391	47.364660936688	63.197218845058
364.27200317383	48.211404698971	63.260088548523
364.77099609375	49.069595235902	63.308324233141
365.26998901367	49.939024103781	63.341285403344
365.76901245117	50.819505212497	63.358406632064
366.26800537109	51.710813763974	63.359096222997
366.76699829102	52.612660252261	63.342767522639
367.26599121094	53.524781262899	63.308804139389
367.76501464844	54.446864381472	63.256622203400
368.26400756836	55.378563293502	63.185589874713
368.76300048828	56.319487536370	63.095118054946
369.26199340820	57.269246981679	62.984593059407
369.76098632813	58.227373511776	62.853398230558
370.26000976563	59.193415446927	62.700964186453
370.75900268555	60.166858547101	62.526686924493
371.25799560547	61.147145829286	62.329959299744
371.75698852539	62.133719071827	62.110232540194
372.25601196289	63.125934152151	61.866917474859
372.75500488281	64.123165401156	61.599481823684
373.25399780273	65.124692599349	61.307384904707
373.75299072266	66.129829029622	60.990121186153
374.25201416016	67.137788651742	60.647177288385
374.75100708008	68.147786976982	60.278102442318
375.25000000000	69.158985767655	59.882456616331
375.74899291992	70.170503226171	59.459784437450
376.24798583984	71.181471841381	59.009754549306
376.74700927734	72.190913309241	58.531970407102
377.24600219727	73.197912394003	58.026151427745
377.74499511719	74.201429963898	57.491994254141
378.24398803711	75.200453121625	56.929273383480
378.74301147461	76.193935043204	56.337817861203
379.24200439453	77.180788387724	55.717437144240
379.74099731445	78.159923030332	55.068082640795
380.23999023438	79.130216943843	54.389678518350
380.73901367188	80.090529679946	53.682254812458
381.23800659180	81.039703314826	52.945855041591
381.73699951172	81.976581487307	52.180603866251
382.23599243164	82.899969937573	51.386659467004
382.73498535156	83.808727877019	50.564288358872
383.23400878906	84.701660856246	49.713764066242
383.73300170898	85.577574120900	48.835448541591
384.23199462891	86.435299062730	47.929758488768
384.73098754883	87.273694566997	46.997177665683
385.23001098633	88.091594553838	46.038248151125
385.72900390625	88.887891404381	45.053580820687
386.22799682617	89.661445244797	44.043811356509
386.72698974609	90.411202335030	43.009702647471
387.22601318359	91.136097622147	41.952023178977
387.72500610352	91.835114650920	40.871620866874
388.22399902344	92.507268354757	39.769383533931
388.72299194336	93.151624168877	38.646273342599
389.22198486328	93.767293564192	37.503288238752
389.72100830078	94.353432250842	36.341494259483
390.22000122070	94.909230854739	35.161978652380
390.71899414063	95.433969367674	33.965889122729
391.21798706055	95.926945127737	32.754387580503
391.71701049805	96.387554517156	31.528712266956
392.21600341797	96.815236532897	30.290096482451
392.71499633789	97.209490861519	29.039824704684
393.21398925781	97.569890647216	27.779187327099
393.71301269531	97.896066155696	26.509500095802
394.21200561523	98.187740898440	25.232103843934
394.71099853516	98.444677326656	23.948334036521
395.20999145508	98.666724777667	22.659543021753
395.70901489258	98.853783063246	21.367077806554
396.20800781250	99.005840600755	20.072287977317
396.70700073242	99.122948915853	18.776509677312
397.20599365234	99.205217289371	17.481078177445
397.70498657227	99.252830268165	16.187306024321
398.20401000977	99.266030271706	14.896485509892
398.70300292969	99.245127861419	13.609893575435
399.20199584961	99.190481992473	12.328775242785
399.70098876953	99.102503877320	11.054343053546
400.20001220703	98.981712415707	9.7877912439091
400.69900512695	98.828615426555	8.5302572811343
401.19799804688	98.643769426931	7.2828558478695
401.69699096680	98.427845253405	6.0466597897565
402.19601440430	98.181479144761	4.8226912066360
402.69500732422	97.905381217633	3.6119338369290
403.19400024414	97.600331987746	2.4153269108305
403.69299316406	97.267075018550	1.2337565674370
404.19198608398	96.906437129178	0.068065359464483
404.69100952148	96.519253604759	-1.0809560644177
405.19000244141	96.106390706178	-2.2125664395865
405.68899536133	95.668723240461	-3.3260742927297
406.18798828125	95.207137974119	-4.4208380474013
406.68701171875	94.722561878988	-5.4962674513056
407.18600463867	94.215902576821	-6.5518189240256
407.68499755859	93.688107561261	-7.5870033679244
408.18399047852	93.140099579480	-8.6013757903418
408.68301391602	92.572829235802	-9.5945421739652
409.18200683594	91.987217288035	-10.566153306370
409.68099975586	91.384213315720	-11.515907012312
410.17999267578	90.764732842559	-12.443542299237
410.67898559570	90.129714341840	-13.348848114156
411.17800903320	89.480059482528	-14.231645404112
411.67700195313	88.816670829649	-15.091801493537
412.17599487305	88.140450501331	-15.929223455912
412.67498779297	87.452275250999	-16.743853855721
413.17401123047	86.752989358860	-17.535669806637
413.67300415039	86.043449262615	-18.304685419953
414.17199707031	85.324479601198	-19.050934096508
414.67098999023	84.596876937662	-19.774493540113
415.17001342773	83.861446234762	-20.475471840077
415.66900634766	83.118946713025	-21.153991829391
416.16799926758	82.370120469386	-21.810207781308
416.66699218750	81.615687648630	-22.444298174196
417.16598510742	80.856358062907	-23.056461441137
417.66500854492	80.092812486272	-23.646918140131
418.16400146484	79.325692024231	-24.215907637941
418.66299438477	78.555643325396	-24.763684299872
419.16198730469	77.783270664558	-25.290517552167
419.66101074219	77.009169790557	-25.796695310795
420.16000366211	76.233893234949	-26.282513789075
420.65899658203	75.457988481887	-26.748289204535
421.15798950195	74.681977789101	-27.194340166125
421.65701293945	73.906357116320	-27.621001821815
422.15600585938	73.131596945336	-28.028600728549
422.65499877930	72.358150042314	-28.417489107798
423.15399169922	71.586453941886	-28.788021118255
423.65301513672	70.816924964558	-29.140554295695
424.15200805664	70.049944476032	-29.475446364530
424.65100097656	69.285894299339	-29.793061891123
425.14999389648	68.525110213233	-30.093767483808
425.64898681641	67.767932447595	-30.377924107005
426.14801025391	67.014691637563	-30.645924983514
426.64700317383	66.265668414527	-30.898118841277
427.14599609375	65.521134313066	-31.134874048044
427.64498901367	64.781368826518	-31.356568017199
428.14401245117	64.046610999609	-31.563568299032
428.64300537109	63.317090507748	-31.756239665444
429.14199829102	62.593028527482	-31.934946651605
429.64099121094	61.874617287977	-32.100040320413
430.14001464844	61.162041189648	-32.251886886822
430.63900756836	60.455477026278	-32.390836358209
431.13800048828	59.755090927690	-32.517239306399
431.63699340820	59.061026809803	-32.631443208745
432.13598632813	58.373412674038	-32.733790755676
432.63500976563	57.692378625312	-32.824617457316
433.13400268555	57.018034927913	-32.904250632340
433.63299560547	56.350479046152	-32.973019990321
434.13198852539	55.689795726716	-33.031247838678
434.63101196289	55.036087565426	-33.079256641357
435.13000488281	54.389413287692	-33.117352651729
435.62899780273	53.749836767192	-33.145845695018
436.12799072266	53.117408680302	-33.165031712184
436.62701416016	52.492174428908	-33.175202394615
437.12600708008	51.874174440153	-33.176649340037
437.62500000000	51.263459928830	-33.169666765569
438.12399291992	50.660041089853	-33.154521848463
438.62298583984	50.063909655983	-33.131490783004
439.12200927734	49.475110415164	-33.100824792444
439.62100219727	48.893626471521	-33.062805404106
440.11999511719	48.319479164945	-33.017678541783
440.61898803711	47.752660914852	-32.965690456493
441.11801147461	47.193141699764	-32.907090924846
441.61700439453	46.640918226659	-32.842114665117
442.11599731445	46.095962214270	-32.770989792495
442.61499023438	45.558261120725	-32.693948948624
443.11401367188	45.027774140448	-32.611203041849
443.61300659180	44.504493067897	-32.522991887037
444.11199951172	43.988349990378	-32.429496972498
444.61099243164	43.479308053009	-32.330934560791
445.10998535156	42.977367599772	-32.227512443670
445.60900878906	42.482430565591	-32.119412053974
446.10800170898	41.994463204769	-32.006827209244
446.60699462891	41.513442270895	-31.889955698808
447.10598754883	41.039281143950	-31.768947693215
447.60501098633	40.571941422246	-31.644011317142
448.10400390625	40.111370622512	-31.515292705054
448.60299682617	39.657502771437	-31.382974868842
449.10198974609	39.210262074600	-31.247199762835
449.60101318359	38.769608082744	-31.108132703230
450.10000610352	38.335462146924	-30.965933789037
450.59899902344	37.907765924978	-30.820733681680
451.09799194336	37.486454565161	-30.672689585452
451.59698486328	37.071458855011	-30.521936556269
452.09600830078	36.662693994403	-30.368601754751
452.59500122070	36.260112812770	-30.212830658365
453.09399414063	35.863634327221	-30.054736668400
453.59298706055	35.473191865802	-29.894458397483
454.09201049805	35.088706281732	-29.732100342417
454.59100341797	34.710104202097	-29.567776038322
455.08999633789	34.337328128384	-29.401624805971
455.58898925781	33.970289099130	-29.233728274288
456.08801269531	33.608900418993	-29.064186331562
456.58700561523	33.253121523854	-28.893124306243
457.08599853516	32.902871327528	-28.720651030941
457.58499145508	32.558051948126	-28.546824905374
458.08401489258	32.218604276313	-28.371762288049
458.58300781250	31.884447375610	-28.195540138686
459.08200073242	31.555525904696	-28.018265051971
459.58099365234	31.231741934611	-27.840002764376
460.07998657227	30.913029416677	-27.660831075512
460.57901000977	30.599320865358	-27.480852500139
461.07800292969	30.290534925538	-27.300115827182
461.57699584961	29.986596127317	-27.118703026905
462.07598876953	29.687432807628	-26.936689046334
462.57501220703	29.392972442032	-26.754133352844
463.07400512695	29.103152653662	-26.571117555734
463.57299804688	28.817882153275	-26.387681546065
464.07199096680	28.537101961012	-26.203901454372
464.57101440430	28.260731393161	-26.019830455354
465.07000732422	27.988714707844	-25.835529088620
465.56900024414	27.720963090974	-25.651044709312
466.06799316406	27.457416641976	-25.466435050443
466.56698608398	27.198003093266	-25.281742793718
467.06600952148	26.942656117037	-25.097026316979
467.56500244141	26.691295736457	-24.912318485956
468.06399536133	26.443869806467	-24.727674180120
468.56298828125	26.200305253892	-24.543134636139
469.06201171875	25.960528443884	-24.358728336945
469.56100463867	25.724484867817	-24.174508674076
470.05999755859	25.492097404664	-23.990502958864
470.55899047852	25.263309639642	-23.806752836151
471.05801391602	25.038044411600	-23.623280419221
471.55700683594	24.816254567490	-23.440130885780
472.05599975586	24.597873751315	-23.257331161523
472.55499267578	24.382828479866	-23.074901008566
473.05398559570	24.171069858195	-22.892883622327
473.55300903320	23.962530044947	-22.711287313768
474.05200195313	23.757148640600	-22.530149505490
474.55099487305	23.554861283877	-22.349477087593
475.04998779297	23.355623213864	-22.169315897505
475.54901123047	23.159367905368	-21.989663546165
476.04800415039	22.966041001220	-21.810559721702
476.54699707031	22.775579966923	-21.632001572979
477.04598999023	22.587942267526	-21.454026720410
477.54501342773	22.403050864893	-21.276630266169
478.04400634766	22.220869414345	-21.099834436087
478.54299926758	22.041346909820	-20.923660500216
479.04199218750	21.864410599673	-20.748106583456
479.54098510742	21.690031091171	-20.573195126905
480.04000854492	21.518137670249	-20.398925300655
480.53900146484	21.348698645665	-20.225323378062
481.03799438477	21.181650809404	-20.052377593146
481.53698730469	21.016948041484	-19.880097540548
482.03601074219	20.854544901697	-19.708499755788
482.53500366211	20.694389562692	-19.537588304312
483.03399658203	20.536446793427	-19.367363353069
483.53298950195	20.380660460842	-19.197821315567
484.03201293945	20.226991128194	-19.028982503874
484.53100585938	20.075382769392	-18.860825590937
485.02999877930	19.925809493495	-18.693370102219
485.52899169922	19.778225734369	-18.526617853140
486.02801513672	19.632579282599	-18.360546807417
486.52700805664	19.488838783925	-18.195178569071
487.02600097656	19.346962575979	-18.030498139205
487.52499389648	19.206913944038	-17.866505419100
488.02398681641	19.068646766167	-17.703203374086
488.52301025391	18.932132847085	-17.540576814023
489.02200317383	18.797327696926	-17.378632451220
489.52099609375	18.664199722156	-17.217361376561
490.01998901367	18.532718125169	-17.056748255701
490.51901245117	18.402842713626	-16.896809653906
491.01800537109	18.274551005185	-16.737517516349
491.51699829102	18.147798026808	-16.578872148324
492.01599121094	18.022552904233	-16.420867738909
492.51501464844	17.898797709230	-16.263503310264
493.01400756836	17.776486578957	-16.106757045899
493.51300048828	17.655606518413	-15.950623926402
494.01199340820	17.536111498312	-15.795098392212
494.51098632813	17.417995970791	-15.640178855575
495.01000976563	17.301217500731	-15.485842349517
495.50900268555	17.185757815282	-15.332079558064
496.00799560547	17.071585261806	-15.178890383195
496.50698852539	16.958689806914	-15.026256865747
497.00601196289	16.847030387676	-14.874168276218
497.50500488281	16.736599252224	-14.722623394288
498.00399780273	16.627369113606	-14.571604161636
498.50299072266	16.519323170881	-14.421100615473
499.00201416016	16.412438614047	-14.271100125632
499.50100708008	16.306693773075	-14.121595221003
500.00000000000	16.202075786767	-13.972576391547
