Circmon Q2 P1 Data with circmon testpad radiator, R=4.8kOhm, Area=320*123*2 nm^2
2021Aug Cooldown
# file_path = ('Z:/mcdermott-group/data/BlackBody/Circmon/LIU/CW20180514A_Ox2/{}/{}/MATLABData/{}')
# date = 'JJRadiatorP1_2021Aug25_HighDensity'
# file_Number = np.arange(0, 50, 1)
### More Q2
# file_path = ('Z:/mcdermott-group/data/BlackBody/Circmon/LIU/CW20180514A_Ox2/{}/{}/MATLABData/{}')
# date = 'JJRadiatorP1_2021Aug26_HighDensity'
# file_Number = np.arange(0, 200, 1)

Process code
C:\Repositories\Analysis\projects\BlackBody\JosephsonRadiator\P1T1\P12021Aug26.py
C:\Repositories\Analysis\projects\BlackBody\JosephsonRadiator\P1T1\P12021Aug26Q2.py
C:\Repositories\Analysis\projects\BlackBody\JosephsonRadiator\P1T1\P12021Aug26Q2Combine.py
standard deviation to standard error of the mean



# [VoltageBias(mDAC), P1, P1 std]
#-------------------------------------------------------
0.000000000000000000e+00 3.221857000000000193e-02 6.094723052674337355e-04
4.000000000000000000e+00 3.171555999999999681e-02 7.178434905520841066e-04
8.000000000000000000e+00 3.314560999999999896e-02 6.900301524208923192e-04
1.200000000000000000e+01 3.160513000000000211e-02 7.024398764307163189e-04
1.600000000000000000e+01 3.256905000000000217e-02 6.476136450446360942e-04
2.000000000000000000e+01 3.345879999999999688e-02 8.020401092015286369e-04
2.400000000000000000e+01 3.193354999999999805e-02 7.846990224997098078e-04
2.800000000000000000e+01 3.310596999999999845e-02 7.028853537028637542e-04
3.200000000000000000e+01 3.330728000000000161e-02 6.758795315157872189e-04
3.600000000000000000e+01 3.287311999999999873e-02 8.825442162396171129e-04
4.000000000000000000e+01 3.435964999999999853e-02 8.402366033076634402e-04
4.400000000000000000e+01 3.334423000000000248e-02 8.037003959237546845e-04
4.800000000000000000e+01 3.221563000000000204e-02 7.377160195305508105e-04
5.200000000000000000e+01 3.298754000000000269e-02 8.014574532138309332e-04
5.600000000000000000e+01 3.251721999999999946e-02 6.410785641729101073e-04
6.000000000000000000e+01 3.347500999999999949e-02 7.483678760823450149e-04
6.400000000000000000e+01 3.336158000000000179e-02 7.557825977898670680e-04
6.800000000000000000e+01 3.231230000000000213e-02 6.967123115031052588e-04
7.000000000000000000e+01 3.398657000000000067e-02 3.305503539952725327e-04
7.050000000000000000e+01 3.412899999999999961e-02 3.388323591872535734e-04
7.100000000000000000e+01 3.435069000000000317e-02 3.543559802210201207e-04
7.150000000000000000e+01 3.393799000000000121e-02 3.442423838082696460e-04
7.200000000000000000e+01 3.400369000000000308e-02 3.460505741743539316e-04
7.250000000000000000e+01 3.419433000000000195e-02 3.207226274830012242e-04
7.300000000000000000e+01 3.410265999999999992e-02 3.423715803445139872e-04
7.350000000000000000e+01 3.501746000000000025e-02 3.603940331853456311e-04
7.400000000000000000e+01 3.453467000000000342e-02 3.212089857871351542e-04
7.450000000000000000e+01 3.475564999999999904e-02 3.710856939543749232e-04
7.500000000000000000e+01 3.489421000000000189e-02 3.429502771563248151e-04
7.550000000000000000e+01 3.510433999999999777e-02 3.595933444817910312e-04
7.600000000000000000e+01 3.511548999999999920e-02 3.872278564984704251e-04
7.650000000000000000e+01 3.582521000000000316e-02 3.668210463018718183e-04
7.700000000000000000e+01 3.477066000000000184e-02 3.934018874021831861e-04
7.750000000000000000e+01 3.527929999999999955e-02 2.973192429756271304e-04
7.800000000000000000e+01 3.553065999999999863e-02 3.258967461905688053e-04
7.850000000000000000e+01 3.589255999999999697e-02 3.513638330989688158e-04
7.900000000000000000e+01 3.573943000000000259e-02 3.598437968724763612e-04
7.950000000000000000e+01 3.564433999999999658e-02 3.684818745289922845e-04
8.000000000000000000e+01 3.591741999999999851e-02 3.404274120390425053e-04
8.050000000000000000e+01 3.675649000000000277e-02 3.702938596282687417e-04
8.100000000000000000e+01 3.706823000000000062e-02 3.577231734735673830e-04
8.150000000000000000e+01 3.690398999999999763e-02 4.293133449665873739e-04
8.200000000000000000e+01 3.754688999999999943e-02 4.023043314710892130e-04
8.250000000000000000e+01 3.722203999999999791e-02 3.427776167960795988e-04
8.300000000000000000e+01 3.749381000000000241e-02 3.836513204648199808e-04
8.350000000000000000e+01 3.786612999999999785e-02 3.683155387240674445e-04
8.400000000000000000e+01 3.752147000000000121e-02 3.523473014512811799e-04
8.450000000000000000e+01 3.768337000000000075e-02 3.704658875329819474e-04
8.500000000000000000e+01 3.711814000000000086e-02 3.896982278065939638e-04
8.550000000000000000e+01 3.690373999999999738e-02 3.815370216212313789e-04
8.600000000000000000e+01 3.651621000000000034e-02 3.666205578982171631e-04
8.650000000000000000e+01 3.698254000000000125e-02 3.503215463821773043e-04
8.700000000000000000e+01 3.637158000000000058e-02 3.558903173417338195e-04
8.750000000000000000e+01 3.709877999999999787e-02 3.383529578939720303e-04
8.800000000000000000e+01 3.655856999999999857e-02 3.518609431471473041e-04
8.850000000000000000e+01 3.619094999999999951e-02 3.452372363601585790e-04
8.900000000000000000e+01 3.612821000000000088e-02 3.638744359781269518e-04
8.950000000000000000e+01 3.561725999999999781e-02 3.456957666208830158e-04
9.000000000000000000e+01 3.553652000000000200e-02 3.836608072978004639e-04
9.050000000000000000e+01 3.535971000000000253e-02 3.707119127349429869e-04
9.100000000000000000e+01 3.475865999999999678e-02 3.508439546516370811e-04
9.150000000000000000e+01 3.561642999999999754e-02 3.748829569687051185e-04
9.200000000000000000e+01 3.465485000000000093e-02 3.425227372166700867e-04
9.250000000000000000e+01 3.511724000000000095e-02 3.609809519190728669e-04
9.300000000000000000e+01 3.413731999999999878e-02 3.456040605687381285e-04
9.350000000000000000e+01 3.470811000000000035e-02 3.240778040804399612e-04
9.400000000000000000e+01 3.434642999999999724e-02 3.550491514841290280e-04
9.450000000000000000e+01 3.410981999999999903e-02 3.632748681337590177e-04
9.500000000000000000e+01 3.397030000000000188e-02 3.296763004500020554e-04
9.550000000000000000e+01 3.427402999999999700e-02 3.665990544101279920e-04
9.600000000000000000e+01 3.452473999999999821e-02 3.230355173636484498e-04
9.650000000000000000e+01 3.369753000000000331e-02 3.412116568987642352e-04
9.700000000000000000e+01 3.396224999999999938e-02 3.664124800281781105e-04
9.750000000000000000e+01 3.398148000000000141e-02 3.441905224546428312e-04
9.800000000000000000e+01 3.351703999999999795e-02 3.443334574048824686e-04
9.850000000000000000e+01 3.383251999999999787e-02 3.359186365511744468e-04
9.900000000000000000e+01 3.402224999999999694e-02 3.426599800671213582e-04
9.950000000000000000e+01 3.405572999999999934e-02 3.457779858400473658e-04
