Circmon Q4 P1 Data with circmon testpad radiator, R=4.8kOhm, Area=320*123*2 nm^2
2021Aug Cooldown
# file_path = ('Z:/mcdermott-group/data/BlackBody/Circmon/LIU/CW20180514A_Ox2/{}/{}/MATLABData/{}')
# date = 'JJRadiatorP1_2021Aug25_HighDensity'
# file_Number = np.arange(0, 50, 1)
### More Q2
# file_path = ('Z:/mcdermott-group/data/BlackBody/Circmon/LIU/CW20180514A_Ox2/{}/{}/MATLABData/{}')
# date = 'JJRadiatorP1_2021Aug26_HighDensity'
# file_Number = np.arange(0, 200, 1)

Process code
C:\Repositories\Analysis\projects\BlackBody\JosephsonRadiator\P1T1\P12021Aug26.py
C:\Repositories\Analysis\projects\BlackBody\JosephsonRadiator\P1T1\P12021Aug26Q2.py
C:\Repositories\Analysis\projects\BlackBody\JosephsonRadiator\P1T1\P12021Aug26Q2Combine.py
standard deviation to standard error of the mean



# [VoltageBias(mDAC), P1, P1 std]
#-------------------------------------------------------
0.000000000000000000e+00 2.379927999999999905e-02 9.277608664693720759e-04
4.000000000000000000e+00 2.462802000000000047e-02 7.586435518265478156e-04
8.000000000000000000e+00 2.353492000000000084e-02 7.950567226305303237e-04
1.200000000000000000e+01 2.403065999999999883e-02 7.045824099777115400e-04
1.600000000000000000e+01 2.411471999999999921e-02 8.333451406182195266e-04
2.000000000000000000e+01 2.398406000000000149e-02 6.431744286723470143e-04
2.400000000000000000e+01 2.387883999999999840e-02 6.973925482266067101e-04
2.800000000000000000e+01 2.979766000000000012e-02 8.186967165391590036e-04
3.200000000000000000e+01 3.140893000000000157e-02 8.224853946727564685e-04
3.500000000000000000e+01 3.219799999999999746e-02 8.257352574390897613e-04
3.550000000000000000e+01 3.374106000000000327e-02 8.830278772779486234e-04
3.600000000000000000e+01 3.469235999999999848e-02 8.845523994981868482e-04
3.650000000000000000e+01 3.260120999999999852e-02 8.460320504862685201e-04
3.700000000000000000e+01 3.148726999999999776e-02 8.459726535166488476e-04
3.750000000000000000e+01 3.058829999999999882e-02 6.699129644961351318e-04
3.800000000000000000e+01 2.950886999999999954e-02 8.134994816974377681e-04
3.850000000000000000e+01 3.141353000000000201e-02 7.473369143953749851e-04
3.900000000000000000e+01 3.429557999999999912e-02 7.759549400435568085e-04
3.950000000000000000e+01 3.468443000000000220e-02 8.150650161109848505e-04
4.000000000000000000e+01 3.938188000000000105e-02 8.295182787184377697e-04
4.050000000000000000e+01 4.359392000000000128e-02 9.766530577477346153e-04
4.100000000000000000e+01 4.407681000000000099e-02 1.038274585301017560e-03
4.150000000000000000e+01 4.567099000000000159e-02 9.190832520506507595e-04
4.200000000000000000e+01 4.689743999999999857e-02 9.849332781554291476e-04
4.250000000000000000e+01 5.095649000000000012e-02 1.073810943696328676e-03
4.300000000000000000e+01 5.582050999999999680e-02 1.083689225429504584e-03
4.350000000000000000e+01 5.683922000000000280e-02 1.239360197521285466e-03
4.400000000000000000e+01 6.269060999999999384e-02 1.626939566425255864e-03
4.450000000000000000e+01 6.205834999999999824e-02 1.320548783923562513e-03
4.500000000000000000e+01 6.280797000000000463e-02 1.254336719146816742e-03
4.550000000000000000e+01 5.756587999999999983e-02 1.178100708639970122e-03
4.600000000000000000e+01 5.518739000000000283e-02 1.114906575605328302e-03
4.650000000000000000e+01 5.395225000000000021e-02 1.293541547522923532e-03
4.700000000000000000e+01 5.868567000000000228e-02 1.259859223107883406e-03
4.750000000000000000e+01 3.942157000000000300e-02 1.205074003915112147e-03
4.800000000000000000e+01 5.527995000000000131e-02 1.152042409539683456e-03
4.850000000000000000e+01 5.589302000000000159e-02 1.221706569622182242e-03
4.900000000000000000e+01 5.530485000000000262e-02 1.134113009995917467e-03
4.950000000000000000e+01 5.538488999999999912e-02 1.094441491144227318e-03
5.000000000000000000e+01 5.641154999999999781e-02 1.209108755208562758e-03
5.050000000000000000e+01 5.855406999999999973e-02 1.222065779867024951e-03
5.100000000000000000e+01 6.362560999999999911e-02 1.197085111501266629e-03
5.150000000000000000e+01 6.962735000000000452e-02 1.521572170747086290e-03
5.200000000000000000e+01 7.311104999999999687e-02 1.499381745739889913e-03
5.250000000000000000e+01 7.165543000000000606e-02 1.463490419740423208e-03
5.300000000000000000e+01 7.411966000000000387e-02 1.348360707841191964e-03
5.350000000000000000e+01 7.214671000000000278e-02 1.418197401978299986e-03
5.400000000000000000e+01 7.155448999999999837e-02 1.165610374457091069e-03
5.450000000000000000e+01 7.200671000000000155e-02 1.441374948052032536e-03
5.500000000000000000e+01 7.270898000000000638e-02 1.641240093967972699e-03
5.550000000000000000e+01 7.012878000000000167e-02 1.301036879403500964e-03
5.600000000000000000e+01 6.774209999999999954e-02 1.319237807951242816e-03
5.650000000000000000e+01 6.433914000000000299e-02 1.074317232151658337e-03
5.700000000000000000e+01 5.715432000000000151e-02 1.208685905353413257e-03
5.750000000000000000e+01 5.536499999999999755e-02 1.223412111178404050e-03
5.800000000000000000e+01 5.216417999999999749e-02 1.215698990409221298e-03
5.850000000000000000e+01 5.126228000000000035e-02 1.060071858937874055e-03
5.900000000000000000e+01 4.945945999999999676e-02 1.115981377912731972e-03
5.950000000000000000e+01 4.665899999999999909e-02 9.768029643853462420e-04
6.000000000000000000e+01 4.610384000000000010e-02 1.127790061158547236e-03
6.050000000000000000e+01 4.521346999999999866e-02 1.128866277679513135e-03
6.100000000000000000e+01 4.190738000000000102e-02 8.036197857506994146e-04
6.150000000000000000e+01 4.107729999999999715e-02 9.976923129151591720e-04
6.200000000000000000e+01 3.880886000000000058e-02 1.017567670320750767e-03
6.250000000000000000e+01 3.899347000000000230e-02 1.029949110059327159e-03
6.300000000000000000e+01 3.697248999999999675e-02 1.028416102557714587e-03
6.350000000000000000e+01 3.577604000000000201e-02 9.097381288304892417e-04
6.400000000000000000e+01 3.639504999999999824e-02 1.060658757566258770e-03
6.450000000000000000e+01 3.429647999999999725e-02 8.825951279278624381e-04
6.500000000000000000e+01 3.633242999999999889e-02 7.292632650682468257e-04
6.900000000000000000e+01 3.253057000000000171e-02 8.770938371702311550e-04
7.300000000000000000e+01 3.053161999999999890e-02 8.198719280094908784e-04
7.700000000000000000e+01 2.954723999999999892e-02 8.517822428308774061e-04
8.100000000000000000e+01 2.825340000000000143e-02 8.180589062225287469e-04
8.500000000000000000e+01 2.852568999999999938e-02 7.329784040966008142e-04
8.900000000000000000e+01 2.966221000000000135e-02 8.152021948265350103e-04
9.300000000000000000e+01 2.907173999999999869e-02 8.166418642330308458e-04
9.700000000000000000e+01 2.941830999999999960e-02 9.221153259283786227e-04
