Circmon Q2 Parity Data with SFQ testpad rectmon radiator, weak, R=16 kOhm
2021Oct Cooldown
Z:\mcdermott-group\data\Antenna\Circmon\Liu\CW20180514A_Ox2\2021Nov12_QB12_PSD_J6Radiator_Sim
Z:\mcdermott-group\data\Antenna\Circmon\Liu\CW20180514A_Ox2\2021Nov16_QB4_PSD_J6Radiator_Sim
Fitting method Chris' no white noise verison













# [VoltageBias(mV), ParityRate(sec^-1)]
#-------------------------------------------------------
1.000000000000000000e+02 1.310999999999999943e+01
1.010000000000000000e+02 1.275000000000000000e+01
1.020000000000000000e+02 1.268999999999999950e+01
1.030000000000000000e+02 1.391999999999999993e+01
1.040000000000000000e+02 1.364000000000000057e+01
1.050000000000000000e+02 1.423000000000000043e+01
1.060000000000000000e+02 1.317999999999999972e+01
1.070000000000000000e+02 1.296000000000000085e+01
1.080000000000000000e+02 1.328999999999999915e+01
1.090000000000000000e+02 1.327999999999999936e+01
1.100000000000000000e+02 1.167999999999999972e+01
1.110000000000000000e+02 1.292999999999999972e+01
1.120000000000000000e+02 1.303999999999999915e+01
1.130000000000000000e+02 1.300999999999999979e+01
1.140000000000000000e+02 1.344999999999999929e+01
1.150000000000000000e+02 1.482000000000000028e+01
1.160000000000000000e+02 1.371000000000000085e+01
1.170000000000000000e+02 1.497000000000000064e+01
1.180000000000000000e+02 1.386999999999999922e+01
1.190000000000000000e+02 1.500000000000000000e+01
1.200000000000000000e+02 1.547000000000000064e+01
1.210000000000000000e+02 1.621000000000000085e+01
1.220000000000000000e+02 1.869999999999999929e+01
1.230000000000000000e+02 1.885999999999999943e+01
1.240000000000000000e+02 2.357000000000000028e+01
1.250000000000000000e+02 2.739000000000000057e+01
1.260000000000000000e+02 3.789999999999999858e+01
1.270000000000000000e+02 5.554999999999999716e+01
1.280000000000000000e+02 6.765000000000000568e+01
1.290000000000000000e+02 7.318999999999999773e+01
1.300000000000000000e+02 7.492000000000000171e+01
1.310000000000000000e+02 7.395999999999999375e+01
1.320000000000000000e+02 6.798999999999999488e+01
1.330000000000000000e+02 6.815000000000000568e+01
1.340000000000000000e+02 6.837000000000000455e+01
1.350000000000000000e+02 7.048999999999999488e+01
1.360000000000000000e+02 6.643999999999999773e+01
1.370000000000000000e+02 6.102000000000000313e+01
1.380000000000000000e+02 5.217000000000000171e+01
1.390000000000000000e+02 4.128000000000000114e+01
1.400000000000000000e+02 4.379999999999999716e+01
1.410000000000000000e+02 4.913000000000000256e+01
1.420000000000000000e+02 5.332000000000000028e+01
1.430000000000000000e+02 5.628999999999999915e+01
1.440000000000000000e+02 5.786999999999999744e+01
1.450000000000000000e+02 5.292000000000000171e+01
1.460000000000000000e+02 4.565999999999999659e+01
1.470000000000000000e+02 3.807999999999999829e+01
1.480000000000000000e+02 3.556000000000000227e+01
1.490000000000000000e+02 3.335999999999999943e+01
1.500000000000000000e+02 3.428999999999999915e+01
1.510000000000000000e+02 3.524000000000000199e+01
1.520000000000000000e+02 3.721999999999999886e+01
1.530000000000000000e+02 3.785000000000000142e+01
1.540000000000000000e+02 3.852000000000000313e+01
1.550000000000000000e+02 3.289999999999999858e+01
1.560000000000000000e+02 3.037000000000000099e+01
1.570000000000000000e+02 2.860999999999999943e+01
1.580000000000000000e+02 2.610999999999999943e+01
1.590000000000000000e+02 2.676999999999999957e+01
1.900000000000000000e+02 7.260999999999999943e+01
1.910000000000000000e+02 7.731999999999999318e+01
1.920000000000000000e+02 8.298000000000000398e+01
1.930000000000000000e+02 9.034000000000000341e+01
1.940000000000000000e+02 9.020999999999999375e+01
1.950000000000000000e+02 8.821999999999999886e+01
1.960000000000000000e+02 8.751999999999999602e+01
1.970000000000000000e+02 8.129999999999999716e+01
1.980000000000000000e+02 8.393000000000000682e+01
1.990000000000000000e+02 9.440999999999999659e+01
2.000000000000000000e+02 1.023100000000000023e+02
2.010000000000000000e+02 1.091800000000000068e+02
2.020000000000000000e+02 1.185000000000000000e+02
2.030000000000000000e+02 1.294399999999999977e+02
2.040000000000000000e+02 1.358499999999999943e+02
2.050000000000000000e+02 1.319699999999999989e+02
2.060000000000000000e+02 1.320600000000000023e+02
2.070000000000000000e+02 1.407299999999999898e+02
2.080000000000000000e+02 1.424399999999999977e+02
2.090000000000000000e+02 1.545000000000000000e+02
2.100000000000000000e+02 1.516699999999999875e+02
2.110000000000000000e+02 1.465699999999999932e+02
2.120000000000000000e+02 1.268400000000000034e+02
2.130000000000000000e+02 1.129500000000000028e+02
2.140000000000000000e+02 9.540999999999999659e+01
2.150000000000000000e+02 9.393999999999999773e+01
2.160000000000000000e+02 1.028700000000000045e+02
2.170000000000000000e+02 1.126800000000000068e+02
2.180000000000000000e+02 1.217900000000000063e+02
2.190000000000000000e+02 1.310200000000000102e+02
2.200000000000000000e+02 1.315999999999999943e+02
2.210000000000000000e+02 1.305500000000000114e+02
2.220000000000000000e+02 1.295800000000000125e+02
2.230000000000000000e+02 1.276299999999999955e+02
2.240000000000000000e+02 1.304399999999999977e+02
2.250000000000000000e+02 1.303100000000000023e+02
2.260000000000000000e+02 1.187699999999999960e+02
2.270000000000000000e+02 1.079800000000000040e+02
2.280000000000000000e+02 9.964000000000000057e+01
2.290000000000000000e+02 8.917000000000000171e+01
2.300000000000000000e+02 8.995000000000000284e+01
2.310000000000000000e+02 9.406999999999999318e+01
2.320000000000000000e+02 9.378000000000000114e+01
2.330000000000000000e+02 1.056200000000000045e+02
2.340000000000000000e+02 1.121500000000000057e+02
2.350000000000000000e+02 1.144500000000000028e+02
2.360000000000000000e+02 1.147099999999999937e+02
2.370000000000000000e+02 1.157000000000000028e+02
2.380000000000000000e+02 1.130300000000000011e+02
2.390000000000000000e+02 1.095300000000000011e+02
2.400000000000000000e+02 9.925000000000000000e+01
2.410000000000000000e+02 8.951999999999999602e+01
2.420000000000000000e+02 8.382999999999999829e+01
2.430000000000000000e+02 8.609999999999999432e+01
2.440000000000000000e+02 9.231999999999999318e+01
2.450000000000000000e+02 9.501000000000000512e+01
2.460000000000000000e+02 9.756000000000000227e+01
2.470000000000000000e+02 9.523999999999999488e+01
2.480000000000000000e+02 8.815999999999999659e+01
2.490000000000000000e+02 8.029000000000000625e+01
2.500000000000000000e+02 8.201999999999999602e+01
2.510000000000000000e+02 7.910999999999999943e+01
2.520000000000000000e+02 7.384999999999999432e+01
2.530000000000000000e+02 7.439000000000000057e+01
2.540000000000000000e+02 6.826999999999999602e+01
2.550000000000000000e+02 6.689000000000000057e+01
2.560000000000000000e+02 7.248000000000000398e+01
2.570000000000000000e+02 7.931000000000000227e+01
2.580000000000000000e+02 8.806000000000000227e+01
2.590000000000000000e+02 9.414000000000000057e+01
3.700000000000000000e+02 4.243199999999999932e+02
3.710000000000000000e+02 4.356899999999999977e+02
3.720000000000000000e+02 4.512200000000000273e+02
3.730000000000000000e+02 4.480799999999999841e+02
3.740000000000000000e+02 4.431999999999999886e+02
3.750000000000000000e+02 4.632400000000000091e+02
3.760000000000000000e+02 4.780899999999999750e+02
3.770000000000000000e+02 5.285599999999999454e+02
3.780000000000000000e+02 5.625700000000000500e+02
3.790000000000000000e+02 6.118200000000000500e+02
3.800000000000000000e+02 6.305399999999999636e+02
3.810000000000000000e+02 6.461399999999999864e+02
3.820000000000000000e+02 6.111599999999999682e+02
3.830000000000000000e+02 5.773099999999999454e+02
3.840000000000000000e+02 5.549299999999999500e+02
3.850000000000000000e+02 5.447100000000000364e+02
3.860000000000000000e+02 5.372500000000000000e+02
3.870000000000000000e+02 5.381599999999999682e+02
3.880000000000000000e+02 5.378400000000000318e+02
3.890000000000000000e+02 5.588799999999999955e+02
3.900000000000000000e+02 5.865000000000000000e+02
3.910000000000000000e+02 6.072899999999999636e+02
3.920000000000000000e+02 6.271399999999999864e+02
3.930000000000000000e+02 6.509800000000000182e+02
3.940000000000000000e+02 6.223300000000000409e+02
3.950000000000000000e+02 6.060199999999999818e+02
3.960000000000000000e+02 5.769500000000000455e+02
3.970000000000000000e+02 5.657599999999999909e+02
3.980000000000000000e+02 5.471699999999999591e+02
3.990000000000000000e+02 5.624400000000000546e+02
4.000000000000000000e+02 5.813300000000000409e+02
4.010000000000000000e+02 6.023099999999999454e+02
4.020000000000000000e+02 6.123799999999999955e+02
4.030000000000000000e+02 6.116299999999999955e+02
4.040000000000000000e+02 5.832500000000000000e+02
4.050000000000000000e+02 5.750299999999999727e+02
4.060000000000000000e+02 5.652799999999999727e+02
4.070000000000000000e+02 5.788899999999999864e+02
4.080000000000000000e+02 5.672200000000000273e+02
4.090000000000000000e+02 5.641299999999999955e+02
4.100000000000000000e+02 5.485399999999999636e+02
4.110000000000000000e+02 5.315800000000000409e+02
4.120000000000000000e+02 5.387599999999999909e+02
4.130000000000000000e+02 5.437899999999999636e+02
4.140000000000000000e+02 5.267999999999999545e+02
4.150000000000000000e+02 4.964300000000000068e+02
4.160000000000000000e+02 4.667900000000000205e+02
4.170000000000000000e+02 4.339399999999999977e+02
4.180000000000000000e+02 3.999599999999999795e+02
4.190000000000000000e+02 3.693899999999999864e+02
