Circmon Q2 Parity Data with SFQ testpad rectmon radiator, strong, R=8 kOhm
2021Oct Cooldown
Z:\mcdermott-group\data\Antenna\Circmon\Liu\CW20180514A_Ox2\2021Oct16_QB124_PSD_J6Radiator
Fitting method Chris' no white noise verison














# [VoltageBias(mDAC), ParityRate(sec^-1)]
#-------------------------------------------------------
0.000000000000000000e+00 1.310999999999999943e+01
2.500000000000000000e+00 1.382000000000000028e+01
5.000000000000000000e+00 1.328999999999999915e+01
7.500000000000000000e+00 1.300000000000000000e+01
1.000000000000000000e+01 1.297000000000000064e+01
1.250000000000000000e+01 1.285999999999999943e+01
1.500000000000000000e+01 1.303999999999999915e+01
1.500000000000000000e+01 1.303999999999999915e+01
1.600000000000000000e+01 1.185999999999999943e+01
1.700000000000000000e+01 1.253999999999999915e+01
1.800000000000000000e+01 1.327999999999999936e+01
1.900000000000000000e+01 1.156000000000000050e+01
2.000000000000000000e+01 1.221000000000000085e+01
2.100000000000000000e+01 1.352999999999999936e+01
2.200000000000000000e+01 1.260999999999999943e+01
2.300000000000000000e+01 1.341999999999999993e+01
2.400000000000000000e+01 1.325000000000000000e+01
2.500000000000000000e+01 1.642000000000000171e+01
2.600000000000000000e+01 1.828999999999999915e+01
2.700000000000000000e+01 5.752000000000000313e+01
2.800000000000000000e+01 1.072999999999999972e+02
2.900000000000000000e+01 4.713000000000000256e+01
3.000000000000000000e+01 1.415200000000000102e+02
3.100000000000000000e+01 4.514999999999999858e+01
3.200000000000000000e+01 4.028000000000000114e+01
3.300000000000000000e+01 2.867000000000000171e+01
3.400000000000000000e+01 4.168999999999999773e+01
3.500000000000000000e+01 4.263000000000000256e+01
3.600000000000000000e+01 4.492000000000000171e+01
3.700000000000000000e+01 3.160000000000000142e+01
3.800000000000000000e+01 6.342999999999999972e+01
3.900000000000000000e+01 6.311999999999999744e+01
4.000000000000000000e+01 1.024099999999999966e+02
4.100000000000000000e+01 1.153400000000000034e+02
4.200000000000000000e+01 1.572899999999999920e+02
4.300000000000000000e+01 2.867699999999999818e+02
4.400000000000000000e+01 1.819799999999999898e+02
4.500000000000000000e+01 1.254000000000000057e+02
4.600000000000000000e+01 9.932999999999999829e+01
4.700000000000000000e+01 2.829700000000000273e+02
4.800000000000000000e+01 1.998400000000000034e+02
4.900000000000000000e+01 7.920999999999999375e+01
5.000000000000000000e+01 1.034000000000000057e+02
5.100000000000000000e+01 5.902000000000000313e+01
5.200000000000000000e+01 8.529000000000000625e+01
5.300000000000000000e+01 8.679999999999999716e+01
5.400000000000000000e+01 6.282999999999999829e+01
5.500000000000000000e+01 1.630999999999999943e+02
5.600000000000000000e+01 1.221400000000000006e+02
5.700000000000000000e+01 6.559000000000000341e+01
5.800000000000000000e+01 7.534000000000000341e+01
5.900000000000000000e+01 7.371999999999999886e+01
6.000000000000000000e+01 7.704999999999999716e+01
6.100000000000000000e+01 9.515999999999999659e+01
6.200000000000000000e+01 9.709000000000000341e+01
6.300000000000000000e+01 1.731899999999999977e+02
6.400000000000000000e+01 2.489799999999999898e+02
6.500000000000000000e+01 2.786800000000000068e+02
6.600000000000000000e+01 2.610799999999999841e+02
6.700000000000000000e+01 3.235400000000000205e+02
6.800000000000000000e+01 2.592200000000000273e+02
6.900000000000000000e+01 2.149600000000000080e+02
7.000000000000000000e+01 3.569200000000000159e+02
7.100000000000000000e+01 3.302200000000000273e+02
7.200000000000000000e+01 4.245899999999999750e+02
7.300000000000000000e+01 5.497500000000000000e+02
7.400000000000000000e+01 3.256700000000000159e+02
7.500000000000000000e+01 6.459900000000000091e+02
7.600000000000000000e+01 6.217500000000000000e+02
7.700000000000000000e+01 5.548200000000000500e+02
7.800000000000000000e+01 3.657300000000000182e+02
7.900000000000000000e+01 7.179700000000000273e+02
8.000000000000000000e+01 4.864700000000000273e+02
8.100000000000000000e+01 4.439200000000000159e+02
8.200000000000000000e+01 8.670099999999999909e+02
8.300000000000000000e+01 7.308500000000000227e+02
8.400000000000000000e+01 7.276399999999999864e+02
8.500000000000000000e+01 8.573099999999999454e+02
8.600000000000000000e+01 1.044490000000000009e+03
8.700000000000000000e+01 8.002100000000000364e+02
8.800000000000000000e+01 5.413099999999999454e+02
8.900000000000000000e+01 5.908600000000000136e+02
9.000000000000000000e+01 4.876100000000000136e+02
9.100000000000000000e+01 4.388500000000000227e+02
9.200000000000000000e+01 4.199499999999999886e+02
9.300000000000000000e+01 3.313700000000000045e+02
9.400000000000000000e+01 3.699300000000000068e+02
9.500000000000000000e+01 4.632799999999999727e+02
9.600000000000000000e+01 3.507799999999999727e+02
9.700000000000000000e+01 2.954800000000000182e+02
9.800000000000000000e+01 3.219300000000000068e+02
9.900000000000000000e+01 3.090600000000000023e+02
1.000000000000000000e+02 2.691000000000000227e+02
1.025000000000000000e+02 2.585400000000000205e+02
1.050000000000000000e+02 2.569300000000000068e+02
1.075000000000000000e+02 2.632400000000000091e+02
1.100000000000000000e+02 2.088199999999999932e+02
1.125000000000000000e+02 2.182299999999999898e+02
1.150000000000000000e+02 2.148100000000000023e+02
1.175000000000000000e+02 2.404799999999999898e+02
1.200000000000000000e+02 2.499499999999999886e+02
1.225000000000000000e+02 2.826499999999999773e+02
1.250000000000000000e+02 3.170299999999999727e+02
1.275000000000000000e+02 3.256800000000000068e+02
1.300000000000000000e+02 3.652799999999999727e+02
1.325000000000000000e+02 4.131000000000000227e+02
1.350000000000000000e+02 4.240400000000000205e+02
1.375000000000000000e+02 4.880199999999999818e+02
1.400000000000000000e+02 5.224500000000000455e+02
1.425000000000000000e+02 5.461399999999999864e+02
1.450000000000000000e+02 5.858400000000000318e+02
1.475000000000000000e+02 6.251100000000000136e+02
1.500000000000000000e+02 8.235000000000000000e+02
1.699989999999999952e+02 1.362539999999999964e+03
1.899989999999999952e+02 2.630750000000000000e+03
2.099989999999999952e+02 4.622720000000000255e+03
2.299989999999999952e+02 7.763390000000000327e+03
2.499989999999999952e+02 1.226295999999999913e+04
