#Parameters = {C=5e-15; L=3e-08; a=4000; eps_eff=6; r_i=49.75; r_o=53.15; t=0.1}
#"Frequency / GHz"	"Z1,1 [Real/Imaginary Part] [Re]"	"Z1,1 [Real/Imaginary Part] [Im]"
#-------------------------------------------------------------------------------------
1.0000000000000	116.28087477339	-3159.7946330810
1.9989999532700	28.917999704362	-1582.1503749674
2.9979999065399	12.706260937573	-1054.9759870952
3.9969999790192	7.0299760244134	-791.17578027382
4.9959998130798	4.4033809957986	-632.81209425455
5.9949998855591	2.9771110439114	-527.18707844456
6.9939999580383	2.1186759390875	-451.70477297188
7.9930000305176	1.5625842806044	-395.06443170805
8.9919996261597	1.1829486635263	-350.98661152515
9.9910001754761	0.91261455193328	-315.70326601067
10.989999771118	0.71407512086167	-286.81619400769
11.989000320435	0.56442291103734	-262.72663010671
12.987999916077	0.44932786170453	-242.32758879333
13.987000465393	0.35925879565437	-224.82840955025
14.986000061035	0.28786636834025	-209.64919851156
15.984999656677	0.23072581367577	-196.35498786289
16.983999252319	0.18457425096054	-184.61329330968
17.982999801636	0.14706585180556	-174.16536727592
18.982000350952	0.11644428263101	-164.80701440043
19.981000900269	0.091444984461598	-156.37480503313
20.979999542236	0.071012578821827	-148.73652498814
21.979000091553	0.054331624539631	-141.78395966363
22.978000640869	0.040811992424207	-135.42770632452
23.976999282837	0.029895004355593	-129.59325881344
24.975999832153	0.021214707638480	-124.21803375294
25.975000381470	0.014388359452651	-119.24912129021
26.974000930786	0.0091474504890245	-114.64135794590
27.972999572754	0.0053101605258869	-110.35608706870
28.972000122070	0.0026111826107305	-106.36000929975
29.971000671387	0.00093813606483611	-102.62419209725
30.969999313354	9.9317293877808e-05	-99.123511724494
31.968999862671	-3.7026471136801e-06	-95.835933869004
32.967998504639	0.00053599931843939	-92.742085287120
33.966999053955	0.0015808407342016	-89.824917121715
34.965999603271	0.0030869942233618	-87.069273206426
35.965000152588	0.0049637629626145	-84.461707853880
36.964000701904	0.0071482846180916	-81.990245814562
37.963001251221	0.0095716368049337	-79.644148805979
38.962001800537	0.012198876377537	-77.413727154093
39.960998535156	0.014985194637900	-75.290354688225
40.959999084473	0.017855719387644	-73.266184554873
41.958999633789	0.020811581043585	-71.334148872440
42.958000183105	0.023810755672216	-69.487755643586
43.957000732422	0.026808069742598	-67.721223248301
44.956001281738	0.029782089209901	-66.029197610642
45.955001831055	0.032715522412885	-64.406777118961
46.953998565674	0.035585249665975	-62.849548189788
47.952999114990	0.038370266289499	-61.353387168715
48.951999664307	0.041051735143709	-59.914546546447
49.951000213623	0.043614640599638	-58.529586368660
50.950000762939	0.046061482742489	-57.195324242707
51.949001312256	0.048370052977533	-55.908766540655
52.948001861572	0.050535033397708	-54.667267546355
53.946998596191	0.052554133806044	-53.468251706420
54.945999145508	0.054427410427830	-52.309361596492
55.944999694824	0.056142492228881	-51.188464272648
56.944000244141	0.057707172841337	-50.103508565390
57.943000793457	0.059123505288067	-49.052636368863
58.942001342773	0.060388626030089	-48.034073446377
59.941001892090	0.061516425028094	-47.046189471927
60.939998626709	0.062503557846121	-46.087441930606
61.938999176025	0.063362682309109	-45.156413395696
62.937999725342	0.064095995747690	-44.251734901824
63.937000274658	0.064719312809407	-43.372166662066
64.935997009277	0.065238374288227	-42.516505656230
65.934997558594	0.065657875335090	-41.683665199940
66.933998107910	0.065991747573754	-40.872622553053
67.932998657227	0.066260085843864	-40.082337428670
68.931999206543	0.066462475364945	-39.311930527128
69.930999755859	0.066621871321010	-38.560528197856
70.930000305176	0.066740330352946	-37.827296931199
71.929000854492	0.066829605509271	-37.111477094474
72.928001403809	0.066907969378220	-36.412339277539
73.927001953125	0.066981183214621	-35.729171985298
74.926002502441	0.067067336755223	-35.061319789937
75.925003051758	0.067173747854281	-34.408214079097
76.924003601074	0.067305130311289	-33.769213092092
77.922996520996	0.067476901298725	-33.143806510756
78.921997070313	0.067699366765343	-32.531443283508
79.920997619629	0.067979343042050	-31.931633585260
80.919998168945	0.068326132762668	-31.343927327088
81.918998718262	0.068746578525289	-30.767812735456
82.917999267578	0.069242909321010	-30.202933199879
83.916999816895	0.069821339195436	-29.648852459924
84.916000366211	0.070493695135675	-29.105179898317
85.915000915527	0.071263417297618	-28.571563895227
86.914001464844	0.072125775280386	-28.047638268320
87.913002014160	0.073084511984618	-27.533078008485
88.912002563477	0.074146125485629	-27.027560621666
89.911003112793	0.075302967587820	-26.530776075280
90.910003662109	0.076564039977096	-26.042440352457
91.908996582031	0.077925353903741	-25.562277109672
92.907997131348	0.079386567832595	-25.090005591183
93.906997680664	0.080943901759044	-24.625384350821
94.905998229980	0.082596779625754	-24.168158954246
95.904998779297	0.084339319062388	-23.718102799860
96.903999328613	0.086175944808867	-23.274970870691
97.902999877930	0.088087888483361	-22.838559804213
98.902000427246	0.090080211190688	-22.408649200140
99.901000976563	0.092155413206143	-21.985055989253
100.90000152588	0.094294956030749	-21.567562277454
101.89900207520	0.096508212317330	-21.155998039112
102.89800262451	0.098777372730731	-20.750170505274
103.89700317383	0.10110995426593	-20.349918650147
104.89600372314	0.10349423782417	-19.955060017391
105.89499664307	0.10592879728835	-19.565430116096
106.89399719238	0.10840450449263	-19.180875877758
107.89299774170	0.11092534573786	-18.801250599336
108.89199829102	0.11349003336909	-18.426397264967
109.89099884033	0.11608449863630	-18.056167533679
110.88999938965	0.11871207796480	-17.690441663183
111.88899993896	0.12137532421461	-17.329075097200
112.88800048828	0.12407122438119	-16.971930223923
113.88700103760	0.12678957845581	-16.618895615559
114.88600158691	0.12953591055871	-16.269833704789
115.88500213623	0.13231673147888	-15.924637922998
116.88400268555	0.13512230783670	-15.583186857891
117.88300323486	0.13795579147565	-15.245365410167
118.88200378418	0.14081931664997	-14.911081919875
119.88099670410	0.14371436798777	-14.580226609066
120.87999725342	0.14664730332041	-14.252685500250
121.87899780273	0.14961608334388	-13.928373779068
122.87799835205	0.15262645591681	-13.607191862868
123.87699890137	0.15567830747859	-13.289050238640
124.87599945068	0.15878246222902	-12.973866606419
125.87500000000	0.16192901035287	-12.661543315461
126.87400054932	0.16514016075017	-12.351996734105
127.87300109863	0.16840833681823	-12.045161668489
128.87199401855	0.17173700833787	-11.740941591776
129.87100219727	0.17513551336616	-11.439280393516
130.86999511719	0.17861075102006	-11.140086992903
131.86900329590	0.18215776331975	-10.843309232741
132.86799621582	0.18579463218209	-10.548855838452
133.86700439453	0.18951482056424	-10.256689339703
134.86599731445	0.19332750696385	-9.9667246795655
135.86500549316	0.19723846978136	-9.6789070424398
136.86399841309	0.20124614427585	-9.3931744257483
137.86300659180	0.20536076684726	-9.1094678536657
138.86199951172	0.20958452583508	-8.8277489669022
139.86099243164	0.21391668653584	-8.5479327677138
140.86000061035	0.21836573086530	-8.2699843835302
141.85899353027	0.22292958467788	-7.9938523664060
142.85800170898	0.22761780369827	-7.7194782156791
143.85699462891	0.23242676215937	-7.4468229130504
144.85600280762	0.23735950260549	-7.1758305057726
145.85499572754	0.24241960343913	-6.9064518576386
146.85400390625	0.24760990538109	-6.6386504201589
147.85299682617	0.25292959616852	-6.3723791110649
148.85200500488	0.25837795327426	-6.1075949632772
149.85099792480	0.26396186281982	-5.8442478359317
150.85000610352	0.26967389064919	-5.5823060437939
151.84899902344	0.27552101313040	-5.3217219866433
152.84800720215	0.28150177250805	-5.0624475724632
153.84700012207	0.28761688253939	-4.8044598756610
154.84599304199	0.29386784531471	-4.5476989798492
155.84500122070	0.30025148469359	-4.2921425746585
156.84399414063	0.30677067097037	-4.0377512923858
157.84300231934	0.31342746913581	-3.7844671525934
158.84199523926	0.32021656063593	-3.5322752290920
159.84100341797	0.32714309468745	-3.2811305996494
160.83999633789	0.33420747884503	-3.0309951553689
161.83900451660	0.34140721471629	-2.7818242190062
162.83799743652	0.34874555626903	-2.5335982033594
163.83700561523	0.35622445743487	-2.2862625667609
164.83599853516	0.36384326548436	-2.0397976267511
165.83500671387	0.37160566728948	-1.7941662226014
166.83399963379	0.37950928945583	-1.5493203997866
167.83299255371	0.38756311095258	-1.3052357656793
168.83200073242	0.39576276944562	-1.0618761704186
169.83099365234	0.40411649671889	-0.81921792009148
170.83000183105	0.41262241666533	-0.57720745666992
171.82899475098	0.42128896091933	-0.33582734769604
172.82800292969	0.43011408565616	-0.095036462034554
173.82699584961	0.43910710712176	0.14518830814304
174.82600402832	0.44826930819529	0.38488777801862
175.82499694824	0.45760444129336	0.62409061571949
176.82400512695	0.46712193047097	0.86282554590425
177.82299804688	0.47682448612995	1.1011268454917
178.82200622559	0.48671602281032	1.3390231179161
179.82099914551	0.49680162187866	1.5765422511798
180.82000732422	0.50709313308667	1.8137190010207
181.81900024414	0.51758812889621	2.0505685397881
182.81799316406	0.52829920905789	2.2871436345229
183.81700134277	0.53923040139420	2.5234478054162
184.81599426270	0.55038690967828	2.7595208718557
185.81500244141	0.56178055850577	2.9953791861651
186.81399536133	0.57341489551504	3.2310685912608
187.81300354004	0.58529673476489	3.4666039090257
188.81199645996	0.59743411914106	3.7020138083985
189.81100463867	0.60983184817931	3.9373257664216
190.80999755859	0.62249853494496	4.1725612496521
191.80900573730	0.63544419663242	4.4077424297506
192.80799865723	0.64867200188293	4.6429028907681
193.80700683594	0.66219159298422	4.8780645398999
194.80599975586	0.67600846641247	5.1132541066327
195.80499267578	0.69013029599421	5.3484945010193
196.80400085449	0.70456805384185	5.5838078872297
197.80299377441	0.71932240848329	5.8192266150305
198.80200195313	0.73440518050170	6.0547681456851
199.80099487305	0.74982438747547	6.2904596285289
200.80000305176	0.76558733861259	6.5263242156546
201.79899597168	0.78169887742110	6.7623881802097
202.79800415039	0.79816461787565	6.9986687712766
203.79699707031	0.81499801046760	7.2352075870853
204.79600524902	0.83220714055675	7.4720132914670
205.79499816895	0.84979419134519	7.7091207058518
206.79400634766	0.86777058620358	7.9465603770856
207.79299926758	0.88614094232844	8.1843327340038
208.79200744629	0.90492043438816	8.4224883594631
209.79100036621	0.92411083058662	8.6610421555207
210.78999328613	0.94372502846264	8.9000306655982
211.78900146484	0.96377162539342	9.1394648176622
212.78799438477	0.98426325094719	9.3793870371920
213.78700256348	1.0052028804811	9.6198195640519
214.78599548340	1.0266022665295	9.8607804072154
215.78500366211	1.0484757934483	10.102299359900
216.78399658203	1.0708318323801	10.344420966052
217.78300476074	1.0936764784543	10.587153332825
218.78199768066	1.1170355482899	10.830538016677
219.78100585938	1.1409037877087	11.074594773222
220.77999877930	1.1653104695188	11.319366364296
221.77900695801	1.1902580246207	11.564868748301
222.77799987793	1.2157620096030	11.811133272324
223.77699279785	1.2418399008588	12.058199377588
224.77600097656	1.2685036054605	12.306085122120
225.77499389648	1.2957707841912	12.554831386226
226.77400207520	1.3236618484646	12.804467369891
227.77299499512	1.3521840113806	13.055012964339
228.77200317383	1.3813620271036	13.306519906149
229.77099609375	1.4112111241516	13.558999310272
230.77000427246	1.4417498145541	13.812499266628
231.76899719238	1.4729982741901	14.067035622352
232.76800537109	1.5049813186330	14.322664960712
233.76699829102	1.5377097574762	14.579398845955
234.76600646973	1.5712110025854	14.837279193621
235.76499938965	1.6055107964490	15.096326599513
236.76400756836	1.6406270893052	15.356598217449
237.76300048828	1.6765783227085	15.618107167884
238.76199340820	1.7134061560670	15.880896834694
239.76100158691	1.7511155431431	16.145001662660
240.75999450684	1.7897491783154	16.410461389354
241.75900268555	1.8293228454049	16.677295580250
242.75799560547	1.8698597309708	16.945548763869
243.75700378418	1.9114025906701	17.215258804407
244.75599670410	1.9539729681432	17.486462035096
245.75500488281	1.9975995799859	17.759196266037
246.75399780273	2.0423210026429	18.033500820989
247.75300598145	2.0881598242332	18.309391419171
248.75199890137	2.1351513224358	18.586942978693
249.75100708008	2.1833269474116	18.866165209060
250.75000000000	2.2327290985354	19.147112373983
251.74899291992	2.2833847106063	19.429817008395
252.74800109863	2.3353286594754	19.714313572109
253.74699401855	2.3886121072961	20.000666233141
254.74600219727	2.4432650709277	20.288901377455
255.74499511719	2.4993303245094	20.579053959237
256.74398803711	2.5568449519888	20.871182279192
257.74301147461	2.6158572916203	21.165324581783
258.74200439453	2.6764107840163	21.461522329369
259.74099731445	2.7385478982084	21.759829601475
260.73999023438	2.8023249671266	22.060284480956
261.73901367188	2.8677796242912	22.362939182905
262.73800659180	2.9349648297368	22.667850629131
263.73699951172	3.0039378965405	22.975040049832
264.73599243164	3.0747569665597	23.284586668609
265.73498535156	3.1474763433759	23.596530961111
266.73400878906	3.2221414532205	23.910914420529
267.73300170898	3.2988281106837	24.227815092102
268.73199462891	3.3775962574153	24.547261956722
269.73098754883	3.4585149919761	24.869321167242
270.73001098633	3.5416382554735	25.194043593574
271.72900390625	3.6270542218050	25.521493984279
272.72799682617	3.7148275074723	25.851723714660
273.72698974609	3.8050400913840	26.184793843508
274.72601318359	3.8977534595000	26.520751226657
275.72500610352	3.9930783604319	26.859686898120
276.72399902344	4.0910777713070	27.201620095049
277.72299194336	4.1918558084555	27.546654208640
278.72198486328	4.2954913905380	27.894827155730
279.72100830078	4.4020993481281	28.246210938226
280.72000122070	4.5117621364660	28.600871087609
281.71899414063	4.6245901617050	28.958865872084
282.71798706055	4.7406985175452	29.320275995671
283.71701049805	4.8601964480411	29.685160768633
284.71600341797	4.9831986479082	30.053586062996
285.71499633789	5.1098271268049	30.425605316484
286.71398925781	5.2402130773190	30.801328513393
287.71301269531	5.3744952028803	31.180795354365
288.71200561523	5.5127978415346	31.564071875742
289.71099853516	5.6552730065656	31.951247948357
290.70999145508	5.8020694066977	32.342384472009
291.70901489258	5.9533429375176	32.737553600945
292.70800781250	6.1092502989639	33.136822524114
293.70700073242	6.2699741218698	33.540277248349
294.70599365234	6.4356726480359	33.947972308594
295.70498657227	6.6065457740622	34.359997892002
296.70401000977	6.7827750335073	34.776410295047
297.70300292969	6.9645580746449	35.197284981211
298.70199584961	7.1521053051970	35.622698477946
299.70098876953	7.3456277589993	36.052708072334
300.70001220703	7.5453622129514	36.487395301679
301.69900512695	7.7515319933904	36.926835314046
302.69799804688	7.9643804829944	37.371074478514
303.69699096680	8.1841660755292	37.820190143606
304.69601440430	8.4111545294495	38.274239409433
305.69500732422	8.6456275639460	38.733297478905
306.69400024414	8.8878659500714	39.197410123852
307.69299316406	9.1381661825136	39.666637586225
308.69198608398	9.3968617823877	40.141050239092
309.69100952148	9.6642566345625	40.620665900797
310.69000244141	9.9407088796031	41.105549276599
311.68899536133	10.226563801131	41.595733586932
312.68798828125	10.522205098195	42.091262673341
313.68701171875	10.828013314347	42.592178298346
314.68600463867	11.144394234236	43.098471408956
315.68499755859	11.471772952125	43.610175916837
316.68399047852	11.810593245264	44.127308018653
317.68301391602	12.161307648718	44.649852992540
318.68200683594	12.524400209514	45.177805886293
319.68099975586	12.900379294735	45.711146072673
320.67999267578	13.289766418110	46.249832295449
321.67898559570	13.693099643184	46.793809480796
322.67800903320	14.110951525368	47.343037937026
323.67700195313	14.543917686456	47.897412891159
324.67599487305	14.992613194555	48.456835184683
325.67498779297	15.457687351419	49.021205309069
326.67401123047	15.939805862094	49.590342187006
327.67300415039	16.439683392730	50.164130375354
328.67199707031	16.958031844332	50.742322453325
329.67098999023	17.495614666235	51.324721854261
330.67001342773	18.053222118695	51.911059053684
331.66900634766	18.631677269900	52.501053249303
332.66799926758	19.231816789424	53.094372686317
333.66699218750	19.854523610838	53.690611999068
334.66598510742	20.500724100023	54.289377012695
335.66500854492	21.171354553353	54.890174469388
336.66400146484	21.867393212678	55.492492777962
337.66299438477	22.589832475091	56.095731666404
338.66198730469	23.339740561290	56.699235748504
339.66101074219	24.118172211465	57.302263962284
340.66000366211	24.926210154371	57.904036829827
341.65899658203	25.765004962535	58.503655367830
342.65798950195	26.635676047544	59.100121975766
343.65701293945	27.539399717422	59.692365542458
344.65600585938	28.477374877146	60.279218030225
345.65499877930	29.450792282139	60.859375494387
346.65399169922	30.460844624187	61.431407239807
347.65301513672	31.508755175205	61.993781708871
348.65200805664	32.595721454035	62.544790106324
349.65100097656	33.722935683230	63.082622069876
350.64999389648	34.891533015555	63.605258856598
351.64898681641	36.102670573298	64.110563935026
352.64801025391	37.357411171773	64.596177349012
353.64700317383	38.656774608950	65.059616636309
354.64599609375	40.001682983524	65.498143035048
355.64498901367	41.392956286981	65.908829165061
356.64401245117	42.831344351495	66.288613134000
357.64300537109	44.317375814009	66.634090520901
358.64199829102	45.851469196364	66.941788387310
359.64099121094	47.433816507448	67.207905171911
360.64001464844	49.064388129361	67.428487287083
361.63900756836	50.742908312875	67.599334466669
362.63800048828	52.468734797946	67.716022554436
363.63699340820	54.241047711435	67.774054663211
364.63598632813	56.058479874198	67.768598684175
365.63500976563	57.919324655197	67.694769736583
366.63400268555	59.821487834011	67.547571364782
367.63299560547	61.762253277841	67.321825986556
368.63198852539	63.738510393138	67.012425260432
369.63101196289	65.746439130348	66.614182119189
370.63000488281	67.781803435290	66.122004208846
371.62899780273	69.839544048563	65.530943589554
372.62799072266	71.914041375716	64.836220646284
373.62701416016	73.999068787676	64.033368440400
374.62600708008	76.087637826308	63.118311807628
375.62500000000	78.172236152721	62.087397466890
376.62399291992	80.244499065369	60.937591749624
377.62298583984	82.295686021078	59.666495322202
378.62200927734	84.316442891803	58.272503251923
379.62100219727	86.296893809889	56.754884766840
380.61999511719	88.226987339842	55.113830767445
381.61898803711	90.096047670726	53.350622067359
382.61801147461	91.893689106834	51.467588194810
383.61700439453	93.609257875831	49.468271912291
384.61599731445	95.232279078281	47.357366765748
385.61499023438	96.752683577467	45.140787910270
386.61401367188	98.160815160323	42.825584384519
387.61300659180	99.447665456119	40.419937909125
388.61199951172	100.60507106088	37.933113275147
389.61099243164	101.62580077331	35.375278347843
390.60998535156	102.50368277512	32.757447468527
391.60900878906	103.23379304821	30.091298876323
392.60800170898	103.81246752333	27.389034737375
393.60699462891	104.23738515924	24.663171316173
394.60598754883	104.50762217350	21.926368574009
395.60501098633	104.62361267162	19.191247313042
396.60400390625	104.58715113909	16.470202058714
397.60299682617	104.40132708612	13.775222841541
398.60198974609	104.07038351009	11.117730161866
399.60101318359	103.59973150078	8.5084499485337
400.60000610352	102.99568381584	5.9572855789553
401.59899902344	102.26544687560	3.4732208218482
402.59799194336	101.41687598212	1.0642527545167
403.59698486328	100.45834967564	-1.2626547591491
404.59600830078	99.398683405425	-3.5015901901142
405.59500122070	98.246905516934	-5.6476948387090
406.59399414063	97.012158068501	-7.6971400771107
407.59298706055	95.703579868451	-9.6470930837827
408.59201049805	94.330190026455	-11.495658692589
409.59100341797	92.900755112998	-13.241813356097
410.58999633789	91.423782514778	-14.885343270478
411.58898925781	89.907374466795	-16.426753823387
412.58801269531	88.359230390577	-17.867200125280
413.58700561523	86.786585569732	-19.208396424305
414.58599853516	85.196173164228	-20.452539867981
415.58499145508	83.594235889095	-21.602243599790
416.58401489258	81.986493334060	-22.660439885409
417.58300781250	80.378171868376	-23.630338526280
418.58200073242	78.773977133499	-24.515342651899
419.58099365234	77.178154934525	-25.319009112399
420.57998657227	75.594467809897	-26.044995202964
421.57901000977	74.026249985804	-26.696994380707
422.57800292969	72.476414022367	-27.278725257077
423.57699584961	70.947480379387	-27.793893075632
424.57598876953	69.441618953021	-28.246135137615
425.57501220703	67.960659670821	-28.639035909700
426.57400512695	66.506126025218	-28.976077488209
427.57299804688	65.079269181866	-29.260650899429
428.57199096680	63.681095648189	-29.496009773036
429.57101440430	62.312364095523	-29.685294729324
430.57000732422	60.973641481670	-29.831516105299
431.56900024414	59.665322497095	-29.937550072357
432.56799316406	58.387637095531	-30.006132327295
433.56698608398	57.140648457274	-30.039851769631
434.56600952148	55.924336853647	-30.041170150690
435.56500244141	54.738534050587	-30.012426797564
436.56399536133	53.583010137322	-29.955803122218
437.56298828125	52.457441321811	-29.873383437135
438.56201171875	51.361430352492	-29.767092112927
439.56100463867	50.294521668912	-29.638772273669
440.55999755859	49.256227606986	-29.490126192512
441.55899047852	48.246008605730	-29.322769487905
442.55801391602	47.263291446150	-29.138196691355
443.55700683594	46.307469522012	-28.937805666667
444.55599975586	45.377958458437	-28.722914103347
445.55499267578	44.474096992720	-28.494739138244
446.55398559570	43.595265787417	-28.254424315035
447.55300903320	42.740811008596	-28.003020571767
448.55200195313	41.910097811210	-27.741530597512
449.55099487305	41.102470172572	-27.470851584232
450.54998779297	40.317297487995	-27.191852343080
451.54901123047	39.553935059919	-26.905313754985
452.54800415039	38.811755958376	-26.611978654005
453.54699707031	38.090158550283	-26.312528460273
454.54598999023	37.388514527979	-26.007589102620
455.54501342773	36.706240782192	-25.697756277157
456.54400634766	36.042741913742	-25.383558242265
457.54299926758	35.397461891082	-25.065509721968
458.54199218750	34.769829974376	-24.744067683763
459.54098510742	34.159310486842	-24.419663489610
460.54000854492	33.565381468335	-24.092694505703
461.53900146484	32.987514495466	-23.763524441871
462.53799438477	32.425227406706	-23.432494797072
463.53698730469	31.878021959149	-23.099909377481
464.53601074219	31.345433881276	-22.766059521459
465.53500366211	30.827008408257	-22.431213281243
466.53399658203	30.322291059654	-22.095604533085
467.53298950195	29.830875556926	-21.759468542557
468.53201293945	29.352329462943	-21.422999225929
469.53100585938	28.886263301923	-21.086387209178
470.52999877930	28.432290000121	-20.749817912124
471.52899169922	27.990024258704	-20.413425020226
472.52801513672	27.559108469030	-20.077372422878
473.52700805664	27.139198197299	-19.741781881879
474.52600097656	26.729948718168	-19.406777967395
475.52499389648	26.331035268685	-19.072465418104
476.52398681641	25.942148184618	-18.738951004093
477.52301025391	25.562968065900	-18.406310492411
478.52200317383	25.193219677349	-18.074640665054
479.52099609375	24.832600462608	-17.744006363852
480.51998901367	24.480854132382	-17.414475600377
481.51901245117	24.137700563126	-17.086104526129
482.51800537109	23.802885950744	-16.758943768924
483.51699829102	23.476171195837	-16.433048438184
484.51599121094	23.157312671996	-16.108447013432
485.51501464844	22.846079638128	-15.785184095673
486.51400756836	22.542249062628	-15.463283148471
487.51300048828	22.245607694130	-15.142777346617
488.51199340820	21.955955071341	-14.823685951761
489.51098632813	21.673078863119	-14.506034297059
490.51000976563	21.396794547677	-14.189822485160
491.50900268555	21.126908262394	-13.875079247305
492.50799560547	20.863248705503	-13.561801627845
493.50698852539	20.605637581112	-13.250001312452
494.50601196289	20.353897262626	-12.939669603541
495.50500488281	20.107882417452	-12.630826116087
496.50399780273	19.867429260488	-12.323462454791
497.50299072266	19.632380067046	-12.017568093313
498.50201416016	19.402598513966	-11.713148457244
499.50100708008	19.177934645104	-11.410189552902
500.50000000000	18.958261557765	-11.108686969543
501.49899291992	18.743435011715	-10.808627505184
502.49798583984	18.533339718447	-10.510001801872
503.49700927734	18.327843136049	-10.212800665054
504.49600219727	18.126833620734	-9.9170086570016
505.49499511719	17.930192479531	-9.6226010578337
506.49398803711	17.737806434293	-9.3295771172518
507.49301147461	17.549576445472	-9.0379083661987
508.49200439453	17.365389707415	-8.7475855265120
509.49099731445	17.185146678238	-8.4585835904006
510.48999023438	17.008762236059	-8.1708926160167
511.48901367188	16.836130273204	-7.8844854591166
512.48797607422	16.667166938366	-7.5993464734361
513.48699951172	16.501776521558	-7.3154567653652
514.48602294922	16.339889441912	-7.0327894325477
515.48498535156	16.181410253041	-6.7513206341780
516.48400878906	16.026267872092	-6.4710444232738
517.48297119141	15.874385755917	-6.1919325830587
518.48199462891	15.725688934286	-5.9139508255562
519.48101806641	15.580107298796	-5.6370910662390
520.47998046875	15.437569530558	-5.3613258966006
521.47900390625	15.298008776322	-5.0866341819291
522.47802734375	15.161365867078	-4.8129971094537
523.47698974609	15.027574009167	-4.5403785296480
524.47601318359	14.896582367065	-4.2687740802708
525.47497558594	14.768316348702	-3.9981495498071
526.47399902344	14.642735133734	-3.7284829752151
527.47302246094	14.519779813115	-3.4597537970202
528.47198486328	14.399399324912	-3.1919374439391
529.47100830078	14.281534669416	-2.9250112065681
530.46997070313	14.166148706718	-2.6589545780774
531.46899414063	14.053188902246	-2.3937488637974
532.46801757813	13.942605697144	-2.1293642074471
533.46697998047	13.834367713324	-1.8657818223106
534.46600341797	13.728416894433	-1.6029703805334
535.46502685547	13.624717841886	-1.3409191989592
536.46398925781	13.523232939751	-1.0796014063167
537.46301269531	13.423925990982	-0.81899456539585
538.46197509766	13.326750385173	-0.55908078595705
539.46099853516	13.231675789772	-0.29983050563173
540.46002197266	13.138668355652	-0.041219242117163
541.45898437500	13.047695761410	0.21676158600889
542.45800781250	12.958720060229	0.47414883839265
543.45697021484	12.871709637645	0.73095229744923
544.45599365234	12.786640994113	0.98720446750713
545.45501708984	12.703482814741	1.2429215349385
546.45397949219	12.622202657638	1.4981257234956
547.45300292969	12.542773961729	1.7528405387617
548.45202636719	12.465174057571	2.0070832603382
549.45098876953	12.389381081482	2.2608781506211
550.45001220703	12.315359880667	2.5142542479280
551.44897460938	12.243094278445	2.7672206284698
552.44799804688	12.172565740959	3.0198019099419
553.44702148438	12.103739832576	3.2720286360530
554.44598388672	12.036607783693	3.5239162609224
555.44500732422	11.971147470654	3.7754855098164
556.44396972656	11.907335495417	4.0267569917647
557.44299316406	11.845160120628	4.2777578374821
558.44201660156	11.784593560089	4.5285036272513
559.44097900391	11.725633329179	4.7790180241693
560.44000244141	11.668257293088	5.0293226768721
561.43902587891	11.612448719492	5.2794398357231
562.43798828125	11.558196251032	5.5293922714938
563.43701171875	11.505482019989	5.7791925529924
564.43597412109	11.454303318486	6.0288759791801
565.43499755859	11.404641592362	6.2784554566137
566.43402099609	11.356485385808	6.5279482991775
567.43298339844	11.309829358521	6.7773902491904
568.43200683594	11.264659737599	7.0267847491074
569.43103027344	11.220968149011	7.2761668701347
570.42999267578	11.178747266269	7.5255501475936
571.42901611328	11.137989475646	7.7749623412107
572.42797851563	11.098696219767	8.0244169902594
573.42700195313	11.060846287649	8.2739371638949
574.42602539063	11.024444705877	8.5235467740776
575.42498779297	10.989489885445	8.7732708505751
576.42401123047	10.955970857458	9.0231208388268
577.42297363281	10.923890839670	9.2731268594634
578.42199707031	10.893238636847	9.5232990396944
579.42102050781	10.864023779775	9.7736674269111
580.41998291016	10.836236121410	10.024251482321
581.41900634766	10.809877428020	10.275073100689
582.41802978516	10.784946879871	10.526143509529
583.41699218750	10.761455190676	10.777498346559
584.41601562500	10.739389517397	11.029140480654
585.41497802734	10.718764243758	11.281112795053
586.41400146484	10.699572543023	11.533413678786
587.41302490234	10.681821675519	11.786083200403
588.41198730469	10.665520272620	12.039135130371
589.41101074219	10.650664440420	12.292586460413
590.40997314453	10.637268181053	12.546455182525
591.40899658203	10.625331427596	12.800776868114
592.40802001953	10.614857920844	13.055557304802
593.40698242188	10.605870875448	13.310823333439
594.40600585938	10.598356510632	13.566591119918
595.40502929688	10.592338902253	13.822900500664
596.40399169922	10.587823181650	14.079753142012
597.40301513672	10.584816513472	14.337175520580
598.40197753906	10.583334631386	14.595189236263
599.40100097656	10.583383890433	14.853816172178
600.40002441406	10.584982506646	15.113077596332
601.39898681641	10.588138401812	15.372991786529
602.39801025391	10.592859365101	15.633593827064
603.39697265625	10.599173250524	15.894884424752
604.39599609375	10.607084099470	16.156900175091
605.39501953125	10.616618456567	16.419663450305
606.39398193359	10.627786039682	16.683190736067
607.39300537109	10.640599812022	16.947499845214
608.39202880859	10.655093650990	17.212626512227
609.39099121094	10.671269621646	17.478592578082
610.39001464844	10.689161548062	17.745402633401
611.38897705078	10.708780980973	18.013090370004
612.38800048828	10.730151520353	18.281681386726
613.38702392578	10.753297308108	18.551198476312
614.38598632813	10.778252499082	18.821665035318
615.38500976563	10.805030970070	19.093100444442
616.38397216797	10.833660903037	19.365518457573
617.38299560547	10.864167130999	19.638961142866
618.38201904297	10.896582240066	19.913436914019
619.38098144531	10.930939215175	20.188985559891
620.38000488281	10.967262872547	20.465612934045
621.37902832031	11.005588358778	20.743354759006
622.37799072266	11.045943004432	21.022216825765
623.37701416016	11.088372401888	21.302252855609
624.37597656250	11.132901414932	21.583457018289
625.37500000000	11.179572408709	21.865866403997
626.37402343750	11.228423380185	22.149504319440
627.37298583984	11.279492313678	22.434383048756
628.37200927734	11.332828793678	22.720543380315
629.37097167969	11.388459114407	23.007995326046
630.36999511719	11.446442839743	23.296765941967
631.36901855469	11.506827766614	23.586895095793
632.36798095703	11.569640597961	23.878367571567
633.36700439453	11.634959900396	24.171237529791
634.36602783203	11.702809024528	24.465514607404
635.36499023438	11.773255964135	24.761226475601
636.36401367188	11.846356192631	25.058394602114
637.36297607422	11.922156375089	25.357033490100
638.36199951172	12.000715296470	25.657178516909
639.36102294922	12.082099024834	25.958832463652
640.35998535156	12.166364250834	26.262024020682
641.35900878906	12.253580805907	26.566781544676
642.35797119141	12.343814167727	26.873114469300
643.35699462891	12.437128274019	27.181059481899
644.35601806641	12.533587529011	27.490610459007
645.35498046875	12.633275467683	27.801811034165
646.35400390625	12.736263714149	28.114668242015
647.35302734375	12.842622631179	28.429187578455
648.35198974609	12.952440947306	28.745395419690
649.35101318359	13.065796979256	29.063315570542
650.34997558594	13.182776323393	29.382963020386
651.34899902344	13.303461067341	29.704320981931
652.34802246094	13.427948596883	30.027453894434
653.34698486328	13.556329531404	30.352340424159
654.34600830078	13.688699529166	30.678996044404
655.34497070313	13.825154775088	31.007431243921
656.34399414063	13.965804582245	31.337672166903
657.34301757813	14.110752890572	31.669712294852
658.34197998047	14.260100142512	32.003542760595
659.34100341797	14.413968531540	32.339201576925
660.34002685547	14.572466512513	32.676660213831
661.33898925781	14.735718882071	33.015956059868
662.33801269531	14.903846019218	33.357054100329
663.33697509766	15.076976002367	33.699968704280
664.33599853516	15.255245748025	34.044712865910
665.33502197266	15.438775537241	34.391231972082
666.33398437500	15.627718680754	34.739564859077
667.33300781250	15.822212996312	35.089665672574
668.33197021484	16.022409119797	35.441536304472
669.33099365234	16.228451010698	35.795144968633
670.33001708984	16.440518994376	36.150496200457
671.32897949219	16.658746153690	36.507540071561
672.32800292969	16.883318895627	36.866257057892
673.32702636719	17.114407832950	37.226613835768
674.32598876953	17.352187414188	37.588574421646
675.32501220703	17.596831361531	37.952078578401
676.32397460938	17.848545826404	38.317108740360
677.32299804688	18.107506851643	38.683580217088
678.32202148438	18.373924350729	39.051467210111
679.32098388672	18.648001207774	39.420684483773
680.32000732422	18.929962631659	39.791193646636
681.31896972656	19.219983728347	40.162848849207
682.31799316406	19.518318315779	40.535610513537
683.31701660156	19.825201860991	40.909400627877
684.31597900391	20.140839745082	41.284063474681
685.31500244141	20.465482428766	41.659522894161
686.31402587891	20.799393165119	42.035668328497
687.31298828125	21.142806770442	42.412352079801
688.31201171875	21.495979473807	42.789429661716
689.31097412109	21.859187218907	43.166782518580
690.30999755859	22.232678194859	43.544184030507
691.30902099609	22.616739947457	43.921513877109
692.30798339844	23.011664117177	44.298546511174
693.30700683594	23.417720422466	44.675102678314
694.30603027344	23.835203624128	45.050953730560
695.30499267578	24.264394815503	45.425839211986
696.30401611328	24.705602618626	45.799517928030
697.30297851563	25.159144981242	46.171752555560
698.30200195313	25.625317501967	46.542226789464
699.30102539063	26.104432444883	46.910620881870
700.29998779297	26.596789152548	47.276627678775
701.29901123047	27.102711078065	47.639878237610
702.29797363281	27.622536249848	48.000027811474
703.29699707031	28.156534475611	48.356637100029
704.29602050781	28.705061782754	48.709326671570
705.29498291016	29.268412446728	49.057614052931
706.29400634766	29.846900150153	49.401033454268
707.29302978516	30.440839319772	49.739099497514
708.29199218750	31.050526267757	50.071258703272
709.29101562500	31.676263012803	50.396950342942
710.28997802734	32.318318242892	50.715580121376
711.28900146484	32.976986802123	51.026518635205
712.28802490234	33.652524925318	51.329097459807
713.28698730469	34.345182160133	51.622614642044
714.28601074219	35.055188512485	51.906350894566
715.28497314453	35.782766289268	52.179519384574
716.28399658203	36.528085383440	52.441299740212
717.28302001953	37.291352143203	52.690870712582
718.28198242188	38.072659633217	52.927326306522
719.28100585938	38.872150225843	53.149746896551
720.28002929688	39.689883484727	53.357147022260
721.27899169922	40.525875047828	53.548532932645
722.27801513672	41.380139215902	53.722850810577
723.27697753906	42.252593936370	53.879005720842
724.27600097656	43.143149907843	54.015867411431
725.27502441406	44.051632052975	54.132290738173
726.27398681641	44.977822751672	54.227078015844
727.27301025391	45.921415632938	54.298972316429
728.27197265625	46.882035690847	54.346718998187
729.27099609375	47.859270753479	54.369035978692
730.27001953125	48.852577940176	54.364599202664
731.26898193359	49.861338578451	54.332055887013
732.26800537109	50.884867150137	54.270070435725
733.26702880859	51.922349693999	54.177270835136
734.26599121094	52.972890362496	54.052299266698
735.26501464844	54.035478532481	53.893783124559
736.26397705078	55.108982516668	53.700369926349
737.26300048828	56.192180585266	53.470742204925
738.26202392578	57.283684935960	53.203562602645
739.26098632813	58.382045311106	52.897592994177
740.26000976563	59.485655320940	52.551602333507
741.25897216797	60.592783781471	52.164444192740
742.25799560547	61.701571898573	51.735023578166
743.25701904297	62.810067126415	51.262368974164
744.25598144531	63.916160084118	50.745540108357
745.25500488281	65.017645036957	50.183778329163
746.25402832031	66.112200377980	49.576414560585
747.25299072266	67.197398485470	48.922921769597
748.25201416016	68.270714003757	48.222928570335
749.25097656250	69.329540382809	47.476218384457
750.25000000000	70.371201969792	46.682768881529
751.24902343750	71.392945420989	45.842729831881
752.24798583984	72.391994023560	44.956463231437
753.24700927734	73.365515542692	44.024516102274
754.24597167969	74.310698169139	43.047668205809
755.24499511719	75.224718497061	42.026920811760
756.24401855469	76.104772449071	40.963468822977
757.24298095703	76.948136691292	39.858777883838
758.24200439453	77.752135342741	38.714500346301
759.24102783203	78.514196661732	37.532520906899
760.23999023438	79.231861101272	36.314944139692
761.23901367188	79.902812029852	35.064060763643
762.23797607422	80.524888898445	33.782379342227
763.23699951172	81.096105432388	32.472562542927
764.23602294922	81.614673350386	31.137467669432
765.23498535156	82.079019514316	29.780070460562
766.23400878906	82.487802681664	28.403486362949
767.23297119141	82.839912150054	27.010927610859
768.23199462891	83.134484585068	25.605690626597
769.23101806641	83.370919179481	24.191126738935
770.22998046875	83.548876712904	22.770614077815
771.22900390625	83.668275033354	21.347548461130
772.22802734375	83.729284453981	19.925295249688
773.22698974609	83.732339673320	18.507184011300
774.22601318359	83.678114221966	17.096471097914
775.22497558594	83.567534591780	15.696333003780
776.22399902344	83.401723016325	14.309827561666
777.22302246094	83.182025497372	12.939885589301
778.22198486328	82.910004933974	11.589302824740
779.22100830078	82.587369091811	10.260700601892
780.21997070313	82.215996847405	8.9565380805257
781.21899414063	81.797913162272	7.6790898346281
782.21801757813	81.335256080497	6.4304393240190
783.21697998047	80.830262367861	5.2124752639154
784.21600341797	80.285248288939	4.0268867134973
785.21502685547	79.702597859727	2.8751656848973
786.21398925781	79.084724517286	1.7586033444674
787.21301269531	78.434078494308	0.67829896748308
788.21197509766	77.753107945833	-0.36484145979609
789.21099853516	77.044255919637	-1.3700955596820
790.21002197266	76.309943650692	-2.3369191305761
791.20898437500	75.552548325657	-3.2649350904221
792.20800781250	74.774408252596	-4.1539279005169
793.20697021484	73.977803078857	-5.0038322609018
794.20599365234	73.164931733901	-5.8147196803442
795.20501708984	72.337927983845	-6.5867930915197
796.20397949219	71.498843174037	-7.3203710589379
797.20300292969	70.649645277595	-8.0158830308274
798.20202636719	69.792202578134	-8.6738535465569
799.20098876953	68.928297274857	-9.2948889499465
800.20001220703	68.059609614609	-9.8796761859599
801.19897460938	67.187734667357	-10.428970248441
802.19799804688	66.314158100830	-10.943578790007
803.19702148438	65.440279675781	-11.424358330567
804.19598388672	64.567400154634	-11.872205540510
805.19500732422	63.696727531458	-12.288050190446
806.19396972656	62.829382603633	-12.672847693221
807.19299316406	61.966399351740	-13.027570171424
808.19201660156	61.108721440481	-13.353204770471
809.19097900391	60.257218312116	-13.650740530064
810.19000244141	59.412674626948	-13.921170837130
811.18902587891	58.575805477114	-14.165492546066
812.18798828125	57.747253878701	-14.384686574717
813.18701171875	56.927596599449	-14.579729103481
814.18597412109	56.117348588232	-14.751585827543
815.18499755859	55.316958748568	-14.901197340371
816.18402099609	54.526831057488	-15.029500581742
817.18298339844	53.747305300633	-15.137400935839
818.18200683594	52.978682477550	-15.225789415611
819.18103027344	52.221210798180	-15.295527747793
820.17999267578	51.475097411669	-15.347460048775
821.17901611328	50.740517498675	-15.382402285013
822.17797851563	50.017598269644	-15.401147476309
823.17700195313	49.306441936293	-15.404464941107
824.17602539063	48.607121647260	-15.393090371435
825.17498779297	47.919669880510	-15.367740316400
826.17401123047	47.244105549692	-15.329104357719
827.17297363281	46.580422748708	-15.277845921430
828.17199707031	45.928590718113	-15.214600473862
829.17102050781	45.288563614721	-15.139985905497
830.16998291016	44.660266437057	-15.054583099411
831.16900634766	44.043627337985	-14.958962700489
832.16802978516	43.438539242322	-14.853662424804
833.16699218750	42.844909569962	-14.739196727869
834.16601562500	42.262598131824	-14.616060668320
835.16497802734	41.691498060872	-14.484730035557
836.16400146484	41.131454399449	-14.345650650667
837.16302490234	40.582329408406	-14.199258476407
838.16198730469	40.043974234333	-14.045965525249
839.16101074219	39.516219799155	-13.886155108823
840.15997314453	38.998916305672	-13.720207984683
841.15899658203	38.491888577006	-13.548469396508
842.15802001953	37.994980858009	-13.371291698560
843.15698242188	37.508012086744	-13.188989307980
844.15600585938	37.030811254579	-13.001860921714
845.15502929688	36.563211633477	-12.810214661577
846.15399169922	36.105031156636	-12.614310704879
847.15301513672	35.656091394963	-12.414406684690
848.15197753906	35.216234870232	-12.210768464437
849.15100097656	34.785267245953	-12.003614091968
850.15002441406	34.363033154604	-11.793184152946
851.14898681641	33.949353809663	-11.579677168248
852.14801025391	33.544061660738	-11.363301101630
853.14697265625	33.146983083864	-11.144240825773
854.14599609375	32.757959452839	-10.922682243809
855.14501953125	32.376824738354	-10.698787049497
856.14398193359	32.003410407183	-10.472729011704
857.14300537109	31.637566461158	-10.244646695282
858.14202880859	31.279133271287	-10.014694765450
859.14099121094	30.927953593916	-9.7830034229045
860.14001464844	30.583878194105	-9.5497052620370
861.13897705078	30.246757833830	-9.3149182526112
862.13800048828	29.916450968224	-9.0787601874669
863.13702392578	29.592806089725	-8.8413398015170
864.13598632813	29.275692834999	-8.6027594419474
865.13500976563	28.964966928597	-8.3631134028817
866.13397216797	28.660499074627	-8.1224946725949
867.13299560547	28.362157122669	-7.8809968912387
868.13201904297	28.069805900278	-7.6386840856403
869.13098144531	27.783328702058	-7.3956514237357
870.13000488281	27.502598948116	-7.1519604881477
871.12902832031	27.227495114657	-6.9076774378957
872.12799072266	26.957902496025	-6.6628736019656
873.12701416016	26.693705156417	-6.4176095764326
874.12597656250	26.434791899428	-6.1719421320105
875.12500000000	26.181050794095	-5.9259134172832
876.12402343750	25.932378684663	-5.6795911308992
877.12298583984	25.688669457361	-5.4330085434920
878.12200927734	25.449818882245	-5.1862122990324
879.12097167969	25.215729724624	-4.9392524289281
880.11999511719	24.986309435733	-4.6921598588418
881.11901855469	24.761454776404	-4.4449717885162
882.11798095703	24.541077211441	-4.1977197170711
883.11700439453	24.325087854947	-3.9504406384457
884.11602783203	24.113397114119	-3.7031666532623
885.11499023438	23.905915386672	-3.4559171601184
886.11401367188	23.702562614263	-3.2087165122057
887.11297607422	23.503256566816	-2.9615976126954
888.11199951172	23.307918238242	-2.7145777190896
889.11102294922	23.116465477983	-2.4676741003845
890.10998535156	22.928825826763	-2.2209042397545
891.10900878906	22.744925220638	-1.9742858223181
892.10797119141	22.564687885384	-1.7278408189053
893.10699462891	22.388045440853	-1.4815693354567
894.10601806641	22.214929803039	-1.2354951228581
895.10498046875	22.045272004079	-0.98962430834906
896.10400390625	21.879005990779	-0.74395933654514
897.10302734375	21.716071236080	-0.49851840092022
898.10198974609	21.556405721068	-0.25330692423837
899.10101318359	21.399948589471	-0.0083271062765448
900.09997558594	21.246637024236	0.23641690176955
901.09899902344	21.096419915050	0.48091887252377
902.09802246094	20.949240985987	0.72518025179728
903.09698486328	20.805043527401	0.96919515700240
904.09600830078	20.663776275033	1.2129601761003
905.09497070313	20.525391338837	1.4564839451289
906.09399414063	20.389835999181	1.6997630601198
907.09301757813	20.257068414443	1.9428003227029
908.09197998047	20.127034216691	2.1855964229577
909.09100341797	19.999694353357	2.4281536756179
910.09002685547	19.875008336514	2.6704809538775
911.08898925781	19.752923574160	2.9125791121061
912.08801269531	19.633408364148	3.1544506718632
913.08697509766	19.516424876359	3.3961056529948
914.08599853516	19.401931766126	3.6375484558220
915.08502197266	19.289890298023	3.8787768033543
916.08398437500	19.180270764623	4.1198141472062
917.08300781250	19.073034545806	4.3606498765145
918.08197021484	18.968151520025	4.6013015527409
919.08099365234	18.865590246293	4.8417748244536
920.08001708984	18.765320410540	5.0820788323300
921.07897949219	18.667311844467	5.3222131526475
922.07800292969	18.571536387789	5.5621934854933
923.07702636719	18.477966111567	5.8020248814994
924.07598876953	18.386576875768	6.0417159501363
925.07501220703	18.297342539987	6.2812707433830
926.07397460938	18.210237054695	6.5207082957090
927.07299804688	18.125237420587	6.7600236173206
928.07202148438	18.042324644020	6.9992421337477
929.07098388672	17.961470863350	7.2383550467100
930.07000732422	17.882661096827	7.4773807954465
931.06896972656	17.805873890224	7.7163332704794
932.06799316406	17.731088553320	7.9552040306709
933.06701660156	17.658283481996	8.1940188616626
934.06597900391	17.587445850115	8.4327774861974
935.06500244141	17.518554457412	8.6714956998982
936.06402587891	17.451593299500	8.9101737315063
937.06298828125	17.386548354692	9.1488254805669
938.06201171875	17.323403271416	9.3874616531930
939.06097412109	17.262139677656	9.6260890059859
940.05999755859	17.202753385405	9.8647236924993
941.05902099609	17.145214091678	10.103367202164
942.05798339844	17.089521743611	10.342029533508
943.05700683594	17.035659051125	10.580733014322
944.05603027344	16.983613810910	10.819473629947
945.05499267578	16.933376736225	11.058268718243
946.05401611328	16.884936675988	11.297130927638
947.05297851563	16.838279572908	11.536063343019
948.05200195313	16.793398044758	11.775086070443
949.05102539063	16.750280387903	12.014197475139
950.04998779297	16.708924564321	12.253431836251
951.04901123047	16.669319874713	12.492786127494
952.04797363281	16.631457599605	12.732270585410
953.04699707031	16.595335390828	12.971900370043
954.04602050781	16.560942620455	13.211691278798
955.04498291016	16.528274329943	13.451647453002
956.04400634766	16.497327455126	13.691795619917
957.04302978516	16.468097542114	13.932136079124
958.04199218750	16.440587393612	14.172692716630
959.04101562500	16.414786915193	14.413472741330
960.03997802734	16.390705257161	14.654492967769
961.03900146484	16.368325801367	14.895765464552
962.03802490234	16.347665677258	15.137309908134
963.03698730469	16.328716040923	15.379119431159
964.03601074219	16.311486262422	15.621239920249
965.03497314453	16.295976144587	15.863669194242
966.03399658203	16.282186055198	16.106418513381
967.03302001953	16.270127303435	16.349497961593
968.03198242188	16.259798594860	16.592940418253
969.03100585938	16.251212725658	16.836741754713
970.03002929688	16.244374026700	17.080927481942
971.02899169922	16.239293897139	17.325505911931
972.02801513672	16.235973078853	17.570494819096
973.02697753906	16.234433884135	17.815901160295
974.02600097656	16.234676097410	18.061739408454
975.02502441406	16.236714883274	18.308024252071
976.02398681641	16.240567620321	18.554771274341
977.02301025391	16.246241876279	18.801989590288
978.02197265625	16.253749182836	19.049691642751
979.02099609375	16.263113018602	19.297883331462
980.02001953125	16.274344738801	19.546594272063
981.01898193359	16.287458451620	19.795824892425
982.01800537109	16.302471281234	20.045573127355
983.01702880859	16.319408022868	20.295873836919
984.01599121094	16.338275068815	20.546721445378
985.01501464844	16.359096344377	20.798129813941
986.01397705078	16.381894115213	21.050114520919
987.01300048828	16.406685222555	21.302670554771
988.01202392578	16.433491812540	21.555822236874
989.01098632813	16.462336115789	21.809568126084
990.01000976563	16.493232651537	22.063921583681
991.00897216797	16.526211733607	22.318895829832
992.00799560547	16.561293943006	22.574492092564
993.00701904297	16.598502170686	22.830717570311
994.00598144531	16.637860462406	23.087577238344
995.00500488281	16.679396702165	23.345106327429
996.00402832031	16.723138220333	23.603277904139
997.00299072266	16.769105399097	23.862120718041
998.00201416016	16.817329196713	24.121630553786
999.00097656250	16.867832081606	24.381819899784
1000.0000000000	16.920649760310	24.642689273458
