#Parameters = {Z=50; d_bond=150; eps_eff=6; h_bond=180; l_bond=700; l_f=4971; p1=175; p2=250; r_bond=25; t=0.1; w=24}
#"Frequency / GHz"	"Z3,3 [Real/Imaginary Part] [Re]"	"Z3,3 [Real/Imaginary Part] [Im]"
#-------------------------------------------------------------------------------------
1.0000000000000	0.30749787811316	-2360.3882516649
1.9989999532700	70.125007715795	-1202.6434734071
2.9979999065399	74.913096460956	-823.43900758996
3.9969999790192	66.289543379443	-637.37445147880
4.9959998130798	51.284336850398	-524.95770779897
5.9949998855591	33.811396825309	-445.09190165087
6.9939999580383	17.996219141402	-380.90902626043
7.9930000305176	6.9368986190157	-326.36844753481
8.9919996261597	1.3499397601572	-280.14456399769
9.9910001754761	0.0041724147022319	-241.91604172454
10.989999771118	1.0531078630738	-210.92819868980
11.989000320435	2.9205230231700	-185.96917029552
12.987999916077	4.5416573148639	-165.67041145274
13.987000465393	5.3276288491334	-148.69322200488
14.986000061035	5.1130919796694	-133.81850980545
15.984999656677	4.1187235067151	-120.05587938531
16.983999252319	2.8342227883744	-106.78933291811
17.982999801636	1.7817004607716	-93.839309487652
18.982000350952	1.2838245043728	-81.339904195354
19.981000900269	1.3936924657889	-69.512059667476
20.979999542236	1.9809032893979	-58.498337154743
21.979000091553	2.8555261073622	-48.319179318988
22.978000640869	3.8482482161064	-38.903755328878
23.976999282837	4.8387544009705	-30.135500916832
24.975999832153	5.7548878475588	-21.885210657397
25.975000381470	6.5620898173613	-14.028729496340
26.974000930786	7.2526623213595	-6.4539416959216
27.972999572754	7.8378814261108	0.93742790111643
28.972000122070	8.3429944614289	8.2301876013732
29.971000671387	8.8042426238759	15.496295600904
30.969999313354	9.2668939063136	22.795021085586
31.968999862671	9.7835923441018	30.172867674336
32.967998504639	10.412515344173	37.663318932595
33.966999053955	11.215804616015	45.287236939988
34.965999603271	12.259033835485	53.053541647199
35.965000152588	13.612553260635	60.958824806291
36.964000701904	15.353930990280	68.983285150590
37.963001251221	17.567121886685	77.080599339028
38.962001800537	20.331227863300	85.164286433639
39.960998535156	23.693264230009	93.100985749144
40.959999084473	27.631114847262	100.72822730654
41.958999633789	32.031667869901	107.90676410996
42.958000183105	36.717716961870	114.58964207632
43.957000732422	41.532715845777	120.85846021972
44.956001281738	46.441759964579	126.88171145272
45.955001831055	51.581358555090	132.79956120128
46.953998565674	57.215775467285	138.58824924963
47.952999114990	63.598780043768	143.96622363338
48.951999664307	70.766173204978	148.40389712240
49.951000213623	78.332666240925	151.30359133187
50.950000762939	85.456447717951	152.35303326666
51.949001312256	91.129862629389	151.85999543169
52.948001861572	94.688067359711	150.74877926487
53.946998596191	96.138866542286	150.15251231190
54.945999145508	96.073443065103	150.94104847879
55.944999694824	95.335360695477	153.50937894567
56.944000244141	94.734740200585	157.82212056296
57.943000793457	94.901931377911	163.54449226976
58.942001342773	96.221865352943	170.15929672305
59.941001892090	98.788076597454	177.08046493574
60.939998626709	102.39022775956	183.80542422323
61.938999176025	106.60313746147	190.09066189056
62.937999725342	111.00408240673	196.04623443849
63.937000274658	115.42100951159	202.04747236506
64.935997009277	120.05725115355	208.49145501652
65.934997558594	125.42949783514	215.53182593668
66.933998107910	132.16173214863	222.89514339674
67.932998657227	140.68336964790	229.82406785322
68.931999206543	150.86859199716	235.21949510972
69.930999755859	161.77133568952	238.08846126176
70.930000305176	171.78377472031	238.21036454415
71.929000854492	179.37374656245	236.53018549546
72.928001403809	183.92943020171	234.80079575893
73.927001953125	186.00273917882	234.72622648876
74.926002502441	186.89226282572	237.32284316001
75.925003051758	188.07829883621	242.79418431482
76.924003601074	190.86486314239	250.68762951445
77.922996520996	196.20190169213	260.06595951507
78.921997070313	204.52893738046	269.65022574276
79.920997619629	215.59326859809	278.05717795476
80.919998168945	228.39939224504	284.23045760969
81.918998718262	241.51877186349	287.90737336667
82.917999267578	253.72849866750	289.74986365192
83.916999816895	264.56623645650	290.94470409504
84.916000366211	274.40969545830	292.55842743182
85.915000915527	284.11573925422	295.08999707635
86.914001464844	294.54423672078	298.39651069121
87.913002014160	306.20830394469	301.89921184456
88.912002563477	319.13467302358	304.91586395533
89.911003112793	332.96167829349	306.98572548411
90.910003662109	347.21275898572	308.04468689367
91.908996582031	361.61927606194	308.34604801413
92.907997131348	376.27091001477	308.18032110479
93.906997680664	391.50609173711	307.57293231767
94.905998229980	407.60789312185	306.16364573131
95.904998779297	424.48731195594	303.35105791783
96.903999328613	441.56142721422	298.66119351254
97.902999877930	457.95555118315	292.12866008827
98.902000427246	472.97434016277	284.42203313853
99.901000976563	486.54638118829	276.55840175162
100.90000152588	499.32107566193	269.36139175973
101.89900207520	512.35671352820	263.01077072960
102.89800262451	526.59650046719	256.91909672259
103.89700317383	542.38048477781	249.96310173787
104.89600372314	559.18774492008	240.99366216396
105.89499664307	575.76133917385	229.45868585271
106.89399719238	590.69261307438	215.84687871808
107.89299774170	603.23614897492	201.58752779595
108.89199829102	613.84945889763	188.34843742890
109.89099884033	624.07984154347	177.14775756817
110.88999938965	635.90241005228	167.79985888755
111.88899993896	650.92726979890	158.89034947362
112.88800048828	669.75803048519	148.15502026088
113.88700103760	691.59785810382	133.13655437222
114.88600158691	714.23436174849	112.06557112128
115.88500213623	734.64936746954	84.739677021949
116.88400268555	750.26055206178	52.824181306796
117.88300323486	760.14064725534	19.080985357435
118.88200378418	765.25018866851	-14.118102662529
119.88099670410	767.50585314698	-45.912004252748
120.87999725342	768.43617602211	-77.009759697303
121.87899780273	768.29191918535	-108.87672760912
122.87799835205	765.93592473502	-142.62343349063
123.87699890137	759.47832915423	-178.11324986513
124.87599945068	747.38057276963	-213.72024411762
125.87500000000	729.45537270506	-246.96711207062
126.87400054932	707.08427333514	-275.70949545542
127.87300109863	682.51324506625	-299.05141362896
128.87199401855	657.81783958527	-317.43675176557
129.87100219727	634.24205961787	-332.08551932801
130.86999511719	612.11602689944	-344.28603913889
131.86900329590	591.17475151442	-354.93986019353
132.86799621582	570.97789511331	-364.44671289846
133.86700439453	551.21938560010	-372.84411561866
134.86599731445	531.83439332420	-380.05666171807
135.86500549316	512.91789983431	-386.08654595888
136.86399841309	494.56922936140	-391.06464875518
137.86300659180	476.78593305272	-395.17257149941
138.86199951172	459.46947423181	-398.52488658283
139.86099243164	442.51901330592	-401.11628274638
140.86000061035	425.93184938327	-402.86213940826
141.85899353027	409.83420870824	-403.70563038071
142.85800170898	394.41764159286	-403.71838726526
143.85699462891	379.81975714307	-403.11475393615
144.85600280762	366.02587433565	-402.18179122219
145.85499572754	352.84737242236	-401.15013777028
146.85400390625	339.99357591844	-400.08646036988
147.85299682617	327.20498679181	-398.85043652498
148.85200500488	314.38664645745	-397.15907124944
149.85099792480	301.67117788713	-394.72758413850
150.85000610352	289.36969773688	-391.41983429333
151.84899902344	277.83328187441	-387.33130139600
152.84800720215	267.29897912060	-382.75879943369
153.84700012207	257.79596907490	-378.08403705314
154.84599304199	249.14193957773	-373.63573212979
155.84500122070	241.02246552843	-369.57869873067
156.84399414063	233.11167381122	-365.87674012089
157.84300231934	225.19012320764	-362.33169409247
158.84199523926	217.21174828907	-358.68574441585
159.84100341797	209.29264052872	-354.73766295728
160.83999633789	201.62866039854	-350.42260575304
161.83900451660	194.39192616387	-345.81404294221
162.83799743652	187.65648826787	-341.06566543913
163.83700561523	181.38476104589	-336.32570412509
164.83599853516	175.46773438915	-331.67251207440
165.83500671387	169.79191307875	-327.09308494635
166.83399963379	164.29947332783	-322.50972300135
167.83299255371	159.01420232906	-317.83759584521
168.83200073242	154.02139868556	-313.04307494612
169.83099365234	149.41579000892	-308.17063073812
170.83000183105	145.24594348873	-303.32958363337
171.82899475098	141.48338630536	-298.64761070373
172.82800292969	138.02847114948	-294.21797550699
173.82699584961	134.74654681020	-290.06399804233
174.82600402832	131.51746436086	-286.13275075229
175.82499694824	128.27809109804	-282.32036004733
176.82400512695	125.03878793590	-278.51808589512
177.82299804688	121.86758068653	-274.65705509744
178.82200622559	118.85065275063	-270.73154716359
179.82099914551	116.04926973422	-266.79179931565
180.82000732422	113.47405478963	-262.91177897618
181.81900024414	111.08504357593	-259.15151280205
182.81799316406	108.81628753659	-255.52933712884
183.81700134277	106.60919637904	-252.01755453999
184.81599426270	104.44130354820	-248.56023540034
185.81500244141	102.33448912132	-245.10477876582
186.81399536133	100.34135243290	-241.63029053848
187.81300354004	98.516307607838	-238.15990670344
188.81199645996	96.887083548635	-234.75095034943
189.81100463867	95.439472201830	-231.47029460532
190.80999755859	94.120404208276	-228.36668767858
191.80900573730	92.857725857349	-225.45101527657
192.80799865723	91.586553994828	-222.69328678337
193.80700683594	90.272336352794	-220.03609685018
194.80599975586	88.919358775598	-217.41955352176
195.80499267578	87.562275143290	-214.80494874044
196.80400085449	86.244118247583	-212.18737366207
197.80299377441	84.993159772931	-209.59009052488
198.80200195313	83.809495227224	-207.04631165857
199.80099487305	82.667077031167	-204.57731051640
200.80000305176	81.530006422345	-202.17749085750
201.79899597168	80.374284253130	-199.81422560177
202.79800415039	79.204549643523	-197.44302281768
203.79699707031	78.057310761845	-195.02985900816
204.79600524902	76.987436584917	-192.57154607490
205.79499816895	76.044212997772	-190.10258371428
206.79400634766	75.248514287694	-187.68505416786
207.79299926758	74.580814039618	-185.38645236604
208.79200744629	73.984220284973	-183.25507018264
209.79100036621	73.381743305826	-181.30138800606
210.78999328613	72.700671861528	-179.49263747533
211.78900146484	71.896795109872	-177.76224309077
212.78799438477	70.968538589030	-176.03164373014
213.78700256348	69.955649235557	-174.23718555112
214.78599548340	68.921869511757	-172.35004934146
215.78500366211	67.930014444898	-170.38147139841
216.78399658203	67.020084690405	-168.37207589560
217.78300476074	66.199937082926	-166.37159106643
218.78199768066	65.449045979524	-164.41913424394
219.78100585938	64.732792800286	-162.53131278932
220.77999877930	64.018872491432	-160.70123905662
221.77900695801	63.289537266700	-158.90764340156
222.77799987793	62.544848644961	-157.12815941820
223.77699279785	61.796522313775	-155.35042446473
224.77600097656	61.056953204662	-153.57549661564
225.77499389648	60.329693278052	-151.81294846300
226.77400207520	59.606435070471	-150.07096128529
227.77299499512	58.871885202891	-148.34749961454
228.77200317383	58.113415492628	-146.62789175993
229.77099609375	57.329936220749	-144.88879069624
230.77000427246	56.535688420322	-143.10851667866
231.76899719238	55.756591039290	-141.27677340664
232.76800537109	55.020409954269	-139.40019605356
233.76699829102	54.345910012449	-137.50009511096
234.76600646973	53.735462019979	-135.60384483300
235.76499938965	53.175092071347	-133.73327228186
236.76400756836	52.641647120138	-131.89596736520
237.76300048828	52.114133296322	-130.08288836151
238.76199340820	51.583477195657	-128.27395211276
239.76100158691	51.057133145721	-126.44831712295
240.75999450684	50.555353638249	-124.59549427574
241.75900268555	50.101408272968	-122.72143024649
242.75799560547	49.710313157372	-120.84680501995
243.75700378418	49.380830685563	-118.99847332880
244.75599670410	49.094954891465	-117.19803451621
245.75500488281	48.824420852366	-115.45197815305
246.75399780273	48.542121658054	-113.74845299467
247.75300598145	48.233451924596	-112.06123349812
248.75199890137	47.902645019974	-110.36051197947
249.75100708008	47.571405879887	-108.62505104956
250.75000000000	47.269884918034	-106.85131232504
251.74899291992	47.024311476553	-105.05469526312
252.74800109863	46.846251338578	-103.26330747503
253.74699401855	46.728583828784	-101.50631599727
254.74600219727	46.648585449583	-99.802836536314
255.74499511719	46.577338233505	-98.155038025703
256.74398803711	46.491128274890	-96.547869448590
257.74301147461	46.380416992609	-94.956238046893
258.74200439453	46.252790200649	-93.355561338432
259.74099731445	46.128620763069	-91.732097999831
260.73999023438	46.031517172856	-90.088101400406
261.73901367188	45.977944889800	-88.439827205072
262.73800659180	45.970613807588	-86.809988401013
263.73699951172	45.998066693320	-85.218072032062
264.73599243164	46.039855647569	-83.672815442483
265.73498535156	46.075125155990	-82.169635511986
266.73400878906	46.090520917868	-80.693749311892
267.73300170898	46.084302792348	-79.227493176442
268.73199462891	46.064669012472	-77.758260239602
269.73098754883	46.043412110504	-76.283298506646
270.73001098633	46.028150062664	-74.808982417783
271.72900390625	46.017176451362	-73.344966930662
272.72799682617	45.999415394608	-71.896506027008
273.72698974609	45.959920467767	-70.458313805709
274.72601318359	45.888174431448	-69.013496277849
275.72500610352	45.785776090360	-67.538497802818
276.72399902344	45.669451347832	-66.012235583560
277.72299194336	45.567293499509	-64.425879704732
278.72198486328	45.509311518057	-62.788243644372
279.72100830078	45.516314172193	-61.124463890492
280.72000122070	45.591455999575	-59.467908611469
281.71899414063	45.718162287763	-57.848623993970
282.71798706055	45.864969488067	-56.282306222006
283.71701049805	45.996157170475	-54.763706609544
284.71600341797	46.084806578881	-53.267313612691
285.71499633789	46.123544775977	-51.755990909250
286.71398925781	46.128129716260	-50.194654937578
287.71301269531	46.131954196002	-48.563924168277
288.71200561523	46.173257682380	-46.867565198839
289.71099853516	46.280610023623	-45.130829840085
290.70999145508	46.462195011312	-43.390800994305
291.70901489258	46.702645884045	-41.682501532861
292.70800781250	46.968130290776	-40.025622031217
293.70700073242	47.218194247394	-38.416062245882
294.70599365234	47.420907191493	-36.825660070408
295.70498657227	47.565878996783	-35.211031861934
296.70401000977	47.669844416003	-33.528940503142
297.70300292969	47.771872888835	-31.752239027951
298.70199584961	47.920084814818	-29.879879775324
299.70098876953	48.155357684537	-27.937269748034
300.70001220703	48.498144997705	-25.967688151135
301.69900512695	48.942183457290	-24.018362272314
302.69799804688	49.456513308933	-22.125520879965
303.69699096680	49.994927499326	-20.302545229500
304.69601440430	50.510854681606	-18.534868857687
305.69500732422	50.973092848860	-16.783959085373
306.69400024414	51.376875868594	-14.999979298339
307.69299316406	51.745442584376	-13.138770257662
308.69198608398	52.121413485758	-11.176364105271
309.69100952148	52.551750630399	-9.1154784146438
310.69000244141	53.072443306826	-6.9823530175079
311.68899536133	53.698063977035	-4.8161117756739
312.68798828125	54.418867004034	-2.6546374429280
313.68701171875	55.205881617532	-0.52128378037975
314.68600463867	56.022531705319	1.5836412274416
315.68499755859	56.839439390921	3.6835030146708
316.68399047852	57.647327011838	5.8171430047271
317.68301391602	58.462879130107	8.0243803723747
318.68200683594	59.325010665174	10.330668415989
319.68099975586	60.283066221669	12.736773276829
320.67999267578	61.381451309440	15.216821234745
321.67898559570	62.645789115056	17.724934898657
322.67800903320	64.074544472269	20.208217976113
323.67700195313	65.638661359223	22.622778126469
324.67599487305	67.290275076172	24.948273228338
325.67498779297	68.979086072098	27.195735619815
326.67401123047	70.671569098329	29.404449292175
327.67300415039	72.365335945421	31.627248935645
328.67199707031	74.092132609324	33.909578932348
329.67098999023	75.907660078444	36.270392414559
330.67001342773	77.872149174305	38.692508583059
331.66900634766	80.028782705010	41.125534464902
332.66799926758	82.386771651870	43.500421459115
333.66699218750	84.915087920729	45.751896642486
334.66598510742	87.550011429084	47.842061259479
335.66500854492	90.216356133924	49.776409359588
336.66400146484	92.855951555350	51.604188955443
337.66299438477	95.451693549527	53.400677180631
338.66198730469	98.035810639385	55.237489864021
339.66101074219	100.67850204220	57.154015015008
340.66000366211	103.46200205687	59.141306866285
341.65899658203	106.45071925879	61.144056495431
342.65798950195	109.66782672622	63.078941398408
343.65701293945	113.08617168399	64.863232849486
344.65600585938	116.63720663853	66.444175486486
345.65499877930	120.23646024285	67.818562264974
346.65399169922	123.81654509014	69.032866623383
347.65301513672	127.35393399121	70.162790833953
348.65200805664	130.87742560758	71.280598780303
349.65100097656	134.45459982735	72.424563102346
350.64999389648	138.16355685972	73.583641803797
351.64898681641	142.06228225303	74.701974042223
352.64801025391	146.16689354184	75.699628190614
353.64700317383	150.44659496758	76.501671316983
354.64599609375	154.83645971703	77.064346530106
355.64498901367	159.26305670522	77.388395700747
356.64401245117	163.67248950723	77.513645143887
357.64300537109	168.04919957769	77.498585126884
358.64199829102	172.41744596091	77.393056624995
359.64099121094	176.82692887063	77.217428612170
360.64001464844	181.33004101977	76.955079905078
361.63900756836	185.96126883788	76.559420534847
362.63800048828	190.72518768986	75.969804572576
363.63699340820	195.59704927407	75.129106242381
364.63598632813	200.52963719904	73.997608773584
365.63500976563	205.46754635698	72.556268018201
366.63400268555	210.35581226427	70.805467990397
367.63299560547	215.14456295989	68.760474818784
368.63198852539	219.79176385810	66.446204937286
369.63101196289	224.26211881526	63.897088973681
370.63000488281	228.53013353575	61.156986231824
371.62899780273	232.58560423089	58.277430051154
372.62799072266	236.43845332280	55.310649520329
373.62701416016	240.11924671808	52.299001831941
374.62600708008	243.67208756671	49.264561247064
375.62500000000	247.14160314212	46.204377739290
376.62399291992	250.55995365025	43.094871601597
377.62298583984	253.93771945143	39.903226462056
378.62200927734	257.26531516468	36.601943530760
379.62100219727	260.52209177660	33.178461818485
380.61999511719	263.69014063333	29.636065619226
381.61898803711	266.76326017435	25.985185022301
382.61801147461	269.74754433995	22.230952687010
383.61700439453	272.65199903919	18.364232049913
384.61599731445	275.47514376023	14.362045842831
385.61499023438	278.19426840379	10.198488353439
386.61401367188	280.76549699040	5.8617219597843
387.61300659180	283.13654576747	1.3682537573864
388.61199951172	285.26709690276	-3.2342768615580
389.61099243164	287.14917129525	-7.8797374568278
390.60998535156	288.81358119682	-12.507547169341
391.60900878906	290.32017496045	-17.087059166362
392.60800170898	291.73285292641	-21.629920284125
393.60699462891	293.09235443816	-26.184232607312
394.60598754883	294.39894160891	-30.812880589198
395.60501098633	295.61115565933	-35.565014648117
396.60400390625	296.66382631010	-40.453219154257
397.60299682617	297.49605848243	-45.446586184369
398.60198974609	298.07770863432	-50.483634276529
399.60101318359	298.42152616717	-55.499365810803
400.60000610352	298.57428207070	-60.453077162012
401.59899902344	298.59300539467	-65.343792494789
402.59799194336	298.51668070761	-70.206226226936
403.59698486328	298.34880114014	-75.090721159756
404.59600830078	298.05605206211	-80.036351445697
405.59500122070	297.58461875187	-85.050368517822
406.59399414063	296.88602668261	-90.103257763651
407.59298706055	295.93915562976	-95.141639722928
408.59201049805	294.75769625551	-100.11157148182
409.59100341797	293.38141956809	-104.98196907508
410.58999633789	291.85367570293	-109.75430655501
411.58898925781	290.19919139803	-114.45561947079
412.58801269531	288.41209771410	-119.11871072912
413.58700561523	286.46054615450	-123.76022905845
414.58599853516	284.30465668091	-128.36783721101
415.58499145508	281.91737212772	-132.90102164152
416.58401489258	279.30007857087	-137.30721904639
417.58300781250	276.48303792622	-141.54298918711
418.58200073242	273.51218771968	-145.59007388363
419.58099365234	270.42865125289	-149.45785773038
420.57998657227	267.25265647101	-153.17272178240
421.57901000977	263.97879658825	-156.75888928627
422.57800292969	260.58502652420	-160.22233526298
423.57699584961	257.04988854648	-163.54435829420
424.57598876953	253.36933178167	-166.68866160462
425.57501220703	249.56430322782	-169.61718634029
426.57400512695	245.67594316493	-172.30763751994
427.57299804688	241.75035172704	-174.76154098964
428.57199096680	237.82260707975	-177.00247766862
429.57101440430	233.90608125445	-179.06211562190
430.57000732422	229.99368061255	-180.96485045385
431.56900024414	226.06881515795	-182.71623735619
432.56799316406	222.12078382387	-184.30347078516
433.56698608398	218.15593851555	-185.70344688758
434.56600952148	214.20005199786	-186.89827324378
435.56500244141	210.29028046024	-187.88713059670
436.56399536133	206.46117959875	-188.68970615235
437.56298828125	202.73207322200	-189.34002103511
438.56201171875	199.10169667856	-189.87346860106
439.56100463867	195.55237119622	-190.31385967525
440.55999755859	192.06150827143	-190.66591891352
441.55899047852	188.61512488195	-190.91734223718
442.55801391602	185.21658605597	-191.04878580817
443.55700683594	181.88716419573	-191.04708383234
444.55599975586	178.65788438104	-190.91571582139
445.55499267578	175.55681346358	-190.67755881049
446.55398559570	172.59763632853	-190.36945034720
447.55300903320	169.77402308788	-190.03091305660
448.55200195313	167.06230454560	-189.69182820097
449.55099487305	164.43035626547	-189.36529744949
450.54998779297	161.84879676822	-189.04681735129
451.54901123047	159.29987184116	-188.72028459274
452.54800415039	156.78029656175	-188.36742482687
453.54699707031	154.29791255157	-187.97703013050
454.54598999023	151.86407497635	-187.54847446062
455.54501342773	149.48583398828	-187.09021796143
456.54400634766	147.16165413567	-186.61391602222
457.54299926758	144.88212415575	-186.12765746745
458.54199218750	142.63476272159	-185.63136325361
459.54098510742	140.41033326080	-185.11738999041
460.54000854492	138.20725619946	-184.57414620002
461.53900146484	136.03223278472	-183.99242895920
462.53799438477	133.89651881033	-183.37012717657
463.53698730469	131.81023683166	-182.71346784699
464.53601074219	129.77719256504	-182.03371784668
465.53500366211	127.79304911334	-181.34258979405
466.53399658203	125.84730877608	-180.64594429374
467.53298950195	123.92844411548	-179.94134569190
468.53201293945	122.02958419809	-179.21930375488
469.53100585938	120.15227456354	-178.46749258717
470.52999877930	118.30652224336	-177.67721970694
471.52899169922	116.50719572051	-176.84740019834
472.52801513672	114.76820515850	-175.98635862419
473.52700805664	113.09735442494	-175.10962461127
474.52600097656	111.49346800283	-174.23483010507
475.52499389648	109.94711764014	-173.37639835350
476.52398681641	108.44415438945	-172.54214102267
477.52301025391	106.97022298328	-171.73223279470
478.52200317383	105.51476693171	-170.94109176084
479.52099609375	104.07256104864	-170.16114829850
480.51998901367	102.64322766364	-169.38610312800
481.51901245117	101.22860028706	-168.61288674182
482.51800537109	99.829977567787	-167.84178913199
483.51699829102	98.446585276148	-167.07419605130
484.51599121094	97.075488785703	-166.31102040986
485.51501464844	95.712878504414	-165.55113795211
486.51400756836	94.355960154023	-164.79149647632
487.51300048828	93.003979515275	-164.02812195046
488.51199340820	91.658188270809	-163.25838044357
489.51098632813	90.320326336333	-162.48127489766
490.51000976563	88.991219431505	-161.69776920672
491.50900268555	87.669615575272	-160.90904238449
492.50799560547	86.352543578507	-160.11497654231
493.50698852539	85.036714423143	-159.31296962265
494.50601196289	83.720570999737	-158.49813868711
495.50500488281	82.405550928284	-157.66497189821
496.50399780273	81.096219946956	-156.80928563255
497.50299072266	79.798526822542	-155.93058639982
498.50201416016	78.517508571830	-155.03162495111
499.50100708008	77.254918463087	-154.11786363825
500.50000000000	76.008506124689	-153.19423109980
501.49899291992	74.772724830544	-152.26290196897
502.49798583984	73.541441404273	-151.32157692339
503.49700927734	72.310722204848	-150.36370345293
504.49600219727	71.081244686108	-149.38077253072
505.49499511719	69.858754825215	-148.36534334488
506.49398803711	68.652491138168	-147.31394274205
507.49301147461	67.472484213737	-146.22818809426
508.49200439453	66.326199030805	-145.11458580350
509.49099731445	65.216716212549	-143.98177037975
510.48999023438	64.142436477294	-142.83784678219
511.48901367188	63.098470653367	-141.68791499097
512.48797607422	62.079270369954	-140.53302134135
513.48699951172	61.080896251122	-139.37116224414
514.48602294922	60.102405876545	-138.19889294880
515.48498535156	59.145698771611	-137.01371455829
516.48400878906	58.214098497368	-135.81542253587
517.48297119141	57.310369405816	-134.60629052508
518.48199462891	56.435329316881	-133.39014273101
519.48101806641	55.587321210047	-132.17050096621
520.47998046875	54.763009847929	-130.94919070571
521.47900390625	53.958916571402	-129.72540258559
522.47802734375	53.173096555455	-128.49650546149
523.47698974609	52.406013378031	-127.25912542488
524.47601318359	51.660450230962	-126.01096097677
525.47497558594	50.940508023662	-124.75191418437
526.47399902344	50.249877875596	-123.48446057021
527.47302246094	49.590607837117	-122.21287942842
528.47198486328	48.962308557828	-120.94207381535
529.47100830078	48.362440229165	-119.67603151325
530.46997070313	47.787220122411	-118.41688756697
531.46899414063	47.232825585381	-117.16491816133
532.46801757813	46.696323984505	-115.91891389758
533.46697998047	46.176157372730	-114.67705804607
534.46600341797	45.671953440606	-113.43776856615
535.46502685547	45.183898322023	-112.20020989710
536.46398925781	44.712220472664	-110.96425920803
537.46301269531	44.256643394067	-109.73019881127
538.46197509766	43.816497722770	-108.49811542748
539.46099853516	43.390792226374	-107.26779566654
540.46002197266	42.978720347572	-106.03847157918
541.45898437500	42.579880458758	-104.80909899197
542.45800781250	42.194264377103	-103.57861206646
543.45697021484	41.822167987831	-102.34622588776
544.45599365234	41.464088964412	-101.11113200210
545.45501708984	41.120541082939	-99.872777526955
546.45397949219	40.792204566273	-98.630498682739
547.45300292969	40.480201646551	-97.383617627772
548.45202636719	40.186125827342	-96.131849935369
549.45098876953	39.912071855023	-94.875617959888
550.45001220703	39.660046171400	-93.616408339252
551.44897460938	39.431455681596	-92.356851709686
552.44799804688	39.226400880028	-91.100223166115
553.44702148438	39.043306702390	-89.849787768215
554.44598388672	38.879132748775	-88.607759314668
555.44500732422	38.730137834506	-87.374650817865
556.44396972656	38.592785593368	-86.149020571043
557.44299316406	38.464937546248	-84.927926245189
558.44201660156	38.346330111587	-83.707907299962
559.44097900391	38.238643783181	-82.486136817520
560.44000244141	38.144724993517	-81.261412818031
561.43902587891	38.067458275633	-80.034423429406
562.43798828125	38.008698361907	-78.807462464619
563.43701171875	37.968491943578	-77.583451168909
564.43597412109	37.945185422256	-76.364830407413
565.43499755859	37.935929826928	-75.152594322421
566.43402099609	37.937867985170	-73.945993983267
567.43298339844	37.949072996615	-72.742776713185
568.43200683594	37.969257519450	-71.540093798819
569.43103027344	37.999714936530	-70.335541006440
570.42999267578	38.042808885796	-69.128014811992
571.42901611328	38.100923822266	-67.917951139029
572.42797851563	38.175639033319	-66.707065730761
573.42700195313	38.267149868253	-65.497620585304
574.42602539063	38.374239026400	-64.291471766999
575.42498779297	38.494894481612	-63.089419769124
576.42401123047	38.626940246727	-61.890944294069
577.42297363281	38.768878696998	-60.694485314987
578.42199707031	38.920260719585	-59.498021286444
579.42102050781	39.081651615739	-58.299735427977
580.41998291016	39.254253461916	-57.098467742364
581.41900634766	39.439279281665	-55.893939098891
582.41802978516	39.637512354570	-54.686323104663
583.41699218750	39.849109611185	-53.475937646345
584.41601562500	40.073774462744	-52.262622154994
585.41497802734	40.311218934854	-51.045589701594
586.41400146484	40.561555573077	-49.823556222440
587.41302490234	40.825662011215	-48.595023209520
588.41198730469	41.105147183758	-47.358819221108
589.41101074219	41.402051271047	-46.114459367894
590.40997314453	41.718450025903	-44.862284284037
591.40899658203	42.055930691613	-43.603236096499
592.40802001953	42.415430969651	-42.338539508913
593.40698242188	42.797233119483	-41.069154424662
594.40600585938	43.201324231484	-39.795521932243
595.40502929688	43.627796386249	-38.517497484817
596.40399169922	44.077262172408	-37.234580786065
597.40301513672	44.550946717916	-35.946274630862
598.40197753906	45.050638131730	-34.652517256389
599.40100097656	45.578301717784	-33.353893008780
600.40002441406	46.135770166547	-32.051688922966
601.39898681641	46.724384251475	-30.747648902192
602.39801025391	47.344880276807	-29.443642199834
603.39697265625	47.997541871796	-28.141406880259
604.39599609375	48.682390658008	-26.842348581274
605.39501953125	49.399434452502	-25.547597588051
606.39398193359	50.148840288034	-24.258228702043
607.39300537109	50.930797766388	-22.975433276309
608.39202880859	51.745415999588	-21.700648122084
609.39099121094	52.592329123792	-20.435415168634
610.39001464844	53.470661503952	-19.181086610696
611.38897705078	54.379090050625	-17.938424674390
612.38800048828	55.316235351669	-16.707313922947
613.38702392578	56.281241404854	-15.486714611970
614.38598632813	57.274289256056	-14.275048166914
615.38500976563	58.296919891666	-13.070827180738
616.38397216797	59.351836939420	-11.873443807541
617.38299560547	60.442402805542	-10.683758711908
618.38201904297	61.571643844471	-9.5043506670754
619.38098144531	62.741411606411	-8.3391309245618
620.38000488281	63.951772415800	-7.1925298063853
621.37902832031	65.200991393899	-6.0684280525091
622.37799072266	66.486120954182	-4.9692430647203
623.37701416016	67.804030192497	-3.8954765679603
624.37597656250	69.152570722022	-2.8459348164903
625.37500000000	70.531418897179	-1.8185625445097
626.37402343750	71.942360599901	-0.81168600750290
627.37298583984	73.388819485175	0.17476063485390
628.37200927734	74.874706010869	1.1384391223996
629.37097167969	76.403017409384	2.0745368723030
630.36999511719	77.974547410132	2.9764841421520
631.36901855469	79.587143319599	3.8372661939107
632.36798095703	81.235710433579	4.6509650401828
633.36700439453	82.913017805753	5.4141187034248
634.36602783203	84.611077245772	6.1265408444255
635.36499023438	86.322726479982	6.7913800485294
636.36401367188	88.043136971086	7.4144425359814
637.36297607422	89.770790471184	8.0028769135326
638.36199951172	91.507809076183	8.5635826264083
639.36102294922	93.259596224183	9.1015875080903
640.35998535156	95.033658783411	9.6187238923252
641.35900878906	96.838197299355	10.112889255098
642.35797119141	98.680170780092	10.577974623840
643.35699462891	100.56355797353	11.004594525941
644.35601806641	102.48807211469	11.381634540747
645.35498046875	104.44844081922	11.698549519608
646.35400390625	106.43505397520	11.947393665151
647.35302734375	108.43564295627	12.124938164568
648.35198974609	110.43771211566	12.233776526772
649.35101318359	112.43161417107	12.281315943454
650.34997558594	114.41264278758	12.278100675244
651.34899902344	116.38180798695	12.234604819307
652.34802246094	118.34486671813	12.158250092084
653.34698486328	120.30961721622	12.051452564290
654.34600830078	122.28269980511	11.911618040796
655.34497070313	124.26684483817	11.733101050092
656.34399414063	126.26002601529	11.510501145193
657.34301757813	128.25677108347	11.241843134529
658.34197998047	130.25144222250	10.930294131616
659.34100341797	132.24209569682	10.583373002672
660.34002685547	134.23302010567	10.209717963661
661.33898925781	136.23499786469	9.8145977522256
662.33801269531	138.26231161779	9.3959551845878
663.33697509766	140.32781802782	8.9428570819641
664.33599853516	142.43765074434	8.4372948061765
665.33502197266	144.58765745886	7.8590181365459
666.33398437500	146.76340095483	7.1918575229158
667.33300781250	148.94395369233	6.4291824824469
668.33197021484	151.10843403894	5.5762653248922
669.33099365234	153.24282929163	4.6483094941527
670.33001708984	155.34489216014	3.6646307912930
671.32897949219	157.42399219083	2.6411057969812
672.32800292969	159.49700223208	1.5839713957164
673.32702636719	161.58093278772	0.48751056992146
674.32598876953	163.68604979709	-0.66344099393219
675.32501220703	165.81175346321	-1.8872476498469
676.32397460938	167.94738057782	-3.1981380729600
677.32299804688	170.07728003774	-4.6009524912997
678.32202148438	172.18848640471	-6.0903988402322
679.32098388672	174.27683138404	-7.6553667811238
680.32000732422	176.34941057179	-9.2866277878396
681.31896972656	178.42100434260	-10.984527297766
682.31799316406	180.50642195540	-12.763149701672
683.31701660156	182.61123485200	-14.648754268765
684.31597900391	184.72493556816	-16.672606105374
685.31500244141	186.81960923777	-18.860674396115
686.31402587891	188.85503675686	-21.224026207807
687.31298828125	190.78892118795	-23.753816062849
688.31201171875	192.58813894254	-26.423094676625
689.31097412109	194.23753754679	-29.195329138121
690.30999755859	195.74128960828	-32.036125142640
691.30902099609	197.11758775230	-34.923726860331
692.30798339844	198.38769416207	-37.853732795289
693.30700683594	199.56546644401	-40.836900418205
694.30603027344	200.64970211463	-43.890580527747
695.30499267578	201.62389211582	-47.028208473745
696.30401611328	202.46180143116	-50.250472745805
697.30297851563	203.13731606880	-53.542112642692
698.30200195313	203.63390125279	-56.874997008225
699.30102539063	203.95034483582	-60.216385438631
700.29998779297	204.10031962692	-63.538539287693
701.29901123047	204.10602879398	-66.825696709021
702.29797363281	203.99014239022	-70.076630281811
703.29699707031	203.76749267733	-73.301324685363
704.29602050781	203.44052888517	-76.513944629295
705.29498291016	202.99988389367	-79.725256200166
706.29400634766	202.42866007938	-82.936704943375
707.29302978516	201.70897873037	-86.138039424127
708.29199218750	200.82840104023	-89.309045657174
709.29101562500	199.78397243972	-92.423853396129
710.28997802734	198.58344522805	-95.456676043161
711.28900146484	197.24328610575	-98.386665817424
712.28802490234	195.78499037996	-101.20106753661
713.28698730469	194.23056008189	-103.89555009273
714.28601074219	192.59891413597	-106.47286887746
715.28497314453	190.90358698453	-108.93993054352
716.28399658203	189.15226011188	-111.30446889062
717.28302001953	187.34804488165	-113.57236628336
718.28198242188	185.49151782161	-115.74584006427
719.28100585938	183.58349051047	-117.82313589016
720.28002929688	181.62732965695	-119.79985455909
721.27899169922	179.63018799194	-121.67103559787
722.27801513672	177.60273301340	-123.43387255117
723.27697753906	175.55741346155	-125.08974785552
724.27600097656	173.50564011393	-126.64436478694
725.27502441406	171.45558709659	-128.10757668985
726.27398681641	169.41014280228	-129.49021363005
727.27301025391	167.36730338553	-130.80123538925
728.27197265625	165.32209206818	-132.04561713845
729.27099609375	163.26939208294	-133.22325778321
730.27001953125	161.20681970147	-134.33002446867
731.26898193359	159.13641198668	-135.36056361921
732.26800537109	157.06439372629	-136.31094944554
733.26702880859	154.99929734940	-137.18072342275
734.26599121094	152.94928184080	-137.97384982544
735.26501464844	150.91981622531	-138.69714261988
736.26397705078	148.91249358828	-139.35790998636
737.26300048828	146.92595343316	-139.96189026483
738.26202392578	144.95760168455	-140.51166335736
739.26098632813	143.00604649924	-141.00710825468
740.26000976563	141.07235303792	-141.44695758023
741.25897216797	139.16020948943	-141.83082368385
742.25799560547	137.27444334659	-142.16111644006
743.25701904297	135.41891139683	-142.44292984935
744.25598144531	133.59470074463	-142.68307957768
745.25500488281	131.79964174233	-142.88778854347
746.25402832031	130.02912807717	-143.06094145142
747.25299072266	128.27818360494	-143.20281656267
748.25201416016	126.54368678113	-143.31078202278
749.25097656250	124.82573182972	-143.38106180479
750.25000000000	123.12752488774	-143.41092512385
751.24902343750	121.45410766076	-143.40039358949
752.24798583984	119.81015229203	-143.35259132301
753.24700927734	118.19814200215	-143.27292636546
754.24597167969	116.61755705714	-143.16705384375
755.24499511719	115.06550210782	-143.03907475947
756.24401855469	113.53829519840	-142.89062896471
757.24298095703	112.03320953068	-142.72075885841
758.24200439453	110.54971130689	-142.52780285880
759.24102783203	109.08944955341	-142.31054156365
760.23999023438	107.65514708639	-142.06992626278
761.23901367188	106.24904365562	-141.80885549235
762.23797607422	104.87143998350	-141.53173841464
763.23699951172	103.52033092503	-141.24259986045
764.23602294922	102.19215956434	-140.94384795460
765.23498535156	100.88304445340	-140.63568584753
766.23400878906	99.590444867346	-140.31625494531
767.23297119141	98.313872725662	-139.98333690807
768.23199462891	97.054735605883	-139.63548254222
769.23101806641	95.815203150646	-139.27312155450
770.22998046875	94.596714391993	-138.89866585700
771.22900390625	93.398891973784	-138.51541685929
772.22802734375	92.219265909790	-138.12614889015
773.22698974609	91.054051859427	-137.73192104568
774.22601318359	89.899626170241	-137.33143383536
775.22497558594	88.753904138369	-136.92169179446
776.22399902344	87.616932111192	-136.49936159316
777.22302246094	86.490803682628	-136.06210471865
778.22198486328	85.378447593939	-135.60955510031
779.22100830078	84.282170305982	-135.14341506617
780.21997070313	83.202478106174	-134.66637220564
781.21899414063	82.138047284402	-134.18084174311
782.21801757813	81.086209826944	-133.68773952727
783.21697998047	80.044446474298	-133.18593076025
784.21600341797	79.011485616156	-132.67292876272
785.21502685547	77.988110668424	-132.14587169552
786.21398925781	76.976737871856	-131.60305154371
787.21301269531	75.980446896230	-131.04445808333
788.21197509766	75.001641418603	-130.47214435135
789.21099853516	74.041117047513	-129.88883642366
790.21002197266	73.097835090263	-129.29716544161
791.20898437500	72.169695965613	-128.69824851429
792.20800781250	71.254582749681	-128.09155229081
793.20697021484	70.351666042776	-127.47524564345
794.20599365234	69.461745889051	-126.84749655052
795.20501708984	68.587015621015	-126.20743487931
796.20397949219	67.729929358845	-125.55594756587
797.20300292969	66.892081058034	-124.89545045745
798.20202636719	66.073381975872	-124.22895012208
799.20098876953	65.272024031070	-123.55883888061
800.20001220703	64.485214334642	-122.88594964388
801.19897460938	63.710511579790	-122.20920093055
802.19799804688	62.946857435266	-121.52635132547
803.19702148438	62.194987869558	-120.83504213531
804.19598388672	61.457219272741	-120.13407455372
805.19500732422	60.736249445733	-119.42408510458
806.19396972656	60.033959208640	-118.70734155578
807.19299316406	59.350511709419	-117.98699223635
808.19201660156	58.684242744852	-117.26564633981
809.19097900391	58.032331819675	-116.54445166490
810.19000244141	57.392051509888	-115.82261812277
811.18902587891	56.761896175845	-115.09803579115
812.18798828125	56.142123988775	-114.36824775861
813.18701171875	55.534640146884	-113.63162147604
814.18597412109	54.941950173160	-112.88814901664
815.18499755859	54.366114216645	-112.13963387815
816.18402099609	53.807703847642	-111.38866907985
817.18298339844	53.265676487411	-110.63778496793
818.18200683594	52.737832369087	-109.88829974966
819.18103027344	52.221823287501	-109.13999934566
820.17999267578	51.716264579195	-108.39127711544
821.17901611328	51.221169708064	-107.64037312600
822.17797851563	50.738007658586	-106.88605869572
823.17700195313	50.268806981653	-106.12865813416
824.17602539063	49.814950858264	-105.36995338251
825.17498779297	49.376631956186	-104.61255688436
826.17401123047	48.952201744465	-103.85895366862
827.17297363281	48.538877962813	-103.11027634353
828.17199707031	48.133635670636	-102.36604612011
829.17102050781	47.734307722692	-101.62415610210
830.16998291016	47.340298190209	-100.88180951075
831.16900634766	46.952717415581	-100.13661420033
832.16802978516	46.573719099122	-99.387379882175
833.16699218750	46.205536649904	-98.634528633752
834.16601562500	45.849631902984	-97.879616520722
835.16497802734	45.506035079931	-97.124724316198
836.16400146484	45.173654092759	-96.371394647561
837.16302490234	44.850789929588	-95.619983015473
838.16198730469	44.536028669623	-94.869844417397
839.16101074219	44.228924828972	-94.119596965181
840.15997314453	43.930115449176	-93.368051791202
841.15899658203	43.640966201991	-92.614870716915
842.15802001953	43.362890706508	-91.860824493668
843.15698242188	43.096537731938	-91.107632374239
844.15600585938	42.841418455942	-90.357274252143
845.15502929688	42.595942232192	-89.611239276199
846.15399169922	42.357927503905	-88.869913649721
847.15301513672	42.125383711993	-88.132660676076
848.15197753906	41.897041964722	-87.397971198848
849.15100097656	41.672675291655	-86.664166995896
850.15002441406	41.452860904475	-85.930105904213
851.14898681641	41.238494556730	-85.195414549629
852.14801025391	41.030189675391	-84.460453596378
853.14697265625	40.827908386027	-83.725992642427
854.14599609375	40.630876187520	-82.992540517510
855.14501953125	40.437933149788	-82.260123894541
856.14398193359	40.247937235697	-81.528002217198
857.14300537109	40.060222936254	-80.794957683629
858.14202880859	39.874709904076	-80.059659976824
859.14099121094	39.691838641080	-79.321016659560
860.14001464844	39.512183548242	-78.578404391928
861.13897705078	39.336194744754	-77.831506015271
862.13800048828	39.163987213276	-77.080081017651
863.13702392578	38.995508710969	-76.323602280515
864.13598632813	38.830827425282	-75.561206730340
865.13500976563	38.670386915445	-74.791776686557
866.13397216797	38.515300989921	-74.014317052371
867.13299560547	38.367075660425	-73.228390580724
868.13201904297	38.227268283829	-72.434348043558
869.13098144531	38.096972112580	-71.633118981443
870.13000488281	37.976442393889	-70.826031873703
871.12902832031	37.865106517811	-70.014027070117
872.12799072266	37.761877135232	-69.197280891749
873.12701416016	37.665776827639	-68.375033954657
874.12597656250	37.576457232185	-67.545683815338
875.12500000000	37.494700814937	-66.707551990833
876.12402343750	37.422260069441	-65.859305087161
877.12298583984	37.361411616184	-65.000692610622
878.12200927734	37.314316311134	-64.132622875177
879.12097167969	37.282354194451	-63.256807288912
880.11999511719	37.265754603308	-62.375182230865
881.11901855469	37.263823014177	-61.489164215867
882.11798095703	37.275392477488	-60.599334388778
883.11700439453	37.299480625908	-59.705126927411
884.11602783203	37.335946305384	-58.805482469205
885.11499023438	37.385551036879	-57.899294276030
886.11401367188	37.449916409325	-56.986235832458
887.11297607422	37.530679787666	-56.066830315946
888.11199951172	37.629038215016	-55.142602476708
889.11102294922	37.745168515270	-54.215389207676
890.10998535156	37.878243838792	-53.286774905742
891.10900878906	38.026722972562	-52.357471556533
892.10797119141	38.189066125125	-51.426961354215
893.10699462891	38.364393726243	-50.493841715574
894.10601806641	38.552955811558	-49.556315449989
895.10498046875	38.756150724727	-48.612923367582
896.10400390625	38.976044750308	-47.663055701289
897.10302734375	39.214874192283	-46.707287390134
898.10198974609	39.474293396706	-45.747124606888
899.10101318359	39.755028377100	-44.784495167984
900.09997558594	40.056844539765	-43.821154455230
901.09899902344	40.378974614433	-42.858328088480
902.09802246094	40.720423372997	-41.896377143072
903.09698486328	41.080580091392	-40.935100265268
904.09600830078	41.459387547222	-39.974035968563
905.09497070313	41.857339694612	-39.012951924724
906.09399414063	42.275033426256	-38.051942162940
907.09301757813	42.713032390049	-37.091596299049
908.09197998047	43.171403163333	-36.132584861836
909.09100341797	43.649884779553	-35.175384993810
910.09002685547	44.148036561060	-34.219944902278
911.08898925781	44.665735397976	-33.265713410547
912.08801269531	45.203461989020	-32.311836854734
913.08697509766	45.762501470345	-31.357693380572
914.08599853516	46.344631406094	-30.403260453565
915.08502197266	46.951775795333	-29.449471121930
916.08398437500	47.585336523876	-28.498069801793
917.08300781250	48.245908131505	-27.551305766946
918.08197021484	48.933052869948	-26.611290255274
919.08099365234	49.645537860297	-25.679501659660
920.08001708984	50.381927071956	-24.756460439326
921.07897949219	51.141055266618	-23.841765716864
922.07800292969	51.922528873553	-22.934477289434
923.07702636719	52.726832242267	-22.033664535245
924.07598876953	53.555097079230	-21.138871201242
925.07501220703	54.408631919116	-20.250344523671
926.07397460938	55.288478747924	-19.368883074947
927.07299804688	56.195156808248	-18.495448946488
928.07202148438	57.128755443721	-17.630712588298
929.07098388672	58.089328331268	-16.774788639869
930.07000732422	59.077401399963	-15.927275991858
931.06896972656	60.094321825289	-15.087662555856
932.06799316406	61.142323081783	-14.255914348138
933.06701660156	62.224169776210	-13.432979691973
934.06597900391	63.342535575930	-12.621024974082
935.06500244141	64.499372862223	-11.823234833791
936.06402587891	65.695479697099	-11.043255313670
937.06298828125	66.930505781335	-10.284498646105
938.06201171875	68.203390057418	-9.5495949850644
939.06097412109	69.513027000355	-8.8402302974773
940.05999755859	70.858892893776	-8.1574584925333
941.05902099609	72.241318264653	-7.5023624914403
942.05798339844	73.661254453368	-6.8767294552303
943.05700683594	75.119615545204	-6.2834241934149
944.05603027344	76.616520272653	-5.7262446268738
945.05499267578	78.150788092018	-5.2092845641567
946.05401611328	79.719953508894	-4.7360842295085
947.05297851563	81.320845426246	-4.3089664575520
948.05200195313	82.950520018228	-3.9289156333309
949.05102539063	84.607036090763	-3.5960880284447
950.04998779297	86.289752652704	-3.3107633142703
951.04901123047	87.998862774719	-3.0743039428877
952.04797363281	89.734402759269	-2.8896075788558
953.04699707031	91.495064219925	-2.7607604924850
954.04602050781	93.277507802001	-2.6919397731458
955.04498291016	95.076481537259	-2.6859970960048
956.04400634766	96.886005595920	-2.7433825498819
957.04302978516	98.700933446070	-2.8619871068212
958.04199218750	100.51854339174	-3.0381366282711
959.04101562500	102.33904739920	-3.2684025913944
960.03997802734	104.16493969533	-3.5514889287857
961.03900146484	105.99910949182	-3.8892970923677
962.03802490234	107.84270894830	-4.2866187107584
963.03698730469	109.69354853512	-4.7494598702836
964.03601074219	111.54596272471	-5.2826670713494
965.03497314453	113.39210846511	-5.8878608552596
966.03399658203	115.22452446435	-6.5626893464227
967.03302001953	117.03858218860	-7.3018176314349
968.03198242188	118.83383120139	-8.0993428845880
969.03100585938	120.61356901528	-8.9516094154383
970.03002929688	122.38269474919	-9.8591674220143
971.02899169922	124.14468506827	-10.826964001555
972.02801513672	125.89927394821	-11.862669354285
973.02697753906	127.64145296433	-12.973856803130
974.02600097656	129.36272053512	-14.165357713652
975.02502441406	131.05338257104	-15.437918949586
976.02398681641	132.70517282269	-16.788763525471
977.02301025391	134.31281071487	-18.213663324580
978.02197265625	135.87354068456	-19.709297393474
979.02099609375	137.38538351619	-21.274695506093
980.02001953125	138.84468237879	-22.910803100951
981.01898193359	140.24480758808	-24.618485865121
982.01800537109	141.57665520465	-26.395951069292
983.01702880859	142.83091902760	-28.237133655255
984.01599121094	144.00118294388	-30.132172538381
985.01501464844	145.08602033555	-32.069899934471
986.01397705078	146.08881393406	-34.041381960723
987.01300048828	147.01526219305	-36.042721712605
988.01202392578	147.86940878830	-38.075423126946
989.01098632813	148.65006784822	-40.143927594819
990.01000976563	149.34996992049	-42.251467617010
991.00897216797	149.95753290652	-44.395651924885
992.00799560547	150.46157328457	-46.566688719154
993.00701904297	150.85603082087	-48.748528467878
994.00598144531	151.14326202254	-50.923502422810
995.00500488281	151.33337138506	-53.077620805197
996.00402832031	151.44034235706	-55.204566624252
997.00299072266	151.47654322499	-57.306380315587
998.00201416016	151.44805557922	-59.390310739498
999.00097656250	151.35290798601	-61.463369921204
1000.0000000000	151.18360448697	-63.527543113654
