#Parameters = {Z=50; d_bond=150; eps_eff=6; h_bond=180; l_bond=700; l_f=4971; p1=175; p2=250; r_bond=25; t=0.1; w=24}
#"Frequency / GHz"	"Z4,4 [Real/Imaginary Part] [Re]"	"Z4,4 [Real/Imaginary Part] [Im]"
#-------------------------------------------------------------------------------------
1.0000000000000	640.67268063601	-3356.9834478171
1.9989999532700	90.737330482284	-1694.2817005194
2.9979999065399	10.562512268523	-1099.5872652482
3.9969999790192	0.0011738215302946	-804.02609291260
4.9959998130798	4.1532601062562	-633.66680206390
5.9949998855591	9.3127998706052	-526.38181281998
6.9939999580383	11.540625424595	-453.78949141222
7.9930000305176	10.327134374653	-400.73394218525
8.9919996261597	6.9032591865865	-358.56176323880
9.9910001754761	3.2303787834556	-322.77986837459
10.989999771118	0.86146803117510	-291.73609519512
11.989000320435	0.24364928614419	-265.18160446784
12.987999916077	0.87476955416639	-243.05275231652
13.987000465393	1.8872474150645	-224.92003882847
14.986000061035	2.5420541122071	-209.96675925209
15.984999656677	2.4963741621801	-197.19565469843
16.983999252319	1.8639247617104	-185.71414926973
17.982999801636	1.0622981687297	-174.98925516508
18.982000350952	0.51474186856158	-164.91861199407
19.981000900269	0.40618135051614	-155.66842778771
20.979999542236	0.63924632017386	-147.42002633797
21.979000091553	0.95726980472883	-140.19732381378
22.978000640869	1.1139726771810	-133.83188754387
23.976999282837	1.0027781943912	-128.03834787766
24.975999832153	0.69656253260510	-122.54840317605
25.975000381470	0.38096809198431	-117.22903204716
26.974000930786	0.22663551530576	-112.11109714769
27.972999572754	0.29054003357747	-107.31855407694
28.972000122070	0.50217901590262	-102.96086614579
29.971000671387	0.72144957863368	-99.057933267786
30.969999313354	0.82197322353040	-95.526204516265
31.968999862671	0.75683853604222	-92.221423784916
32.967998504639	0.57520813114603	-89.012316104766
33.966999053955	0.38221919423949	-85.841593850987
34.965999603271	0.27025602378562	-82.736828042194
35.965000152588	0.26937644012182	-79.770230217530
36.964000701904	0.34347972748836	-77.001532048063
37.963001251221	0.42448415811781	-74.440448373203
38.962001800537	0.45831371557794	-72.044799600328
39.960998535156	0.43554876366668	-69.750095734791
40.959999084473	0.39053416697213	-67.509733814092
41.958999633789	0.37181019025055	-65.320228174983
42.958000183105	0.40584131568457	-63.214614358277
43.957000732422	0.47834720808021	-61.233470120418
44.956001281738	0.54302220007520	-59.392075417921
45.955001831055	0.55057888696844	-57.664600182189
46.953998565674	0.48047324010999	-55.994066116285
47.952999114990	0.35604619715557	-54.322531698835
48.951999664307	0.23238560426375	-52.623426698176
49.951000213623	0.16489569428990	-50.914187973548
50.950000762939	0.17972482460867	-49.243004736203
51.949001312256	0.26284794482218	-47.660419771103
52.948001861572	0.37071627106059	-46.193181077369
53.946998596191	0.45421492686935	-44.832347446529
54.945999145508	0.48343627285256	-43.540543788457
55.944999694824	0.46025700816751	-42.273615536712
56.944000244141	0.41185982833070	-41.003849782371
57.943000793457	0.37055754643228	-39.730531868280
58.942001342773	0.35418452654128	-38.472404747222
59.941001892090	0.35942357541263	-37.249983985136
60.939998626709	0.36992263172870	-36.070464208212
61.938999176025	0.37181608364471	-34.924260254032
62.937999725342	0.36530592657785	-33.794443089700
63.937000274658	0.36494945677976	-32.670759538302
64.935997009277	0.38931819590161	-31.558901203681
65.934997558594	0.44733318863901	-30.478995245337
66.933998107910	0.52953664679337	-29.454815744130
67.932998657227	0.60929161403842	-28.499270422053
68.931999206543	0.65412856362202	-27.603931819272
69.930999755859	0.64227837000768	-26.739076918895
70.930000305176	0.57562138788264	-25.865718668694
71.929000854492	0.48053207947310	-24.954190710835
72.928001403809	0.39532869827370	-23.998035777463
73.927001953125	0.35245615169864	-23.014982126567
74.926002502441	0.36581911280121	-22.036684439256
75.925003051758	0.42819048718900	-21.094382333983
76.924003601074	0.51724361770081	-20.207562726068
77.922996520996	0.60590529502268	-19.379120885312
78.921997070313	0.67240811183579	-18.597448231637
79.920997619629	0.70620657435235	-17.843504155705
80.919998168945	0.70811438693595	-17.098655093121
81.918998718262	0.68622090406758	-16.349755084363
82.917999267578	0.65108803298976	-15.590120652945
83.916999816895	0.61271292688316	-14.817937811631
84.916000366211	0.57979488669975	-14.034479530300
85.915000915527	0.55966402814759	-13.243613979876
86.914001464844	0.55762187512163	-12.451697981406
87.913002014160	0.57558694627493	-11.666854566476
88.912002563477	0.61130248699813	-10.897050670203
89.911003112793	0.65908264536088	-10.147674180124
90.910003662109	0.71210987001755	-9.4202729929994
91.908996582031	0.76493470357799	-8.7132587602629
92.907997131348	0.81452420487629	-8.0241416206542
93.906997680664	0.85903327266612	-7.3516058544776
94.905998229980	0.89537726396446	-6.6954075907487
95.904998779297	0.91778228424814	-6.0539247814389
96.903999328613	0.91927906648816	-5.4207675955664
97.902999877930	0.89626408946519	-4.7834070097189
98.902000427246	0.85363683557146	-4.1260913176136
99.901000976563	0.80677552316204	-3.4366299137721
100.90000152588	0.77797600824036	-2.7135690582088
101.89900207520	0.78830866928507	-1.9696325435334
102.89800262451	0.84856938723122	-1.2289848459620
103.89700317383	0.95364038121209	-0.51905380600476
104.89600372314	1.0829595373090	0.13971514283464
105.89499664307	1.2074351467630	0.74207864030813
106.89399719238	1.3001598457706	1.3001682648011
107.89299774170	1.3461179176629	1.8384974560730
108.89199829102	1.3463241543990	2.3842549291891
109.89099884033	1.3150540375956	2.9580765785051
110.88999938965	1.2728724898742	3.5693222086599
111.88899993896	1.2398401705241	4.2165824842917
112.88800048828	1.2316864935209	4.8909971041894
113.88700103760	1.2588918057255	5.5793008554649
114.88600158691	1.3266016366709	6.2651417578990
115.88500213623	1.4333179394108	6.9298523658199
116.88400268555	1.5684545359028	7.5546624220661
117.88300323486	1.7107988168631	8.1260767936344
118.88200378418	1.8312749911536	8.6431034882557
119.88099670410	1.9014872250984	9.1224769740408
120.87999725342	1.9056104102588	9.5969093828211
121.87899780273	1.8494604935538	10.104694927954
122.87799835205	1.7604528309601	10.674956853324
123.87699890137	1.6777942927565	11.316217619991
124.87599945068	1.6379258425577	12.013829267660
125.87500000000	1.6621381851527	12.736678609719
126.87400054932	1.7509957202053	13.449219176764
127.87300109863	1.8869291596111	14.123641412178
128.87199401855	2.0430943983692	14.747544558265
129.87100219727	2.1940398259222	15.324009722435
130.86999511719	2.3226089310688	15.865570961693
131.86900329590	2.4203295040537	16.386931809300
132.86799621582	2.4834963746639	16.901640871829
133.86700439453	2.5105042962336	17.423885118506
134.86599731445	2.5040064373663	17.971117702828
135.86500549316	2.4762644097718	18.562383228703
136.86399841309	2.4521496191531	19.210682393829
137.86300659180	2.4650044224964	19.913190081226
138.86199951172	2.5449177574143	20.645696004622
139.86099243164	2.7039361293355	21.366282138064
140.86000061035	2.9254398129818	22.029602932273
141.85899353027	3.1652008971684	22.607359141365
142.85800170898	3.3678229382765	23.105186683567
143.85699462891	3.4928661882184	23.563725993951
144.85600280762	3.5356165950037	24.039884681011
145.85499572754	3.5282696971720	24.578035976712
146.85400390625	3.5206257167501	25.189486889516
147.85299682617	3.5528625871875	25.851301979556
148.85200500488	3.6359665806029	26.523917703633
149.85099792480	3.7502547045524	27.177027052936
150.85000610352	3.8629203660711	27.808671242200
151.84899902344	3.9549118642370	28.445401488406
152.84800720215	4.0395917314116	29.121313237434
153.84700012207	4.1592651961326	29.848631764250
154.84599304199	4.3600297903689	30.599244241317
155.84500122070	4.6581778981154	31.309393174381
156.84399414063	5.0166900573498	31.909484172655
157.84300231934	5.3487837828795	32.367188175686
158.84199523926	5.5557012275846	32.720103692498
159.84100341797	5.5824964875067	33.070928286130
160.83999633789	5.4551558913558	33.540631225156
161.83900451660	5.2730620923708	34.209037305606
162.83799743652	5.1651326888170	35.078662961833
163.83700561523	5.2373521052071	36.074483554682
164.83599853516	5.5323110968161	37.071951812999
165.83500671387	6.0102478779631	37.942728388997
166.83399963379	6.5600293622330	38.606743874015
167.83299255371	7.0441899668565	39.069514532358
168.83200073242	7.3614618282197	39.419407716907
169.83099365234	7.4897162330268	39.781196077606
170.83000183105	7.4831990599970	40.256634547506
171.82899475098	7.4339277030679	40.888760836647
172.82800292969	7.4277670239145	41.662153306670
173.82699584961	7.5175268075401	42.526130212666
174.82600402832	7.7180806453688	43.422743745669
175.82499694824	8.0173650295289	44.306274750882
176.82400512695	8.3925584570778	45.148849549301
177.82299804688	8.8211508216780	45.934756779117
178.82200622559	9.2814719713757	46.651893659223
179.82099914551	9.7459281470975	47.289878946147
180.82000732422	10.176087606227	47.848023239066
181.81900024414	10.528202753371	48.347325121776
182.81799316406	10.769505893422	48.835953802919
183.81700134277	10.896781161894	49.380289431904
184.81599426270	10.945172973003	50.044264165711
185.81500244141	10.981802779280	50.866864993082
186.81399536133	11.087907805020	51.848141086345
187.81300354004	11.337122803288	52.946878483488
188.81199645996	11.776184081816	54.088496528300
189.81100463867	12.410717927990	55.180661044544
190.80999755859	13.198562296057	56.134769739616
191.80900573730	14.053714594715	56.890858678138
192.80799865723	14.864608805615	57.440569759030
193.80700683594	15.525635490188	57.837823360275
194.80599975586	15.972541559522	58.188739285681
195.80499267578	16.206501829484	58.621142052836
196.80400085449	16.295764430899	59.245518740270
197.80299377441	16.355817349799	60.123208514419
198.80200195313	16.518071705910	61.250913393077
199.80099487305	16.897288154280	62.561896314001
200.80000305176	17.563707997887	63.940725787634
201.79899597168	18.523423774041	65.249178263114
202.79800415039	19.712331928884	66.360855676554
203.79699707031	21.009585435078	67.197456814628
204.79600524902	22.271184821398	67.752984562158
205.79499816895	23.372107666900	68.094323214528
206.79400634766	24.239423073302	68.338002484701
207.79299926758	24.865231688739	68.616437124908
208.79200744629	25.301654874833	69.047752367869
209.79100036621	25.647083206603	69.714817925591
210.78999328613	26.029776436474	70.650640897258
211.78900146484	26.587852278290	71.826727676209
212.78799438477	27.441849724122	73.145933692696
213.78700256348	28.657312770155	74.447418030118
214.78599548340	30.203790000334	75.536279202690
215.78500366211	31.931047591498	76.246761701269
216.78399658203	33.594739162712	76.524568872503
217.78300476074	34.946109323525	76.481673706095
218.78199768066	35.847903065731	76.370792627263
219.78100585938	36.342331310551	76.481745719832
220.77999877930	36.629730365525	77.024440808248
221.77900695801	36.986126440526	78.061924982709
222.77799987793	37.673056440504	79.505755132716
223.77699279785	38.869408575492	81.150683474263
224.77600097656	40.628286119138	82.729679522153
225.77499389648	42.860344036426	83.982979725617
226.77400207520	45.353532035615	84.733312764349
227.77299499512	47.836084321775	84.942456029247
228.77200317383	50.064291323329	84.720133278706
229.77099609375	51.895477405961	84.278660552744
230.77000427246	53.316457958174	83.860401709979
231.76899719238	54.429369954673	83.673514354938
232.76800537109	55.416732008864	83.851815841300
233.76699829102	56.504023975063	84.434785098310
234.76600646973	57.923070983212	85.356774201839
235.76499938965	59.870437078161	86.442497753244
236.76400756836	62.454236140133	87.416053923243
237.76300048828	65.633030543190	87.941252334771
238.76199340820	69.171607005172	87.710469632762
239.76100158691	72.661440175243	86.572874003647
240.75999450684	75.641248644216	84.641077034458
241.75900268555	77.782698160520	82.288244264313
242.75799560547	79.030254447880	80.009691707019
243.75700378418	79.607008563287	78.232641565278
244.75599670410	79.907070399640	77.186983425721
245.75500488281	80.362445128452	76.875072891016
246.75399780273	81.344654671045	77.102939184119
247.75300598145	83.101395738559	77.525523100950
248.75199890137	85.700687832430	77.695410756360
249.75100708008	88.969839839822	77.141007236577
250.75000000000	92.464148270472	75.508592141184
251.74899291992	95.546338857522	72.750689691869
252.74800109863	97.626159404230	69.241521125995
253.74699401855	98.458452895210	65.671215941179
254.74600219727	98.278024442233	62.734549914672
255.74499511719	97.670768245525	60.829410011952
256.74398803711	97.310096641591	59.944506642016
257.74301147461	97.733962434229	59.718417530160
258.74200439453	99.212125702169	59.563677149776
259.74099731445	101.66578791332	58.810050827183
260.73999023438	104.63049766178	56.894923487578
261.73901367188	107.33934766164	53.608275836341
262.73800659180	109.00631238029	49.269074790113
263.73699951172	109.21132945409	44.633186569823
264.73599243164	108.09867180951	40.520447200951
265.73498535156	106.23079323349	37.438861235425
266.73400878906	104.26579422403	35.460881370803
267.73300170898	102.70919162821	34.329443783423
268.73199462891	101.82102823686	33.631413120335
269.73098754883	101.62291576787	32.936707055975
270.73001098633	101.94265471939	31.891929293504
271.72900390625	102.47508922850	30.286612870575
272.72799682617	102.86377226129	28.095493320681
273.72698974609	102.80078368293	25.479626280487
274.72601318359	102.11747024798	22.730850787724
275.72500610352	100.82750038391	20.172812633884
276.72399902344	99.104381226873	18.060062459621
277.72299194336	97.212180818407	16.515516572860
278.72198486328	95.426351733813	15.518012354123
279.72100830078	93.971742050200	14.925012375781
280.72000122070	92.982926149375	14.509441653729
281.71899414063	92.478419856840	14.000376039483
282.71798706055	92.342632704316	13.131625226677
283.71701049805	92.322727893545	11.708011089267
284.71600341797	92.064786305837	9.6871546236458
285.71499633789	91.213461438942	7.2426140766275
286.71398925781	89.558064321743	4.7472179697167
287.71301269531	87.144598890144	2.6450242003463
288.71200561523	84.266899308350	1.2705931858653
289.71099853516	81.337958392210	0.72866267705479
290.70999145508	78.732351873289	0.89208854997622
291.70901489258	76.682488112668	1.4828390773110
292.70800781250	75.244341930049	2.1722586247033
293.70700073242	74.309045717511	2.6680783227849
294.70599365234	73.643503971952	2.7855846502625
295.70498657227	72.961889057732	2.4985891011821
296.70401000977	72.024628409944	1.9464771270422
297.70300292969	70.730087169536	1.3741934214877
298.70199584961	69.145711748683	1.0226241257180
299.70098876953	67.458689380881	1.0300917913651
300.70001220703	65.883700172025	1.3962971628166
301.69900512695	64.583641154288	2.0089320728835
302.69799804688	63.630636061416	2.6989186782146
303.69699096680	63.002475015879	3.2942744115804
304.69601440430	62.599714919861	3.6612461990470
305.69500732422	62.274145452549	3.7321159213140
306.69400024414	61.865095896550	3.5192123099572
307.69299316406	61.239594334345	3.1115219087353
308.69198608398	60.327507808350	2.6510512015143
309.69100952148	59.139737170810	2.2928882143864
310.69000244141	57.761628106070	2.1615478259631
311.68899536133	56.324252325394	2.3191713918280
312.68798828125	54.965631692732	2.7551345543507
313.68701171875	53.795583054693	3.3963168278968
314.68600463867	52.872368547163	4.1305936577686
315.68499755859	52.192962219229	4.8358114614021
316.68399047852	51.696261345099	5.4093028089462
317.68301391602	51.279183450082	5.7939745557501
318.68200683594	50.825256495908	5.9948007929635
319.68099975586	50.240313784159	6.0777428769104
320.67999267578	49.482954205817	6.1473329189900
321.67898559570	48.575924514445	6.3099377907478
322.67800903320	47.593435272834	6.6386557536829
323.67700195313	46.632461063765	7.1541972322192
324.67599487305	45.782072438800	7.8254079210827
325.67498779297	45.101110796910	8.5836508309640
326.67401123047	44.606947275560	9.3430125699231
327.67300415039	44.273944556162	10.021204005144
328.67199707031	44.040214978566	10.558838244475
329.67098999023	43.822569253074	10.934699838463
330.67001342773	43.538641648115	11.172569042627
331.66900634766	43.131137960783	11.334843404151
332.66799926758	42.585053228312	11.502485987636
333.66699218750	41.929695296348	11.748303277963
334.66598510742	41.224695975032	12.115085235401
335.66500854492	40.537445845504	12.607112002644
336.66400146484	39.922315188474	13.195794488064
337.66299438477	39.408432756616	13.833912735459
338.66198730469	38.997548557424	14.471512146909
339.66101074219	38.669407751282	15.068328134020
340.66000366211	38.390804031867	15.600468755837
341.65899658203	38.124581406901	16.061823030265
342.65798950195	37.836521024461	16.462221885075
343.65701293945	37.500232687898	16.824599023156
344.65600585938	37.101531329256	17.181747340359
345.65499877930	36.642749913980	17.571274103752
346.65399169922	36.145487311982	18.027385711026
347.65301513672	35.648384589839	18.570265066969
348.65200805664	35.198256259088	19.196893622924
349.65100097656	34.835882958202	19.877913570894
350.64999389648	34.580895222334	20.563529383366
351.64898681641	34.421598656934	21.198257466962
352.64801025391	34.315032915658	21.740812804176
353.64700317383	34.200012733432	22.181800674762
354.64599609375	34.020287154672	22.550205113368
355.64498901367	33.747968999698	22.903049300532
356.64401245117	33.394954076479	23.301524071687
357.64300537109	33.005917512914	23.785725872202
358.64199829102	32.637555900365	24.360703666659
359.64099121094	32.335393494669	24.998735293011
360.64001464844	32.118556539271	25.654170957591
361.63900756836	31.976965539760	26.282543234119
362.63800048828	31.879819820775	26.855981929144
363.63699340820	31.790209015048	27.369514072958
364.63598632813	31.678643648339	27.837327431529
365.63500976563	31.530021014095	28.283009775569
366.63400268555	31.342610851689	28.729915077615
367.63299560547	31.122873249773	29.196501460374
368.63198852539	30.881203484965	29.696579911725
369.63101196289	30.631246872520	30.240960935990
370.63000488281	30.391420732372	30.836612054921
371.62899780273	30.185166843428	31.482735267360
372.62799072266	30.036603596486	32.166053476757
373.62701416016	29.962363754254	32.859732862987
374.62600708008	29.963017003648	33.528655058546
375.62500000000	30.018872012243	34.140333018730
376.62399291992	30.093922416454	34.677403883845
377.62298583984	30.147904274594	35.145652970244
378.62200927734	30.151211310344	35.572206195375
379.62100219727	30.095448582732	35.994479890513
380.61999511719	29.993954262004	36.445259021169
381.61898803711	29.873313996384	36.941934136324
382.61801147461	29.761157825435	37.483855111883
383.61700439453	29.676476995314	38.057600452179
384.61599731445	29.626334809281	38.645696574474
385.61499023438	29.608679518104	39.233683238446
386.61401367188	29.617590075203	39.812367287652
387.61300659180	29.646857875597	40.376023190120
388.61199951172	29.689931515930	40.919807258343
389.61099243164	29.737387409368	41.439596697055
390.60998535156	29.775753658749	41.935299106022
391.60900878906	29.789988855949	42.415103708610
392.60800170898	29.769719027457	42.897133555670
393.60699462891	29.716409927210	43.405763321185
394.60598754883	29.646761710072	43.962863444866
395.60501098633	29.589141324642	44.577990723373
396.60400390625	29.574104440041	45.242804080058
397.60299682617	29.623104854505	45.932590457385
398.60198974609	29.740485302751	46.614483733403
399.60101318359	29.911617169679	47.258617395908
400.60000610352	30.108286924126	47.848468459073
401.59899902344	30.298698199868	48.385811924071
402.59799194336	30.458220614982	48.888830380971
403.59698486328	30.576492671839	49.384785640187
404.59600830078	30.658693047035	49.900776724411
405.59500122070	30.722033020165	50.456487586759
406.59399414063	30.790077202911	51.060385671542
407.59298706055	30.886981003074	51.709059737401
408.59201049805	31.032479860192	52.388410045644
409.59100341797	31.237681516790	53.076504059893
410.58999633789	31.502028999470	53.748087101364
411.58898925781	31.812158095226	54.380660883391
412.58801269531	32.144201791095	54.961263683821
413.58700561523	32.470336066524	55.491685984850
414.58599853516	32.767796486908	55.988914699349
415.58499145508	33.027250737641	56.480028179320
416.58401489258	33.256163356913	56.992442273383
417.58300781250	33.475956953366	57.544306190080
418.58200073242	33.713873139243	58.138562273724
419.58099365234	33.993464477095	58.763010632172
420.57998657227	34.327333377763	59.395579262174
421.57901000977	34.714603006067	60.012203819977
422.57800292969	35.142946043583	60.593890477719
423.57699584961	35.593650944839	61.130963110392
424.57598876953	36.047032974307	61.623695827159
425.57501220703	36.486711832362	62.080862573574
426.57400512695	36.902235042949	62.517100385287
427.57299804688	37.290956530689	62.950146531561
428.57199096680	37.658921270597	63.397277012958
429.57101440430	38.020355572584	63.871084075310
430.57000732422	38.394942044320	64.375243409378
431.56900024414	38.802161042161	64.901981599584
432.56799316406	39.254504132080	65.433205941005
433.56698608398	39.751909071745	65.946024585152
434.56600952148	40.280568497859	66.421281682011
435.56500244141	40.817564687008	66.851638552722
436.56399536133	41.339941509366	67.244878884285
437.56298828125	41.834037580775	67.620802313588
438.56201171875	42.300396339768	68.002821913063
439.56100463867	42.752197849232	68.408823447678
440.55999755859	43.208664570344	68.845923750474
441.55899047852	43.687536188155	69.310657264129
442.55801391602	44.200778337724	69.793640591552
443.55700683594	44.754670891265	70.284240728412
444.55599975586	45.352651130464	70.772764037286
445.55499267578	45.997459488239	71.248839695826
446.55398559570	46.689704430486	71.698938459538
447.55300903320	47.423557573004	72.106452817107
448.55200195313	48.182795599733	72.456600689345
449.55099487305	48.941816742391	72.744691629587
450.54998779297	49.673351541793	72.982829330912
451.54901123047	50.360660463137	73.199811372344
452.54800415039	51.007922674523	73.431880640144
453.54699707031	51.642379578772	73.707753840943
454.54598999023	52.305828570418	74.034759750447
455.54501342773	53.038855876384	74.393224587109
456.54400634766	53.864410850102	74.741763655483
457.54299926758	54.778006312580	75.031817375813
458.54199218750	55.748611065308	75.225083503924
459.54098510742	56.729814856355	75.306764903508
460.54000854492	57.676365659756	75.289103304354
461.53900146484	58.558578426315	75.204615118526
462.53799438477	59.368921731537	75.093002747867
463.53698730469	60.119859244951	74.988661287830
464.53601074219	60.836476570835	74.913261203147
465.53500366211	61.548496620487	74.873782328979
466.53399658203	62.284340705195	74.863671243491
467.53298950195	63.067128627420	74.864782904333
468.53201293945	63.910661276402	74.849204036109
469.53100585938	64.814755386653	74.782637378940
470.52999877930	65.761085556989	74.631389789531
471.52899169922	66.713183491159	74.372865520852
472.52801513672	67.623724468625	74.006490087384
473.52700805664	68.448801338877	73.559000195905
474.52600097656	69.164945329324	73.079741591601
475.52499389648	69.780377770380	72.625077040011
476.52398681641	70.334754125373	72.238091997163
477.52301025391	70.886219544420	71.931997525041
478.52200317383	71.490906650239	71.684228233184
479.52099609375	72.182813349746	71.443587641703
480.51998901367	72.960932114625	71.147414458001
481.51901245117	73.788658421353	70.743612932126
482.51800537109	74.605579746257	70.209096635192
483.51699829102	75.348542968282	69.558336256516
484.51599121094	75.973278920686	68.837762757423
485.51501464844	76.468588872261	68.108803090104
486.51400756836	76.857358826842	67.426543076513
487.51300048828	77.185818286739	66.823176156926
488.51199340820	77.506432705618	66.300972949215
489.51098632813	77.861600411255	65.835873712797
490.51000976563	78.272733786310	65.388021007708
491.50900268555	78.736885321749	64.915394984065
492.50799560547	79.230518687893	64.386449345732
493.50698852539	79.718817702226	63.788440515891
494.50601196289	80.167763466322	63.129793817815
495.50500488281	80.555335224509	62.435592097774
496.50399780273	80.878318770976	61.737773637372
497.50299072266	81.152826572188	61.063422930689
498.50201416016	81.408007000689	60.424643251479
499.50100708008	81.675436739632	59.813644646002
500.50000000000	81.977610060623	59.204441336415
501.49899291992	82.318936396020	58.560486676692
502.49798583984	82.682551940397	57.846043768197
503.49700927734	83.033534992852	57.037381197522
504.49600219727	83.327517616896	56.130592624805
505.49499511719	83.522054211211	55.143416273494
506.49398803711	83.586295659016	54.111075618483
507.49301147461	83.506986421101	53.078685844541
508.49200439453	83.289839260311	52.092906130110
509.49099731445	82.958138523569	51.194984507496
510.48999023438	82.549905105843	50.414882738322
511.48901367188	82.113724060346	49.765785962072
512.48797607422	81.701965437278	49.239073852246
513.48699951172	81.360305565383	48.801772502014
514.48602294922	81.114624130005	48.399765397987
515.48498535156	80.959248700472	47.969390057645
516.48400878906	80.852538628163	47.456702541003
517.48297119141	80.725482822409	46.839178079333
518.48199462891	80.504441507384	46.139892140231
519.48101806641	80.141244646904	45.424487524097
520.47998046875	79.636347693734	44.777908614031
521.47900390625	79.042087332579	44.270115228793
522.47802734375	78.443035049701	43.927131619821
523.47698974609	77.923008432627	43.720850055352
524.47601318359	77.533479030636	43.580788548789
525.47497558594	77.275922779022	43.421685488953
526.47399902344	77.103804824115	43.175382263631
527.47302246094	76.943090859474	42.814861397836
528.47198486328	76.722632685430	42.360368249896
529.47100830078	76.400517852267	41.865396520880
530.46997070313	75.974421190221	41.390726221978
531.46899414063	75.473195601163	40.980559724094
532.46801757813	74.937597362585	40.651953894752
533.46697998047	74.402740057159	40.398955047263
534.46600341797	73.889900269532	40.204315554850
535.46502685547	73.408461320765	40.050021871043
536.46398925781	72.961957168750	39.920772033447
537.46301269531	72.551736082042	39.801731263904
538.46197509766	72.174982581959	39.675431998175
539.46099853516	71.819510253237	39.523412113840
540.46002197266	71.461046870789	39.333790208877
541.45898437500	71.067979824155	39.110812931710
542.45800781250	70.613633215801	38.879367883328
543.45697021484	70.090342765091	38.679210812995
544.45599365234	69.516697338282	38.549904336150
545.45501708984	68.932778558604	38.513749840448
546.45397949219	68.385196704231	38.565752686453
547.45300292969	67.909350844593	38.675502469255
548.45202636719	67.517259661894	38.799260838550
549.45098876953	67.195632114636	38.896215913004
550.45001220703	66.913897522949	38.941337367996
551.44897460938	66.636984760279	38.930002850375
552.44799804688	66.336649536381	38.874022720972
553.44702148438	65.996345224378	38.793197060351
554.44598388672	65.609899858739	38.708302378802
555.44500732422	65.177804104047	38.638412718042
556.44396972656	64.705690534998	38.601662159657
557.44299316406	64.206008847919	38.615190930385
558.44201660156	63.700271442646	38.691384131747
559.44097900391	63.217477182113	38.830968952225
560.44000244141	62.786431940988	39.017384969085
561.43902587891	62.424114768453	39.217334832154
562.43798828125	62.125246570064	39.389864690602
563.43701171875	61.859482120788	39.501748679167
564.43597412109	61.579481648840	39.542897481488
565.43499755859	61.238307038801	39.534002574457
566.43402099609	60.808740025258	39.521094092255
567.43298339844	60.295271933148	39.558684901586
568.43200683594	59.732592230112	39.689238449433
569.43103027344	59.172275233979	39.928618867593
570.42999267578	58.664631580143	40.262783363982
571.42901611328	58.243534341810	40.655054599785
572.42797851563	57.918645778843	41.059071810744
573.42700195313	57.675737387053	41.432448883580
574.42602539063	57.483049395049	41.747264332891
575.42498779297	57.301255774677	41.995753161892
576.42401123047	57.094089762791	42.190605547955
577.42297363281	56.837856083356	42.360589496649
578.42199707031	56.527717850811	42.542029425870
579.42102050781	56.179367781130	42.768114942914
580.41998291016	55.824728923206	43.058108854162
581.41900634766	55.502194915735	43.410014584591
582.41802978516	55.243534537970	43.799474589903
583.41699218750	55.061673059900	44.186555060355
584.41601562500	54.943789514243	44.529043567946
585.41497802734	54.853599967462	44.798456071429
586.41400146484	54.743342873149	44.992345435241
587.41302490234	54.571866663979	45.136831492428
588.41198730469	54.320694333017	45.277000454254
589.41101074219	54.000391228113	45.459213146022
590.40997314453	53.644375580957	45.714104590093
591.40899658203	53.294318413930	46.047795417446
592.40802001953	52.984815885149	46.444217356161
593.40698242188	52.734029133465	46.875003983985
594.40600585938	52.542697437982	47.311347451586
595.40502929688	52.399632035042	47.732168675042
596.40399169922	52.289362561768	48.126249134460
597.40301513672	52.197318388498	48.489640366709
598.40197753906	52.110693808481	48.821957888284
599.40100097656	52.016648391631	49.125256317945
600.40002441406	51.901450369392	49.406236776781
601.39898681641	51.753256008487	49.679086839667
602.39801025391	51.567889894514	49.965325226788
603.39697265625	51.354233049513	50.288497499599
604.39599609375	51.134907586448	50.665232525926
605.39501953125	50.940335597639	51.096904874635
606.39398193359	50.798307467337	51.566661256263
607.39300537109	50.723044921280	52.043580228972
608.39202880859	50.708969442713	52.492947371010
609.39099121094	50.731711286753	52.888501795666
610.39001464844	50.756245559367	53.221727130581
611.38897705078	50.748829373528	53.504550402530
612.38800048828	50.687873528341	53.764574654038
613.38702392578	50.569658339266	54.035551324377
614.38598632813	50.407675569696	54.347217440772
615.38500976563	50.227224849176	54.717940367652
616.38397216797	50.058264513458	55.151637770251
617.38299560547	49.928408111406	55.638058550151
618.38201904297	49.857084750598	56.155367861748
619.38098144531	49.851242768769	56.675045613967
620.38000488281	49.902802168593	57.168218633154
621.37902832031	49.989704674342	57.613591498993
622.37799072266	50.081201785920	58.004534698963
623.37701416016	50.147275091840	58.352486415444
624.37597656250	50.169174271098	58.684013414962
625.37500000000	50.146558051604	59.031806410501
626.37402343750	50.097596973400	59.422655453256
627.37298583984	50.051836090375	59.868098288371
628.37200927734	50.039112962680	60.361308149966
629.37097167969	50.079425870673	60.881276061055
630.36999511719	50.177621371506	61.401539206646
631.36901855469	50.324730281936	61.899653659049
632.36798095703	50.503975555952	62.363046294654
633.36700439453	50.698098184199	62.789498439049
634.36602783203	50.894225154867	63.183551361490
635.36499023438	51.084415363479	63.551796781395
636.36401367188	51.263460162134	63.900683371987
637.36297607422	51.427037423276	64.237097512800
638.36199951172	51.572202187935	64.570399102624
639.36102294922	51.700402864871	64.912397354020
640.35998535156	51.820139373282	65.274352937064
641.35900878906	51.946573125028	65.661598661691
642.35797119141	52.096842094274	66.069220039816
643.35699462891	52.282670906819	66.481699238670
644.35601806641	52.504009708808	66.878152038039
645.35498046875	52.747176597388	67.240976251721
646.35400390625	52.989311051527	67.564290528181
647.35302734375	53.207768793347	67.857691451133
648.35198974609	53.389671522910	68.143086069600
649.35101318359	53.537501762013	68.446228053971
650.34997558594	53.668125651549	68.786904529373
651.34899902344	53.806042882034	69.172048505052
652.34802246094	53.975197700450	69.594607785236
653.34698486328	54.191795277466	70.036797757633
654.34600830078	54.460713798537	70.476075646234
655.34497070313	54.775560138786	70.891242910704
656.34399414063	55.121328466947	71.267183196931
657.34301757813	55.477912800589	71.597527756300
658.34197998047	55.824825225666	71.886120737735
659.34100341797	56.145209890051	72.146355420568
660.34002685547	56.430879392678	72.398948778677
661.33898925781	56.685197485529	72.667085138981
662.33801269531	56.923882229177	72.969982565212
663.33697509766	57.171696584473	73.316376183837
664.33599853516	57.455905691332	73.700584896979
665.33502197266	57.797624251391	74.102639845515
666.33398437500	58.205120983175	74.493399875082
667.33300781250	58.670153102662	74.842844649143
668.33197021484	59.169903438421	75.129110708164
669.33099365234	59.673674848588	75.345138193279
670.33001708984	60.151972813661	75.500467969274
671.32897949219	60.584763291918	75.617682829172
672.32800292969	60.966673359399	75.725277313420
673.32702636719	61.307150180316	75.849263950186
674.32598876953	61.626589067712	76.006461306071
675.32501220703	61.949729413271	76.200691044318
676.32397460938	62.299332997864	76.423116802429
677.32299804688	62.689516719403	76.655033979239
678.32202148438	63.122988701237	76.873697777918
679.32098388672	63.590373671604	77.058733645413
680.32000732422	64.073330054687	77.197961931876
681.31896972656	64.550488310961	77.290822145522
682.31799316406	65.004196751139	77.347905953315
683.31701660156	65.425771738006	77.386625306935
684.31597900391	65.817071262243	77.425049850187
685.31500244141	66.188256831691	77.476361415790
686.31402587891	66.553342181702	77.546134604987
687.31298828125	66.925840829204	77.632673218333
688.31201171875	67.315993263211	77.729145607629
689.31097412109	67.730136585855	77.825972214853
690.30999755859	68.170748442215	77.912012061252
691.30902099609	68.636167600952	77.975022755606
692.30798339844	69.119307642123	78.003063522358
693.30700683594	69.606666231425	77.986941912698
694.30603027344	70.079399893522	77.924636216988
695.30499267578	70.517621161090	77.824985901101
696.30401611328	70.907534870218	77.708058621854
697.30297851563	71.248077648485	77.600505617232
698.30200195313	71.553846138797	77.526881205058
699.30102539063	71.851696234246	77.500341597648
700.29998779297	72.172062974121	77.517075107490
701.29901123047	72.538398474362	77.556977398436
702.29797363281	72.959130792251	77.590950308582
703.29699707031	73.425607526582	77.591118177820
704.29602050781	73.916508459157	77.540227144879
705.29498291016	74.406897535539	77.436328906256
706.29400634766	74.877659454786	77.290813559003
707.29302978516	75.321563178220	77.121658594989
708.29199218750	75.743663349412	76.944877678623
709.29101562500	76.156901430994	76.768092678546
710.28997802734	76.575260368740	76.588201630647
711.28900146484	77.007500826090	76.393329617003
712.28802490234	77.453377607144	76.167550951449
713.28698730469	77.903052049112	75.896479446797
714.28601074219	78.339305326672	75.572058474268
715.28497314453	78.741899292987	75.195627346542
716.28399658203	79.092564821918	74.778231560609
717.28302001953	79.379917020959	74.338505366694
718.28198242188	79.602322190458	73.898040705902
719.28100585938	79.767832816973	73.475945787785
720.28002929688	79.891117954551	73.084445296836
721.27899169922	79.988576556749	72.727109674837
722.27801513672	80.073807751345	72.400214493456
723.27697753906	80.154953593152	72.096079472412
724.27600097656	80.234585397342	71.806753638570
725.27502441406	80.311462950002	71.526533665232
726.27398681641	80.382843517711	71.252713104650
727.27301025391	80.446081778317	70.985036385877
728.27197265625	80.499258546503	70.724853518339
729.27099609375	80.541312753640	70.474960124535
730.27001953125	80.572624540453	70.239569817327
731.26898193359	80.596523048002	70.024108491073
732.26800537109	80.620509038239	69.833157805249
733.26702880859	80.656209208647	69.667355412755
734.26599121094	80.716681917073	69.520361958580
735.26501464844	80.811689493161	69.378071824179
736.26397705078	80.942840254303	69.221085307552
737.26300048828	81.101032592293	69.030198992675
738.26202392578	81.268026506219	68.792943667189
739.26098632813	81.421573567309	68.507619106026
740.26000976563	81.542207639650	68.183508065270
741.25897216797	81.618348392568	67.836960999986
742.25799560547	81.647745848509	67.485750679202
743.25701904297	81.635560348011	67.144456561493
744.25598144531	81.590604860272	66.822393115407
745.25500488281	81.522523463570	66.524316590113
746.25402832031	81.440638112239	66.251715833613
747.25299072266	81.353947683370	66.003304711016
748.25201416016	81.270784559566	65.774428466221
749.25097656250	81.196912471095	65.556415857241
750.25000000000	81.132757001920	65.337942050399
751.24902343750	81.071505256052	65.108574430660
752.24798583984	81.000275499339	64.863816944693
753.24700927734	80.904945557637	64.608566223575
754.24597167969	80.776862003438	64.356714283923
755.24499511719	80.618033107789	64.125794648307
756.24401855469	80.441762410210	63.929245192659
757.24298095703	80.267780999481	63.769667141305
758.24200439453	80.114075915353	63.636765117806
759.24102783203	79.988977067804	63.510928663208
760.23999023438	79.887497482202	63.371012352142
761.23901367188	79.792979057890	63.202664801067
762.23797607422	79.683535169797	63.003666819709
763.23699951172	79.539890404300	62.784345860886
764.23602294922	79.351731734065	62.563384193889
765.23498535156	79.119994714302	62.361309203228
766.23400878906	78.855252928541	62.194542570380
767.23297119141	78.573697655853	62.071751565944
768.23199462891	78.292452526822	61.992933242287
769.23101806641	78.025666153710	61.950720867679
770.22998046875	77.781882194454	61.932840868362
771.22900390625	77.562615075272	61.925332988313
772.22802734375	77.362597331556	61.915991642897
773.22698974609	77.171415162800	61.897467924375
774.22601318359	76.976802161060	61.869291724664
775.22497558594	76.768618310574	61.837767295180
776.22399902344	76.542124245225	61.813547249216
777.22302246094	76.299306617101	61.807844393063
778.22198486328	76.047544622001	61.828621310699
779.22100830078	75.796523880934	61.878671992574
780.21997070313	75.554950046563	61.956015061460
781.21899414063	75.328658795262	62.056004605473
782.21801757813	75.120713176411	62.173654705458
783.21697998047	74.932761792660	62.304772223500
784.21600341797	74.766297879067	62.445540509614
785.21502685547	74.622844966621	62.591428826540
786.21398925781	74.502721268459	62.736509872148
787.21301269531	74.403698683438	62.874282489561
788.21197509766	74.320538448913	62.999518764669
789.21099853516	74.246295448445	63.110211432491
790.21002197266	74.174655681152	63.207936226998
791.20898437500	74.102074625285	63.296557852562
792.20800781250	74.028190911575	63.379565232304
793.20697021484	73.954313744742	63.458133838601
794.20599365234	73.880935976613	63.530955908304
795.20501708984	73.805845160295	63.595898147270
796.20397949219	73.724375687007	63.652706145119
797.20300292969	73.631404946554	63.704657056972
798.20202636719	73.524268069436	63.758199023067
799.20098876953	73.404327480825	63.820676859086
800.20001220703	73.276828369958	63.897568158083
801.19897460938	73.148864334099	63.990627845058
802.19799804688	73.026865482734	64.097860460215
803.19702148438	72.915050516251	64.214917271220
804.19598388672	72.815118499993	64.336689935455
805.19500732422	72.726769660936	64.458217674092
806.19396972656	72.648109305593	64.574918957048
807.19299316406	72.575485667853	64.682717057778
808.19201660156	72.502916144931	64.778934977939
809.19097900391	72.422617989292	64.863998092373
810.19000244141	72.326887518240	64.943035480484
811.18902587891	72.211385863403	65.025753585231
812.18798828125	72.078070286523	65.123855242655
813.18701171875	71.935833128233	65.246564511391
814.18597412109	71.797854067765	65.396466378641
815.18499755859	71.676631453088	65.567793378201
816.18402099609	71.578744476787	65.748490750400
817.18298339844	71.502088071404	65.925257080001
818.18200683594	71.437100823269	66.089315425546
819.18103027344	71.371255603093	66.239927373686
820.17999267578	71.294856985081	66.384305351017
821.17901611328	71.205132920824	66.533803905965
822.17797851563	71.106992491469	66.698740413690
823.17700195313	71.010298079667	66.884174447016
824.17602539063	70.925682025048	67.088444410171
825.17498779297	70.860697807584	67.304550975607
826.17401123047	70.817956844641	67.523116258541
827.17297363281	70.795168281314	67.735223287459
828.17199707031	70.786566021610	67.934477618376
829.17102050781	70.784557033987	68.117884974339
830.16998291016	70.781282036723	68.285932417944
831.16900634766	70.769925182372	68.442369427834
832.16802978516	70.746111243548	68.593558266471
833.16699218750	70.708924481951	68.747076061580
834.16601562500	70.661201997882	68.909863705104
835.16497802734	70.608577714655	69.086141215856
836.16400146484	70.557508084035	69.276413638185
837.16302490234	70.512817872834	69.477967683292
838.16198730469	70.476292358152	69.686593994059
839.16101074219	70.446825749055	69.899072077152
840.15997314453	70.421992968550	70.114466180906
841.15899658203	70.400094906074	70.334246999825
842.15802001953	70.381376889122	70.560780624187
843.15698242188	70.367844588513	70.795835020797
844.15600585938	70.362137817870	71.039754798056
845.15502929688	70.366523190694	71.291918082501
846.15399169922	70.382932289117	71.551675472843
847.15301513672	70.413712144927	71.818580504437
848.15197753906	70.462675997532	72.091450767013
849.15100097656	70.534520606906	72.366532418776
850.15002441406	70.632717538145	72.636391430259
851.14898681641	70.756592341504	72.890783603239
852.14801025391	70.899331930248	73.119816112565
853.14697265625	71.048920517226	73.318071450237
854.14599609375	71.191700504527	73.487523082784
855.14501953125	71.317418064000	73.637142076457
856.14398193359	71.422788775130	73.779426036675
857.14300537109	71.511817505701	73.925180510437
858.14202880859	71.592694125022	74.079700794474
859.14099121094	71.673116380045	74.242154529081
860.14001464844	71.756790277629	74.408203424403
861.13897705078	71.842979038613	74.573840229875
862.13800048828	71.928669053484	74.738203235339
863.13702392578	72.011816963364	74.903603140830
864.13598632813	72.093170983020	75.073450202635
865.13500976563	72.175830048968	75.249614841608
866.13397216797	72.263248544713	75.431629548641
867.13299560547	72.357273830350	75.617446847076
868.13201904297	72.458028602468	75.805425099124
869.13098144531	72.565515595286	75.995666210568
870.13000488281	72.681495874165	76.188904695630
871.12902832031	72.809869057511	76.384325192894
872.12799072266	72.954772909189	76.577428307793
873.12701416016	73.117207009389	76.760233839858
874.12597656250	73.292608385067	76.924171202358
875.12500000000	73.471188401820	77.064398596614
876.12402343750	73.641423752587	77.182717985083
877.12298583984	73.794916298368	77.287559740469
878.12200927734	73.929899727428	77.390260833255
879.12097167969	74.051334050831	77.500271946573
880.11999511719	74.167685993491	77.621654054188
881.11901855469	74.286726151598	77.752738297755
882.11798095703	74.412397129271	77.888854719337
883.11700439453	74.544842527466	78.025625659276
884.11602783203	74.682538881656	78.160977750476
885.11499023438	74.824634607030	78.294702389919
886.11401367188	74.971727184027	78.426438897408
887.11297607422	75.124493730294	78.554224181233
888.11199951172	75.281715209661	78.675018466184
889.11102294922	75.439512692366	78.787067360459
890.10998535156	75.592939482952	78.892009349778
891.10900878906	75.739249322640	78.995179434994
892.10797119141	75.880391179345	79.103194377149
893.10699462891	76.022977377456	79.219879304728
894.10601806641	76.175103726296	79.343606722252
895.10498046875	76.342177746063	79.467413285623
896.10400390625	76.523936397548	79.582423940628
897.10302734375	76.714938587221	79.682070931179
898.10198974609	76.907573191908	79.764697294809
899.10101318359	77.096132608091	79.833041761484
900.09997558594	77.278630812514	79.891103869882
901.09899902344	77.455801656362	79.941093897313
902.09802246094	77.628086617363	79.982392565921
903.09698486328	77.793229748752	80.013388867053
904.09600830078	77.946352495107	80.034657288423
905.09497070313	78.082710997230	80.050751860300
906.09399414063	78.201049081951	80.069219257821
907.09301757813	78.304869333766	80.097028239374
908.09197998047	78.400683498713	80.137472275267
909.09100341797	78.494410766164	80.189372285202
910.09002685547	78.588422488947	80.249215529296
911.08898925781	78.681568881660	80.315059227054
912.08801269531	78.772206619297	80.388701340709
913.08697509766	78.862011528434	80.474438342534
914.08599853516	78.957441296443	80.575243601626
915.08502197266	79.067210475141	80.688513656671
916.08398437500	79.197367700692	80.805455615194
917.08300781250	79.346789807652	80.914503651895
918.08197021484	79.506749228282	81.007386316247
919.08099365234	79.665263354709	81.083886145002
920.08001708984	79.813965524056	81.152117238617
921.07897949219	79.952994216933	81.223348299317
922.07800292969	80.090834719594	81.304925089921
923.07702636719	80.238735778487	81.395327580153
924.07598876953	80.403398503787	81.484862699069
925.07501220703	80.582494036489	81.561486891651
926.07397460938	80.765561528609	81.618078710522
927.07299804688	80.939942212123	81.656672760529
928.07202148438	81.097923740021	81.687144380991
929.07098388672	81.240414837153	81.721386525707
930.07000732422	81.375251839602	81.766942674617
931.06896972656	81.512043754131	81.824119410307
932.06799316406	81.656678605145	81.887934001845
933.06701660156	81.809874442367	81.952702771142
934.06597900391	81.969524685059	82.015745015484
935.06500244141	82.134578285218	82.077570941574
936.06402587891	82.307086205163	82.138690650659
937.06298828125	82.490812869981	82.196206407877
938.06201171875	82.686672074667	82.243148252097
939.06097412109	82.889929586532	82.271805298967
940.05999755859	83.090459263613	82.278970992250
941.05902099609	83.277732262079	82.269185342477
942.05798339844	83.446456387966	82.253144163837
943.05700683594	83.600135779857	82.242288606818
944.05603027344	83.748922039551	82.242121075800
945.05499267578	83.903426265873	82.249448987138
946.05401611328	84.068425311737	82.254759601323
947.05297851563	84.240353914454	82.248482646260
948.05200195313	84.410587352290	82.226766578955
949.05102539063	84.571068595067	82.192775281882
950.04998779297	84.719122971642	82.153118839190
951.04901123047	84.857683645430	82.112414427749
952.04797363281	84.990079142173	82.069787561821
953.04699707031	85.115662879652	82.021037190201
954.04602050781	85.227534903413	81.963971719262
955.04498291016	85.316435649433	81.903814164254
956.04400634766	85.377838661881	81.853650654052
957.04302978516	85.417217734546	81.828904968364
958.04199218750	85.449906465072	81.839350068711
959.04101562500	85.494599172450	81.883299010092
960.03997802734	85.564701095710	81.948269543703
961.03900146484	85.662570277249	82.017722935711
962.03802490234	85.780447969147	82.079529148878
963.03698730469	85.907024019788	82.131218173253
964.03601074219	86.035466476457	82.178667646740
965.03497314453	86.167418317947	82.229347797283
966.03399658203	86.310877651265	82.285479262449
967.03302001953	86.473614422194	82.340942780710
968.03198242188	86.656981218442	82.384630804572
969.03100585938	86.854269204185	82.406715782762
970.03002929688	87.054545107124	82.403808368524
971.02899169922	87.248391169209	82.379407986832
972.02801513672	87.431717258673	82.339857124609
973.02697753906	87.604708583020	82.289378924573
974.02600097656	87.767425618580	82.228581605004
975.02502441406	87.916348084797	82.157052300326
976.02398681641	88.044967264797	82.078644168715
977.02301025391	88.149019799735	82.003489388373
978.02197265625	88.232266543074	81.945134260656
979.02099609375	88.307928241891	81.912902583294
980.02001953125	88.393649861270	81.905416197872
981.01898193359	88.502187780278	81.909389334172
982.01800537109	88.634046252303	81.906182966387
983.01702880859	88.776670541417	81.882223079525
984.01599121094	88.911773949789	81.836957176596
985.01501464844	89.026488469884	81.783189012763
986.01397705078	89.121397705391	81.739104718422
987.01300048828	89.210095643039	81.716893657088
988.01202392578	89.310739553924	81.715475628780
989.01098632813	89.435454689712	81.721754802380
990.01000976563	89.583975295127	81.718855384599
991.00897216797	89.745663721288	81.695886586501
992.00799560547	89.907747264484	81.652734828023
993.00701904297	90.063714575251	81.596843517556
994.00598144531	90.215883830964	81.535008609619
995.00500488281	90.370625727996	81.466746399589
996.00402832031	90.530207075894	81.384027018847
997.00299072266	90.687645101040	81.277963146894
998.00201416016	90.828902737464	81.147087192480
999.00097656250	90.941179613298	81.001139118113
1000.0000000000	91.021376785227	80.856750441626
