#Parameters = {t=0.1; a=2000; R=8000; C=3e-15; ep_eff=6}
#"Frequency / GHz"	"Z1,1 [Real/Imaginary Part] [Re]"	"Z1,1 [Real/Imaginary Part] [Im]"
#-------------------------------------------------------------------------------------
1.0000000000000	0.00064782972930351	-1264.9072393313
1.9989999532700	0.54919537811245	-632.03735344269
2.9979999065399	0.64798729898791	-420.61381984328
3.9969999790192	0.67874836823758	-314.63059809818
4.9959998130798	0.68883125044282	-250.83560510681
5.9949998855591	0.68975156312623	-208.13766125523
6.9939999580383	0.68553779288520	-177.49582222968
7.9930000305176	0.67786778365811	-154.38892336066
8.9919996261597	0.66748766242821	-136.30481793716
9.9910001754761	0.65476641377766	-121.73603072360
10.989999771118	0.64001795202062	-109.72308108510
11.989000320435	0.62334785602949	-99.626159771252
12.987999916077	0.60486294073793	-91.002219283634
13.987000465393	0.58469618782531	-83.534620386526
14.986000061035	0.56295734519332	-76.991108966990
15.984999656677	0.53977494436055	-71.197333861932
16.983999252319	0.51532684450492	-66.019862736694
17.982999801636	0.48980071725796	-61.354859409721
18.982000350952	0.46342291755195	-57.120229412551
19.981000900269	0.43645233609892	-53.250256341804
20.979999542236	0.40920484305753	-49.691620348485
21.979000091553	0.38203349794460	-46.400681485674
22.978000640869	0.35531379511458	-43.341363254262
23.976999282837	0.32946709603189	-40.483538742544
24.975999832153	0.30494761841594	-37.801876077960
25.975000381470	0.28222681158029	-35.274987360731
26.974000930786	0.26181036914637	-32.884611104766
27.972999572754	0.24421571867940	-30.615144520549
28.972000122070	0.22996244361882	-28.453131027074
29.971000671387	0.21958500952804	-26.386985384579
30.969999313354	0.21359717520532	-24.406608260151
31.968999862671	0.21251467670757	-22.503244855822
32.967998504639	0.21681947372114	-20.669237469688
33.966999053955	0.22698773894466	-18.897904889911
34.965999603271	0.24344296234058	-17.183352698864
35.965000152588	0.26656671321933	-15.520404915583
36.964000701904	0.29670642507205	-13.904506616359
37.963001251221	0.33415387860561	-12.331620826146
38.962001800537	0.37912808221651	-10.798151914551
39.960998535156	0.43179342845805	-9.3009202683171
40.959999084473	0.49224590604149	-7.8370425508765
41.958999633789	0.56049660823668	-6.4039498645297
42.958000183105	0.63648425136598	-4.9992768775268
43.957000732422	0.72006903184945	-3.6208586768718
44.956001281738	0.81102198518012	-2.2666446542974
45.955001831055	0.90905433392977	-0.93470099520758
46.953998565674	1.0137941738575	0.37686125559685
47.952999114990	1.1248162132564	1.6699385928084
48.951999664307	1.2416575951438	2.9464283962173
49.951000213623	1.3638362387339	4.2083050974973
50.950000762939	1.4908801562549	5.4576433128540
51.949001312256	1.6223471266436	6.6966507913895
52.948001861572	1.7578953063201	7.9276713130249
53.946998596191	1.8973052676794	9.1532558357598
54.945999145508	2.0405328507458	10.376095371625
55.944999694824	2.1877583148050	11.599093728697
56.944000244141	2.3394443045421	12.825321193640
57.943000793457	2.4963993799015	14.058008603745
58.942001342773	2.6598093712288	15.300533600256
59.941001892090	2.8313037021712	16.556393910219
60.939998626709	3.0129953754257	17.829123386269
61.938999176025	3.2075507277140	19.122330284925
62.937999725342	3.4182017867305	20.439583766896
63.937000274658	3.6488225905244	21.784402287370
64.935997009277	3.9039591622847	23.160168544847
65.934997558594	4.1888928347577	24.570098259633
66.933998107910	4.5097099922332	26.017135904424
67.932998657227	4.8733491485055	27.503875152576
68.931999206543	5.2876933976251	29.032493903184
69.930999755859	5.7616522751658	30.604525817606
70.930000305176	6.3052576821078	32.220787826964
71.929000854492	6.9297384690737	33.881089150068
72.928001403809	7.6476364617809	35.583994526178
73.927001953125	8.4728170567292	37.326408590225
74.926002502441	9.4205261388507	39.103175486868
75.925003051758	10.507293735503	40.906509736673
76.924003601074	11.750741439135	42.725367793156
77.922996520996	13.169216405487	44.544633975860
78.921997070313	14.781170999988	46.344327987333
79.920997619629	16.604144282659	48.098731091987
80.919998168945	18.653388569333	49.775609216462
81.918998718262	20.939966736338	51.335737233244
82.917999267578	23.468304716687	52.732757678419
83.916999816895	26.233269100774	53.913997822222
84.916000366211	29.217151519300	54.822346170179
85.915000915527	32.386567914365	55.399360658479
86.914001464844	35.690685343820	55.590383252022
87.913002014160	39.060590687261	55.350309010757
88.912002563477	42.411724243892	54.650678922711
89.911003112793	45.648615285843	53.485608979064
90.910003662109	48.673071433045	51.876318286150
91.908996582031	51.393571695063	49.871749364685
92.907997131348	53.734988681100	47.545424831289
93.906997680664	55.646218769017	44.988381222778
94.905998229980	57.104271040905	42.299662746189
95.904998779297	58.114214746190	39.576268814401
96.903999328613	58.705182011981	36.904553539753
97.902999877930	58.924172157323	34.354362993428
98.902000427246	58.828728608175	31.976258294550
99.901000976563	58.480072001287	29.801609659735
100.90000152588	57.937654164364	27.844696556237
101.89900207520	57.255369983234	26.105932370186
102.89800262451	56.479249536805	24.575453346495
103.89700317383	55.646647006516	23.236490845325
104.89600372314	54.786173000905	22.068316781791
105.89499664307	53.918465150325	21.048557516075
106.89399719238	53.057053507808	20.154983291484
107.89299774170	52.209551370952	19.366758457984
108.89199829102	51.378699034047	18.665334123760
109.89099884033	50.563588158126	18.034983525527
110.88999938965	49.760581279085	17.463099653446
111.88899993896	48.964351728336	16.940297449742
112.88800048828	48.168670764996	16.460329592217
113.88700103760	47.367233003919	16.019880110604
114.88600158691	46.554250322507	15.618220902986
115.88500213623	45.725022586278	15.256771911764
116.88400268555	44.876272401550	14.938592708644
117.88300323486	44.006443758683	14.667825765034
118.88200378418	43.115731656920	14.449154070222
119.88099670410	42.206049619621	14.287268156819
120.87999725342	41.280860835246	14.186423956578
121.87899780273	40.344875705424	14.150061103402
122.87799835205	39.403785991466	14.180589743138
123.87699890137	38.463849598390	14.279200466748
124.87599945068	37.531590105870	14.445850431550
125.87500000000	36.613468180854	14.679289119019
126.87400054932	35.715620602748	14.977181708822
127.87300109863	34.843643804355	15.336249105849
128.87199401855	34.002449860965	15.752446882266
129.87100219727	33.196197839235	16.221185023486
130.86999511719	32.428193482944	16.737442510330
131.86900329590	31.700942606309	17.296021275987
132.86799621582	31.016112951106	17.891614333822
133.86700439453	30.374633056128	18.518993137854
134.86599731445	29.776708060611	19.173091582070
135.86500549316	29.221904031242	19.849103464335
136.86399841309	28.709217110418	20.542534923936
137.86300659180	28.237147637194	21.249319925621
138.86199951172	27.803762439600	21.965795900065
139.86099243164	27.406799569395	22.688813503824
140.86000061035	27.043723118560	23.415710740547
141.85899353027	26.711793027212	24.144339343392
142.85800170898	26.408194731669	24.873118478707
143.85699462891	26.130060757257	25.600984590110
144.85600280762	25.874603064003	26.327409152804
145.85499572754	25.639159311562	27.052352306029
146.85400390625	25.421270181673	27.776215133901
147.85299682617	25.218778648988	28.499851069632
148.85200500488	25.029837847063	29.224422948238
149.85099792480	24.853003330999	29.951385412640
150.85000610352	24.687229715756	30.682385126800
151.84899902344	24.531922939896	31.419236993528
152.84800720215	24.386902939484	32.163707408885
153.84700012207	24.252413736708	32.917596220507
154.84599304199	24.129093047022	33.682598206064
155.84500122070	24.017914140145	34.460154787373
156.84399414063	23.920183873829	35.251605987625
157.84300231934	23.837432190834	36.057951539238
158.84199523926	23.771357565849	36.879890716040
159.84100341797	23.723824512830	37.717900634742
160.83999633789	23.696740476669	38.572068236844
161.83900451660	23.692019389208	39.442243114803
162.83799743652	23.711542466057	40.327975394292
163.83700561523	23.757081571126	41.228548118841
164.83599853516	23.830287801063	42.143057357577
165.83500671387	23.932663513901	43.070415575889
166.83399963379	24.065497076469	44.009404197582
167.83299255371	24.229898888070	44.958733452804
168.83200073242	24.426759986379	45.917085246263
169.83099365234	24.656789086591	46.883205818327
170.83000183105	24.920514041998	47.855886401599
171.82899475098	25.218320233845	48.834070084091
172.82800292969	25.550497781958	49.816919035331
173.82699584961	25.917304077525	50.803765682102
174.82600402832	26.319041186424	51.794275267381
175.82499694824	26.756095772403	52.788320815995
176.82400512695	27.229071091070	53.786039729983
177.82299804688	27.738882826920	54.787883394413
178.82200622559	28.286841997835	55.794459753811
179.82099914551	28.874728612341	56.806530585685
180.82000732422	29.504922981812	57.824917429433
181.81900024414	30.180467480057	58.850442163836
182.81799316406	30.905153594348	59.883706359386
183.81700134277	31.683542062595	60.924985303421
184.81599426270	32.521048466866	61.974102909061
185.81500244141	33.423930967929	63.030176722302
186.81399536133	34.399255106912	64.091384095908
187.81300354004	35.454892891944	65.154850501588
188.81199645996	36.599410667085	66.216241762681
189.81100463867	37.841960769616	67.269652618230
190.80999755859	39.192044440229	68.307126908932
191.80900573730	40.659369511007	69.318600780859
192.80799865723	42.253380875740	70.291351446173
193.80700683594	43.982900434630	71.209944897450
194.80599975586	45.855551003652	72.055760451542
195.80499267578	47.877064426744	72.807035527632
196.80400085449	50.050389369345	73.438595884306
197.80299377441	52.374786786573	73.922101324926
198.80200195313	54.844652784856	74.226347553437
199.80099487305	57.448336290809	74.317964408083
200.80000305176	60.166999160860	74.162542661142
201.79899597168	62.973542315811	73.726120782364
202.79800415039	65.831938194926	72.977309754050
203.79699707031	68.697061060265	71.889763163456
204.79600524902	71.515198860049	70.444891043375
205.79499816895	74.225716664689	68.634794000153
206.79400634766	76.763445327488	66.464659086838
207.79299926758	79.062349808048	63.954563369476
208.79200744629	81.059624337938	61.140138420721
209.79100036621	82.700191902705	58.071652296313
210.78999328613	83.940875991831	54.811788521793
211.78900146484	84.753557883292	51.431856637537
212.78799438477	85.127073280974	48.007333948763
213.78700256348	85.067373402390	44.612883447001
214.78599548340	84.596156813725	41.317861311449
215.78500366211	83.748200346264	38.182635898208
216.78399658203	82.567914080991	35.256150767972
217.78300476074	81.105528433847	32.574728362510
218.78199768066	79.413572412305	30.162178611946
219.78100585938	77.543833753692	28.030777545422
220.77999877930	75.544988699443	26.182832390465
221.77900695801	73.461055633291	24.612640396194
222.77799987793	71.330482543647	23.308425966477
223.77699279785	69.185846593850	22.254203881609
224.77600097656	67.053949914404	21.431303518709
225.77499389648	64.956174660154	20.819729622697
226.77400207520	62.909098021643	20.399136143968
227.77299499512	60.925097312768	20.149565876556
228.77200317383	59.012989219418	20.051961813898
229.77099609375	57.178671054291	20.088494629632
230.77000427246	55.425645801276	20.242735116387
231.76899719238	53.755520251345	20.499734747609
232.76800537109	52.168431835444	20.846026425828
233.76699829102	50.663385444502	21.269571392873
234.76600646973	49.238529853289	21.759677930738
235.76499938965	47.891397844683	22.306903826790
236.76400756836	46.619097788899	22.902955919103
237.76300048828	45.418429632961	23.540570131919
238.76199340820	44.286039670394	24.213421394914
239.76100158691	43.218472365339	24.916034648344
240.75999450684	42.212256837716	25.643666998213
241.75900268555	41.263945154080	26.392243276797
242.75799560547	40.370174468004	27.158301413963
243.75700378418	39.527668435243	27.938899653105
244.75599670410	38.733277672962	28.731579096630
245.75500488281	37.983981754112	29.534291817717
246.75399780273	37.276923303027	30.345381387682
247.75300598145	36.609401773153	31.163516811022
248.75199890137	35.978892865385	31.987686189380
249.75100708008	35.383021265346	32.817114624835
250.75000000000	34.819615562039	33.651297813767
251.74899291992	34.286662471358	34.489899317367
252.74800109863	33.782351561408	35.332801437682
253.74699401855	33.305039370031	36.180026923597
254.74600219727	32.853260440796	37.031728365446
255.74499511719	32.425741769296	37.888180660533
256.74398803711	32.021368893543	38.749728490206
257.74301147461	31.639198897878	39.616816612929
258.74200439453	31.278473529070	40.489940772845
259.74099731445	30.938574294877	41.369618973877
260.73999023438	30.619038428616	42.256411788162
261.73901367188	30.319559532751	43.150891390689
262.73800659180	30.039964275821	44.053628231111
263.73699951172	29.780220476034	44.965187211035
264.73599243164	29.540398006444	45.886113803810
265.73498535156	29.320718998183	46.816946801039
266.73400878906	29.121491911748	47.758155454919
267.73300170898	28.943136276643	48.710233150885
268.73199462891	28.786193549420	49.673571952661
269.73098754883	28.651289495430	50.648554753846
270.73001098633	28.539130271135	51.635473954225
271.72900390625	28.450521681751	52.634632715886
272.72799682617	28.386384006270	53.646217260704
273.72698974609	28.347666474304	54.670351470873
274.72601318359	28.335447614188	55.707096075205
275.72500610352	28.350857478660	56.756451828587
276.72399902344	28.395093666118	57.818297935694
277.72299194336	28.469447925415	58.892466553612
278.72198486328	28.575250875039	59.978620574553
279.72100830078	28.713916011359	61.076410436061
280.72000122070	28.886861837402	62.185279602573
281.71899414063	29.095596307549	63.304594636968
282.71798706055	29.341630777575	64.433625732045
283.71701049805	29.626503850927	65.571470818208
284.71600341797	29.951781528251	66.717138102717
285.71499633789	30.318986941134	67.869441331202
286.71398925781	30.729700965986	69.027163952033
287.71301269531	31.185411298664	70.188877744007
288.71200561523	31.687644007632	71.353099004298
289.71099853516	32.237859837803	72.518233694817
290.70999145508	32.837512540261	73.682536853758
291.70901489258	33.488024067660	74.844257594691
292.70800781250	34.190779286046	76.001491684848
293.70700073242	34.947212413494	77.152316152588
294.70599365234	35.758761083865	78.294728486453
295.70498657227	36.626931182892	79.426637645942
296.70401000977	37.553284202277	80.545898467739
297.70300292969	38.539541709853	81.650194673393
298.70199584961	39.587575070086	82.737116292171
299.70098876953	40.699474356108	83.803999994981
300.70001220703	41.877510358118	84.847897836779
301.69900512695	43.124266778903	85.865482673964
302.69799804688	44.442544247521	86.852937287355
303.69699096680	45.835372553570	87.805800290675
304.69601440430	47.305968483308	88.718828940938
305.69500732422	48.857607590947	89.585791772696
306.69400024414	50.493546794229	90.399381528627
307.69299316406	52.216801890352	91.150998133594
308.69198608398	54.029822459501	91.830599635664
309.69100952148	55.934330105147	92.426603934969
310.69000244141	57.930775047102	92.925788669734
311.68899536133	60.017986110345	93.313357717814
312.68798828125	62.192594186707	93.573032381838
313.68701171875	64.448546374789	93.687239709971
314.68600463867	66.776482413441	93.637582494009
315.68499755859	69.163281742514	93.405436617062
316.68399047852	71.591536341121	92.972667725344
317.68301391602	74.039386834238	92.322648654690
318.68200683594	76.480351742724	91.441385219822
319.68099975586	78.883670893934	90.318770179505
320.67999267578	81.214950280873	88.949908471050
321.67898559570	83.437125692156	87.336158334493
322.67800903320	85.511909535628	85.486217285665
323.67700195313	87.401654289618	83.416615743869
324.67599487305	89.071116173447	81.151613815446
325.67498779297	90.489652711151	78.722886630651
326.67401123047	91.632892188276	76.168192300502
327.67300415039	92.484242077562	73.529854824403
328.67199707031	93.035724293419	70.852552919242
329.67098999023	93.288354816214	68.181293421803
330.67001342773	93.251646612236	65.559229582596
331.66900634766	92.942744567321	63.025764255603
332.66799926758	92.385033601376	60.615065737430
333.66699218750	91.606553190705	58.355180151044
334.66598510742	90.638221290850	56.267483050363
335.66500854492	89.512286769508	54.366761387390
336.66400146484	88.260907123987	52.661592991053
337.66299438477	86.914944222304	51.154975476981
338.66198730469	85.503122772268	49.845169632828
339.66101074219	84.051496743690	48.726604900323
340.66000366211	82.583078185329	47.790732280807
341.65899658203	81.117764272165	47.026840246317
342.65798950195	79.672349742280	46.422773538592
343.65701293945	78.260728651089	45.965539557169
344.65600585938	76.894094173262	45.641786582430
345.65499877930	75.581217019737	45.438153825187
346.65399169922	74.328781551987	45.341661221264
347.65301513672	73.141579190178	45.339751129085
348.65200805664	72.022865218220	45.420578785181
349.65100097656	70.974556005199	45.573020947586
350.64999389648	69.997477180690	45.786715539874
351.64898681641	69.091503357977	46.052092825342
352.64801025391	68.255819998267	46.360413012683
353.64700317383	67.488987932129	46.703645255411
354.64599609375	66.789122057876	47.074526485886
355.64498901367	66.153964517530	47.466456119440
356.64401245117	65.580979596759	47.873484237966
357.64300537109	65.067466412933	48.290251729758
358.64199829102	64.610539843498	48.711917008422
359.64099121094	64.207283109799	49.134151009479
360.64001464844	63.854702734935	49.553039826458
361.63900756836	63.549716228214	49.965039704261
362.63800048828	63.289365124882	50.366981070534
363.63699340820	63.070587480455	50.755950028374
364.63598632813	62.890353052499	51.129302728783
365.63500976563	62.745519631838	51.484614425956
366.63400268555	62.633073742466	51.819678530307
367.63299560547	62.549766257786	52.132452806058
368.63198852539	62.492402768801	52.421116977946
369.63101196289	62.457593547084	52.684028276920
370.63000488281	62.441867454332	52.919769752976
371.62899780273	62.441596050624	53.127178953423
372.62799072266	62.453034766170	53.305392086016
373.62701416016	62.472275656159	53.453871154110
374.62600708008	62.495299162112	53.572473833527
375.62500000000	62.518052609887	53.661476673245
376.62399291992	62.536419013763	53.721660583147
377.62298583984	62.546354445537	53.754308501604
378.62200927734	62.543923964462	53.761237110184
379.62100219727	62.525488351099	53.744828707664
380.61999511719	62.487571740029	53.707940044071
381.61898803711	62.427319302894	53.653982221041
382.61801147461	62.342223360871	53.586748529731
383.61700439453	62.230431719208	53.510381524275
384.61599731445	62.090792848944	53.429292604700
385.61499023438	61.922774688193	53.347992867144
386.61401367188	61.726645749548	53.271026214173
387.61300659180	61.503289794667	53.202778263469
388.61199951172	61.254364348885	53.147433280084
389.61099243164	60.982145107033	53.108797445037
390.60998535156	60.689418914540	53.090205603759
391.60900878906	60.379360200600	53.094448107069
392.60800170898	60.055736522836	53.123767921291
393.60699462891	59.722248513316	53.179709818106
394.60598754883	59.382938452821	53.263187138921
395.60501098633	59.041735851891	53.374440363618
396.60400390625	58.702610034853	53.513131470464
397.60299682617	58.369172651110	53.678260505167
398.60198974609	58.044944893086	53.868342143612
399.60101318359	57.732871591952	54.081375550087
400.60000610352	57.435727876787	54.314997094525
401.59899902344	57.155653622728	54.566479537827
402.59799194336	56.894395844996	54.832876499422
403.59698486328	56.653137629956	55.111047461673
404.59600830078	56.432547659135	55.397813931864
405.59500122070	56.232808379335	55.689964529536
406.59399414063	56.053585490016	55.984426728502
407.59298706055	55.894045835855	56.278212377266
408.59201049805	55.752963285217	56.568625905198
409.59100341797	55.628712716540	56.853239054870
410.58999633789	55.519348236875	57.129968035477
411.58898925781	55.422653420642	57.397133137280
412.58801269531	55.336272252980	57.653466740088
413.58700561523	55.257665555691	57.898097274503
414.58599853516	55.184343877139	58.130661739701
415.58499145508	55.113802937321	58.351149297792
416.58401489258	55.043714647129	58.559998501306
417.58300781250	54.971870270461	58.757965926024
418.58200073242	54.896347035917	58.946161031332
419.58099365234	54.815453204695	59.125873865981
420.57998657227	54.727825941719	59.298657206077
421.57901000977	54.632395430857	59.466145927078
422.57800292969	54.528445072082	59.630049833323
423.57699584961	54.415510041586	59.792061186747
424.57598876953	54.293417489674	59.953847956499
425.57501220703	54.162272970020	60.116974117192
426.57400512695	54.022329658620	60.282883216385
427.57299804688	53.874071504089	60.452872533875
428.57199096680	53.718035572156	60.628053962979
429.57101440430	53.554902712493	60.809419055441
430.57000732422	53.385348240333	60.997768315175
431.56900024414	53.210088138211	61.193811097313
432.56799316406	53.029822139717	61.398116251841
433.56698608398	52.845217756551	61.611152625873
434.56600952148	52.656897267480	61.833317380710
435.56500244141	52.465457453685	62.064999503038
436.56399536133	52.271459269524	62.306523491917
437.56298828125	52.075449326865	62.558255085931
438.56201171875	51.877949077016	62.820525906297
439.56100463867	51.679493687216	63.093720419622
440.55999755859	51.480644452057	63.378228316849
441.55899047852	51.282051571714	63.674459393785
442.55801391602	51.084374548969	63.982810119527
443.55700683594	50.888394808909	64.303703410519
444.55599975586	50.694951725299	64.637516094576
445.55499267578	50.505008233255	64.984545492676
446.55398559570	50.319594862891	65.345047178669
447.55300903320	50.139851290061	65.719185853022
448.55200195313	49.966966984599	66.106961867021
449.55099487305	49.802210581837	66.508293711827
450.54998779297	49.646866647900	66.922892516935
451.54901123047	49.502239446440	67.350343264088
452.54800415039	49.369594458558	67.790046728130
453.54699707031	49.250195356790	68.241231906396
454.54598999023	49.145158476111	68.702939762396
455.54501342773	49.055564786421	69.174088692536
456.54400634766	48.982298079826	69.653433622836
457.54299926758	48.926146815688	70.139640971500
458.54199218750	48.887675425943	70.631261081074
459.54098510742	48.867291816034	71.126762501706
460.54000854492	48.865183631152	71.624631407393
461.53900146484	48.881344509013	72.123337626215
462.53799438477	48.915600803970	72.621391456798
463.53698730469	48.967551280328	73.117359908143
464.53601074219	49.036653502652	73.609908933310
465.53500366211	49.122226099057	74.097853349411
466.53399658203	49.223467634142	74.580090354837
467.53298950195	49.339467025520	75.055795475574
468.53201293945	49.469291461126	75.524160431730
469.53100585938	49.611994763293	75.984693055862
470.52999877930	49.766611619007	76.436941211227
471.52899169922	49.932249534426	76.880672742003
472.52801513672	50.108096469843	77.315741576853
473.52700805664	50.293421267781	77.742114945670
474.52600097656	50.487606694713	78.159833110082
475.52499389648	50.690130900588	78.568991256386
476.52398681641	50.900624998575	78.969620245661
477.52301025391	51.118789155426	79.361837137215
478.52200317383	51.344422733145	79.745567822219
479.52099609375	51.577421894036	80.120786104810
480.51998901367	51.817659759297	80.487283035316
481.51901245117	52.065066673392	80.844798486418
482.51800537109	52.319515172951	81.192943598449
483.51699829102	52.580840805582	81.531223221425
484.51599121094	52.848753585570	81.859111359949
485.51501464844	53.122902555939	82.175933591333
486.51400756836	53.402726559797	82.481084184467
487.51300048828	53.687572592574	82.773919632847
488.51199340820	53.976603227087	83.053817336742
489.51098632813	54.268822896300	83.320246990827
490.51000976563	54.563134680773	83.572876723740
491.50900268555	54.858303293669	83.811402018075
492.50799560547	55.152995207695	84.035760754458
493.50698852539	55.445852518518	84.246125415497
494.50601196289	55.735539566229	84.442833889379
495.50500488281	56.020706464249	84.626488232745
496.50399780273	56.300124420880	84.797869331957
497.50299072266	56.572703370249	84.957937734611
498.50201416016	56.837499602275	85.107864300597
499.50100708008	57.093817403486	85.248872879805
500.50000000000	57.341109231404	85.382372095119
501.49899291992	57.579127989515	85.509719432235
502.49798583984	57.807836702780	85.632325776879
503.49700927734	58.027428906900	85.751474647838
504.49600219727	58.238293308317	85.868378522601
505.49499511719	58.441020341023	85.984145006991
506.49398803711	58.636327498733	86.099673672116
507.49301147461	58.825041381555	86.215650086617
508.49200439453	59.008021488247	86.332595472810
509.49099731445	59.186147440161	86.450813574493
510.48999023438	59.360266049329	86.570393928426
511.48901367188	59.531174759320	86.691296303018
512.48797607422	59.699513834455	86.813278480645
513.48699951172	59.865782193566	86.935997518819
514.48602294922	60.030381575852	87.059051903868
515.48498535156	60.193471154484	87.181960547861
516.48400878906	60.355096567239	87.304312446065
517.48297119141	60.515132268020	87.425659515408
518.48199462891	60.673305184426	87.545729637640
519.48101806641	60.829229377813	87.664273899569
520.47998046875	60.982435319011	87.781274416394
521.47900390625	61.132426344737	87.896774122427
522.47802734375	61.278714500662	88.011029309941
523.47698974609	61.420817089438	88.124469908590
524.47601318359	61.558329982857	88.237591162199
525.47497558594	61.691001253329	88.351129417825
526.47399902344	61.818656944251	88.465796231543
527.47302246094	61.941324996988	88.582429483298
528.47198486328	62.059182629677	88.701869933057
529.47100830078	62.172573541653	88.824976234425
530.46997070313	62.282031191465	88.952532265939
531.46899414063	62.388209575051	89.085213157327
532.46801757813	62.491897672134	89.223587991504
533.46697998047	62.594006138325	89.368110425016
534.46600341797	62.695472088312	89.519001597988
535.46502685547	62.797281833830	89.676395703357
536.46398925781	62.900430861175	89.840215652200
537.46301269531	63.005813052603	90.010209551068
538.46197509766	63.114320248579	90.186047102582
539.46099853516	63.226681162024	90.367169485064
540.46002197266	63.343534711142	90.553025719522
541.45898437500	63.465369553288	90.742949969881
542.45800781250	63.592510023327	90.936245521475
543.45697021484	63.725160049346	91.132243958185
544.45599365234	63.863426632275	91.330331306956
545.45501708984	64.007210853474	91.529906413464
546.45397949219	64.156396021927	91.730507720429
547.45300292969	64.310781219685	91.931757367330
548.45202636719	64.470120888983	92.133432062461
549.45098876953	64.634196965028	92.335409805577
550.45001220703	64.802847414153	92.537712000166
551.44897460938	64.975920534910	92.740416428291
552.44799804688	65.153431778932	92.943704633965
553.44702148438	65.335472179196	93.147831107008
554.44598388672	65.522292688036	93.353073453251
555.44500732422	65.714285117819	93.559630085416
556.44396972656	65.911969430920	93.767703760316
557.44299316406	66.116008188647	93.977397426616
558.44201660156	66.327180615555	94.188670906691
559.44097900391	66.546328020394	94.401357067106
560.44000244141	66.774377102565	94.615064865891
561.43902587891	67.012238445979	94.829237558562
562.43798828125	67.260805616260	95.043176106378
563.43701171875	67.520909144264	95.255884184757
564.43597412109	67.793253668888	95.466234093735
565.43499755859	68.078415671778	95.672968969359
566.43402099609	68.376753823351	95.874596326390
567.43298339844	68.688489086120	96.069625788456
568.43200683594	69.013546555711	96.256422638799
569.43103027344	69.351637769414	96.433436248943
570.42999267578	69.702248726149	96.599016784304
571.42901611328	70.064632004176	96.751654090609
572.42797851563	70.437811538627	96.889974494947
573.42700195313	70.820637172689	97.012661586671
574.42602539063	71.211826965085	97.118709388722
575.42498779297	71.609956653693	97.207162684963
576.42401123047	72.013572364708	97.277402117358
577.42297363281	72.421133316205	97.328923038921
578.42199707031	72.831167218965	97.361456615661
579.42102050781	73.242263699248	97.374889220745
580.41998291016	73.653036540862	97.369338213725
581.41900634766	74.062251709123	97.344967937346
582.41802978516	74.468761360395	97.302007052881
583.41699218750	74.871621251975	97.240797485782
584.41601562500	75.269835983636	97.161643762244
585.41497802734	75.662691562542	97.064866465126
586.41400146484	76.049376449272	96.950696289635
587.41302490234	76.429240091410	96.819282535602
588.41198730469	76.801550218863	96.670771376733
589.41101074219	77.165543785545	96.505151425211
590.40997314453	77.520399940129	96.322417938689
591.40899658203	77.865191349424	96.122541248859
592.40802001953	78.198816655906	95.905457418156
593.40698242188	78.520048149222	95.671154060126
594.40600585938	78.827507361269	95.419770688373
595.40502929688	79.119652135343	95.151545242908
596.40399169922	79.394852479201	94.866917054632
597.40301513672	79.651327713207	94.566584565303
598.40197753906	79.887340767170	94.251553533558
599.40100097656	80.101120377568	93.923034619885
600.40002441406	80.290970469290	93.582617878706
601.39898681641	80.455379380054	93.232168179612
602.39801025391	80.593044415420	92.873881961402
603.39697265625	80.702894726250	92.510107046827
604.39599609375	80.784220373911	92.143478438764
605.39501953125	80.836691916693	91.776724082033
606.39398193359	80.860341681555	91.412653619931
607.39300537109	80.855642380573	91.054046943865
608.39202880859	80.823446390773	90.703618332086
609.39099121094	80.764996485683	90.363900528888
610.39001464844	80.681908070179	90.037214921677
611.38897705078	80.576005823540	89.725580784442
612.38800048828	80.449448020271	89.430728737256
613.38702392578	80.304517149832	89.153956887785
614.38598632813	80.143601089766	88.896247527224
615.38500976563	79.969108108978	88.658164549435
616.38397216797	79.783404764350	88.439865099730
617.38299560547	79.588758069627	88.241252911705
618.38201904297	79.387250412563	88.061810901953
619.38098144531	79.180785965866	87.900839551350
620.38000488281	78.971000470551	87.757361594773
621.37902832031	78.759239183086	87.630312226090
622.37799072266	78.546594495735	87.518422131705
623.37701416016	78.333848890485	87.420470645595
624.37597656250	78.121530407077	87.335211939990
625.37500000000	77.909908508820	87.261485984499
626.37402343750	77.699001758030	87.198222662831
627.37298583984	77.488692621312	87.144487391002
628.37200927734	77.278682607947	87.099572320981
629.37097167969	77.068563840660	87.062858651442
630.36999511719	76.857912204483	87.034013157617
631.36901855469	76.646281524332	87.012834951692
632.36798095703	76.433252769202	86.999324385329
633.36700439453	76.218499837527	86.993602193314
634.36602783203	76.001752384124	86.995973996854
635.36499023438	75.782934140561	87.006748657697
636.36401367188	75.562009603291	87.026333472710
637.36297607422	75.339130097705	87.055193263809
638.36199951172	75.114573615214	87.093717910635
639.36102294922	74.888740989365	87.142277582867
640.35998535156	74.662084253950	87.201133191647
641.35900878906	74.435181237312	87.270521954156
642.35797119141	74.208602308083	87.350576245168
643.35699462891	73.982981314346	87.441213383855
644.35601806641	73.758935657041	87.542357314914
645.35498046875	73.536984472503	87.653765155145
646.35400390625	73.317593117839	87.775165368895
647.35302734375	73.101206727104	87.906203315674
648.35198974609	72.888257380439	88.046540718761
649.35101318359	72.678824628284	88.195740069160
650.34997558594	72.473097434463	88.353408033797
651.34899902344	72.271076892874	88.519251270229
652.34802246094	72.072786876350	88.692975443383
653.34698486328	71.878165627635	88.874412775387
654.34600830078	71.687137498683	89.063482366978
655.34497070313	71.499558587678	89.260156435273
656.34399414063	71.315337594110	89.464577168109
657.34301757813	71.134568182207	89.676945185788
658.34197998047	70.957211231331	89.897505269224
659.34100341797	70.783394818013	90.126581917659
660.34002685547	70.613673445297	90.364654670212
661.33898925781	70.448183659882	90.611940610681
662.33801269531	70.287614218763	90.868858708612
663.33697509766	70.132605856071	91.135716577826
664.33599853516	69.983926674074	91.412620537151
665.33502197266	69.842623277431	91.699755279057
666.33398437500	69.709415622702	91.996961562331
667.33300781250	69.585440723302	92.304069404002
668.33197021484	69.471770531044	92.620736474211
669.33099365234	69.369311498932	92.946359153124
670.33001708984	69.278959956603	93.280211733393
671.32897949219	69.201709310664	93.621460386095
672.32800292969	69.138282697935	93.969109778319
673.32702636719	69.089250429789	94.322064562747
674.32598876953	69.055017186757	94.679125116074
675.32501220703	69.035896734353	95.038998168396
676.32397460938	69.031930351442	95.400466051407
677.32299804688	69.043068560316	95.762331393234
678.32202148438	69.069065318958	96.123371320152
679.32098388672	69.109460584919	96.482577871558
680.32000732422	69.163757167686	96.838917044733
681.31896972656	69.231357254160	97.191627844662
682.31799316406	69.311518621922	97.539980179779
683.31701660156	69.403615480873	97.883517844384
684.31597900391	69.506952582356	98.221804191386
685.31500244141	69.620867804489	98.554664701227
686.31402587891	69.744864028905	98.881984610893
687.31298828125	69.878498053986	99.203697868998
688.31201171875	70.021472504903	99.519846037530
689.31097412109	70.173653757819	99.830431642893
690.30999755859	70.334984863313	100.13545101911
691.30902099609	70.505590058032	100.43484646408
692.30798339844	70.685670875298	100.72840650931
693.30700683594	70.875501409315	101.01576445278
694.30603027344	71.075371964617	101.29640577014
695.30499267578	71.285579639485	101.56965132612
696.30401611328	71.506329377749	101.83461019402
697.30297851563	71.737734164339	102.09018922241
698.30200195313	71.979686334591	102.33520250116
699.30102539063	72.231929658342	102.56824743398
700.29998779297	72.493860618156	102.78792051256
701.29901123047	72.764651007182	102.99273328154
702.29797363281	73.043151758983	103.18131621876
703.29699707031	73.327914410341	103.35237280781
704.29602050781	73.617164379419	103.50475246843
705.29498291016	73.908888488136	103.63758495312
706.29400634766	74.200822451090	103.75027802418
707.29302978516	74.490589265341	103.84267887832
708.29199218750	74.775673819267	103.91496463555
709.29101562500	75.053586936352	103.96781499194
710.28997802734	75.321906228153	104.00223883222
711.28900146484	75.578408590875	104.01979709014
712.28802490234	75.821094006470	104.02236159899
713.28698730469	76.048291651034	104.01214313171
714.28601074219	76.258808597271	103.99164357139
715.28497314453	76.451811356398	103.96349425243
716.28399658203	76.627012426829	103.93046017767
717.28302001953	76.784560833948	103.89535496607
718.28198242188	76.925123249260	103.86070535708
719.28100585938	77.049829655341	103.82909643900
720.28002929688	77.160144040144	103.80258630544
721.27899169922	77.257951180599	103.78307620573
722.27801513672	77.345317581431	103.77196357611
723.27697753906	77.424514038058	103.77023483968
724.27600097656	77.497867632188	103.77848007469
725.27502441406	77.567733210565	103.79668631033
726.27398681641	77.636356394192	103.82461263652
727.27301025391	77.705793854134	103.86144564666
728.27197265625	77.777870280085	103.90610480332
729.27099609375	77.854131636764	103.95725165581
730.27001953125	77.935752865863	104.01324129893
731.26898193359	78.023578682126	104.07235957103
732.26800537109	78.118051879258	104.13280282843
733.26702880859	78.219225862554	104.19278931526
734.26599121094	78.326857677653	104.25062154887
735.26501464844	78.440347673378	104.30473190789
736.26397705078	78.558857340167	104.35382547923
737.26300048828	78.681314455989	104.39668070269
738.26202392578	78.806531630945	104.43264511604
739.26098632813	78.933214771600	104.46108559752
740.26000976563	79.060061752148	104.48173862027
741.25897216797	79.185844606255	104.49469675550
742.25799560547	79.309438650128	104.50022047215
743.25701904297	79.429821330975	104.49872305782
744.25598144531	79.546261418702	104.49081516038
745.25500488281	79.658123621027	104.47724601830
746.25402832031	79.765088072889	104.45873709574
747.25299072266	79.866927634130	104.43596134841
748.25201416016	79.963693315530	104.40953510513
749.25097656250	80.055525326527	104.38004109246
750.25000000000	80.142679049705	104.34780080392
751.24902343750	80.225448507002	104.31299182323
752.24798583984	80.304189050499	104.27567590862
753.24700927734	80.379138832710	104.23565127237
754.24597167969	80.450451624310	104.19271741811
755.24499511719	80.518133136443	104.14643443958
756.24401855469	80.582079689138	104.09633606688
757.24298095703	80.641937177017	104.04191159149
758.24200439453	80.697190480031	103.98277437455
759.24102783203	80.747131093076	103.91848299879
760.23999023438	80.790832892728	103.84880432900
761.23901367188	80.827311008127	103.77372933196
762.23797607422	80.855485471072	103.69334575289
763.23699951172	80.874175023893	103.60813025315
764.23602294922	80.882273066046	103.51866782717
765.23498535156	80.878714537267	103.42586295994
766.23400878906	80.862604076595	103.33082166316
767.23297119141	80.833184237281	103.23488986307
768.23199462891	80.789957383967	103.13951829430
769.23101806641	80.732699487328	103.04632299928
770.22998046875	80.661435322027	102.95688317631
771.22900390625	80.576441956101	102.87283901672
772.22802734375	80.478357974109	102.79569317846
773.22698974609	80.368013562859	102.72693513141
774.22601318359	80.246488812087	102.66770615237
775.22497558594	80.114999993575	102.61904851151
776.22399902344	79.974914082012	102.58173601439
777.22302246094	79.827648431162	102.55621831772
778.22198486328	79.674617350521	102.54278944003
779.22100830078	79.517211991354	102.54136228069
780.21997070313	79.356704184310	102.55176368714
781.21899414063	79.194210397473	102.57342872309
782.21801757813	79.030665364420	102.60584323063
783.21697998047	78.866767619840	102.64822405530
784.21600341797	78.703064045930	102.69983261881
785.21502685547	78.539799193706	102.75995821433
786.21398925781	78.377110806305	102.82785525999
787.21301269531	78.214843496913	102.90289933880
788.21197509766	78.052773633811	102.98466596516
789.21099853516	77.890527971296	103.07286366120
790.21002197266	77.727727869221	103.16743177538
791.20898437500	77.563919618161	103.26845495400
792.20800781250	77.398787760927	103.37624742147
793.20697021484	77.232075153052	103.49122205701
794.20599365234	77.063649838907	103.61410559576
795.20501708984	76.893590290880	103.74557791098
796.20397949219	76.722195679449	103.88645259537
797.20300292969	76.549937907546	104.03749347006
798.20202636719	76.377542916211	104.19941860698
799.20098876953	76.205962226303	104.37292712238
800.20001220703	76.036289518173	104.55847598432
801.19897460938	75.869795148925	104.75635988677
802.19799804688	75.707817828718	104.96658988283
803.19702148438	75.551787981433	105.18899018611
804.19598388672	75.403132975470	105.42313664422
805.19500732422	75.263159949262	105.66824771757
806.19396972656	75.133109314041	105.92340060909
807.19299316406	75.014033494930	106.18735377181
808.19201660156	74.906749573621	106.45876002730
809.19097900391	74.811855075387	106.73609191392
810.19000244141	74.729612054021	107.01776594143
811.18902587891	74.660024213582	107.30217062632
812.18798828125	74.602802648018	107.58777829162
813.18701171875	74.557374966508	107.87307150179
814.18597412109	74.522878673266	108.15681601148
815.18499755859	74.498284624217	108.43789261463
816.18402099609	74.482381777718	108.71552743267
817.18298339844	74.473824806587	108.98922044511
818.18200683594	74.471322288178	109.25872238504
819.18103027344	74.473540158369	109.52415046016
820.17999267578	74.479257306630	109.78589003756
821.17901611328	74.487518871371	110.04458076938
822.17797851563	74.497421941053	110.30106613392
823.17700195313	74.508474850898	110.55642032466
824.17602539063	74.520410441964	110.81169422673
825.17498779297	74.533285364530	111.06795688027
826.17401123047	74.547451522650	111.32638669576
827.17297363281	74.563599092436	111.58788592093
828.17199707031	74.582538209944	111.85317321005
829.17102050781	74.605424576761	112.12281027940
830.16998291016	74.633436252992	112.39703580725
831.16900634766	74.667900631719	112.67571564850
832.16802978516	74.710093111418	112.95854667355
833.16699218750	74.761192866404	113.24483676214
834.16601562500	74.822296638132	113.53351338419
835.16497802734	74.894204595048	113.82344351693
836.16400146484	74.977544717972	114.11314194373
837.16302490234	75.072544276460	114.40109220273
838.16198730469	75.179149169337	114.68571247299
839.16101074219	75.296962216019	114.96540778676
840.15997314453	75.425241204162	115.23873983990
841.15899658203	75.562967427158	115.50442115791
842.15802001953	75.708833581327	115.76136993340
843.15698242188	75.861419993453	116.00892660967
844.15600585938	76.019104528500	116.24667615255
845.15502929688	76.180294467331	116.47454047200
846.15399169922	76.343411323523	116.69292881077
847.15301513672	76.507087209416	116.90253641594
848.15197753906	76.670141124847	117.10433479771
849.15100097656	76.831680374000	117.29956891560
850.15002441406	76.991220525518	117.48962723834
851.14898681641	77.148610392460	117.67603220948
852.14801025391	77.304145691913	117.86021754410
853.14697265625	77.458514151696	118.04354974321
854.14599609375	77.612761555717	118.22716750667
855.14501953125	77.768240061356	118.41194702205
856.14398193359	77.926544935042	118.59832207944
857.14300537109	78.089449171845	118.78632002518
858.14202880859	78.258711235339	118.97562562521
859.14099121094	78.436124394614	119.16524152808
860.14001464844	78.623272792513	119.35388174617
861.13897705078	78.821467540905	119.53976674961
862.13800048828	79.031710958805	119.72081956179
863.13702392578	79.254483257405	119.89450726281
864.13598632813	79.489794768061	120.05831231180
865.13500976563	79.737118699844	120.20949421575
866.13397216797	79.995351353629	120.34548430403
867.13299560547	80.262795048523	120.46372431802
868.13201904297	80.537279268654	120.56205994966
869.13098144531	80.816139316499	120.63870040759
870.13000488281	81.096360452350	120.69231714544
871.12902832031	81.374620040918	120.72232382630
872.12799072266	81.647512984121	120.72843757543
873.12701416016	81.911617736489	120.71133435453
874.12597656250	82.163683911651	120.67220603520
875.12500000000	82.400688518645	120.61277899670
876.12402343750	82.620045036949	120.53531415267
877.12298583984	82.819574344732	120.44252786762
878.12200927734	82.997790443032	120.33742029443
879.12097167969	83.153727462159	120.22308624015
880.11999511719	83.287037730834	120.10269152351
881.11901855469	83.397967514769	119.97932657404
882.11798095703	83.487327651917	119.85576560068
883.11700439453	83.556315613295	119.73449542725
884.11602783203	83.606564113920	119.61753064025
885.11499023438	83.639859572264	119.50648017822
886.11401367188	83.658183854951	119.40238882293
887.11297607422	83.663465639914	119.30590231850
888.11199951172	83.657514464366	119.21706694921
889.11102294922	83.641950502114	119.13566938529
890.10998535156	83.618091761302	119.06109977634
891.10900878906	83.586862797382	118.99255848471
892.10797119141	83.548805943077	118.92905773944
893.10699462891	83.504081359487	118.86965404967
894.10601806641	83.452452698553	118.81346996392
895.10498046875	83.393312206417	118.75980640531
896.10400390625	83.325811102722	118.70833732358
897.10302734375	83.248874959904	118.65889578625
898.10198974609	83.161361468853	118.61191218339
899.10101318359	83.062134375119	118.56805816497
900.09997558594	82.950165072854	118.52838414547
901.09899902344	82.824648966085	118.49443473186
902.09802246094	82.685058729180	118.46791472175
903.09698486328	82.531296768420	118.45082081627
904.09600830078	82.363644866515	118.44514205120
905.09497070313	82.182852606360	118.45303988726
906.09399414063	81.990130339117	118.47643574935
907.09301757813	81.787063350369	118.51706492813
908.09197998047	81.575627583513	118.57650183514
909.09100341797	81.358056770402	118.65573292910
910.09002685547	81.136825845745	118.75543385444
911.08898925781	80.914464111520	118.87575539766
912.08801269531	80.693483060530	119.01635893208
913.08697509766	80.476317048556	119.17646651202
914.08599853516	80.265112775798	119.35477153435
915.08502197266	80.061677910821	119.54964733358
916.08398437500	79.867468971742	119.75919905562
917.08300781250	79.683474177274	119.98119071918
918.08197021484	79.510102706523	120.21343442567
919.08099365234	79.347333378374	120.45363551527
920.08001708984	79.194565582506	120.69978366710
921.07897949219	79.050785954166	120.94994292370
922.07800292969	78.914546087642	121.20271150561
923.07702636719	78.784044706223	121.45691086572
924.07598876953	78.657547968844	121.71219363010
925.07501220703	78.532671903617	121.96831714553
926.07397460938	78.407641814509	122.22606583849
927.07299804688	78.280699146445	122.48650418087
928.07202148438	78.150169548065	122.75114415420
929.07098388672	78.015127765211	123.02207200909
930.07000732422	77.874945230182	123.30162162440
931.06896972656	77.729612048617	123.59229479215
932.06799316406	77.579807233776	123.89667753096
933.06701660156	77.426703318447	124.21721511987
934.06597900391	77.272186677239	124.55620104017
935.06500244141	77.118355549665	124.91538793494
936.06402587891	76.968488152349	125.29645562697
937.06298828125	76.825148623003	125.69999532080
938.06201171875	76.692147791641	126.12650894823
939.06097412109	76.572610648522	126.57540857824
940.05999755859	76.470024489405	127.04570150352
941.05902099609	76.387269219539	127.53553899331
942.05798339844	76.327457890247	128.04282997454
943.05700683594	76.292640679322	128.56455057900
944.05603027344	76.284541556152	129.09746503415
945.05499267578	76.304416597154	129.63821424835
946.05401611328	76.352356819810	130.18293620559
947.05297851563	76.428253769989	130.72825952546
948.05200195313	76.531044550052	131.27068204903
949.05102539063	76.658817327750	131.80705091827
950.04998779297	76.809310925278	132.33482224452
951.04901123047	76.979766054696	132.85205087566
952.04797363281	77.167098115387	133.35741640579
953.04699707031	77.368035614988	133.85051742007
954.04602050781	77.579477034148	134.33161497371
955.04498291016	77.798427969426	134.80186221866
956.04400634766	78.022414224148	135.26294349572
957.04302978516	78.249476543689	135.71742815265
958.04199218750	78.478414950306	136.16801758010
959.04101562500	78.708810503388	136.61791196924
960.03997802734	78.941195826330	137.07024570384
961.03900146484	79.176871118863	137.52805789113
962.03802490234	79.417962169601	137.99406314857
963.03698730469	79.667448119827	138.47045702336
964.03601074219	79.928841402678	138.95864850873
965.03497314453	80.206047698678	139.45927503475
966.03399658203	80.503300120178	139.97204474302
967.03302001953	80.824831956967	140.49568233081
968.03198242188	81.174673726674	141.02796434097
969.03100585938	81.556502751116	141.56564310715
970.03002929688	81.973297353797	142.10473157454
971.02899169922	82.427323537986	142.64043872500
972.02801513672	82.919820797453	143.16751499905
973.02697753906	83.450973895245	143.68050203940
974.02600097656	84.019863088274	144.17358322422
975.02502441406	84.624295019174	144.64152500068
976.02398681641	85.261169911846	145.07922983448
977.02301025391	85.926162066628	145.48257598258
978.02197265625	86.614344168559	145.84824720639
979.02099609375	87.320092633101	146.17410234282
980.02001953125	88.037464529475	146.45937150518
981.01898193359	88.760688548202	146.70443940718
982.01800537109	89.484211974577	146.91109135007
983.01702880859	90.203137244903	147.08230787427
984.01599121094	90.913611088022	147.22195411673
985.01501464844	91.612838682205	147.33482373757
986.01397705078	92.299441488840	147.42601444334
987.01300048828	92.973434357388	147.50078890640
988.01202392578	93.636251053785	147.56408105518
989.01098632813	94.290645979796	147.62021696623
990.01000976563	94.940480120833	147.67270980336
991.00897216797	95.590565057598	147.72372638432
992.00799560547	96.246292246775	147.77413571911
993.00701904297	96.913284002623	147.82325806141
994.00598144531	97.597029832513	147.86887346471
995.00500488281	98.302577549144	147.90713134308
996.00402832031	99.034068058145	147.93285660805
997.00299072266	99.794507051889	147.93966118227
998.00201416016	100.58532819654	147.92020256140
999.00097656250	101.40635859200	147.86656629926
1000.0000000000	102.25554649410	147.77062429563
